nws-json/gfs.t18z.pgrb2.1p00.f000.json
{"header": { "discipline":0, "disciplineName":"Meteorological products", "gribEdition":2, "gribLength":79910, "center":7, "centerName":"US National Weather Service - NCEP(WMC)", "subcenter":0, "refTime":"2019-10-26T18:00:00.000Z", "significanceOfRT":1, "significanceOfRTName":"Start of forecast", "productStatus":0, "productStatusName":"Operational products", "productType":1, "productTypeName":"Forecast products", "productDefinitionTemplate":0, "productDefinitionTemplateName":"Analysis/forecast at horizontal level/layer at a point in time", "parameterCategory":2, "parameterCategoryName":"Momentum", "parameterNumber":3, "parameterNumberName":"V-component_of_wind", "parameterUnit":"m.s-1", "genProcessType":2, "genProcessTypeName":"Forecast", "forecastTime":0, "surface1Type":100, "surface1TypeName":"Isobaric surface", "surface1Value":100000.0, "surface2Type":255, "surface2TypeName":"Missing", "surface2Value":0.0, "gridDefinitionTemplate":0, "gridDefinitionTemplateName":"Latitude_Longitude", "numberPoints":65160, "shape":6, "shapeName":"Earth spherical with radius of 6,371,229.0 m", "gridUnits":"degrees", "resolution":48, "winds":"true", "scanMode":0, "nx":360, "ny":181, "basicAngle":0, "lo1":0.0, "la1":90.0, "lo2":359.0, "la2":-90.0, "dx":1.0, "dy":1.0 }, "data":
[rows 26 to 51 of 181, columns 58 to 115 of 360]
2.2910595,1.2910596,-0.37894043,-0.36894044,-0.008940429,0.22105958,0.35105956,2.3310595,4.6610594,3.2210596,3.2510595,4.4110594,7.6310596,12.321059,12.92106,13.10106,12.2910595,10.941059,10.00106,9.01106,8.331059,7.8510594,7.5110598,5.8410597,4.1510596,3.3610597,3.8810596,3.4010596,2.0110595,3.5410595,3.6510596,3.4710596,2.6310596,2.4310596,1.8510596,1.5610596,1.4210596,1.1410595,0.36105958,-0.25894043,-0.25894043,-0.5489404,-0.90894043,-1.3289404,-2.1689405,-3.2189405,-5.2689404,-3.4789405,-2.3389404,-2.4889405,-3.8089404,-2.2189405,0.09105957,-0.15894043,0.36105958,-0.08894043,-0.05894043,-0.70894045
2.4510596,1.7710595,1.2510595,2.3610597,2.7310596,3.2010596,2.4810596,3.3510597,2.9110596,3.3410597,3.4410596,3.7110596,5.7110596,7.7710595,9.7910595,11.17106,13.71106,13.42106,12.55106,11.5410595,10.111059,6.99106,5.8610597,5.2110596,3.9410596,4.0310597,3.3610597,3.1610596,3.3410597,3.5310595,2.2710595,2.2810595,1.8710595,2.0710595,2.0510595,1.5010595,0.61105955,0.5210596,0.11105957,-0.6689404,-1.0389404,-0.10894043,-3.1989405,-4.4089403,-3.4289405,-5.3089404,-4.6489406,-5.6289406,-3.9789405,-2.2489405,-0.9889404,-0.6289404,-0.27894044,0.01105957,-0.22894043,-0.07894043,0.15105957,-0.38894042
2.8110595,2.3510597,1.5510596,1.5310596,3.2510595,2.8710597,2.7510595,2.8610597,2.9610596,3.6010597,3.3210595,3.4310596,3.8610597,6.9610596,8.96106,13.38106,13.581059,13.23106,11.0410595,8.31106,7.4310594,6.3610597,6.2610598,5.4310594,5.3910594,5.22106,4.9810596,2.6310596,2.1310596,1.8710595,1.4510596,1.2710595,1.2510595,0.8810596,1.4110596,0.07105957,0.41105956,0.45105958,-0.51894045,-0.9889404,-1.2489405,-3.0289404,-3.8889403,-4.6389403,-6.0989404,-5.7189403,-5.8389406,-1.2889404,4.6210594,4.7310596,4.8610597,5.1410594,5.4510593,4.9810596,3.5610595,1.8510596,2.0510595,1.9310596
3.0710595,2.2110596,1.0410596,2.2410595,1.8010596,1.8610595,2.7210596,2.8710597,2.4110596,2.0810595,2.5110595,4.2510595,4.7610598,5.1610594,6.3610597,7.8710594,8.60106,8.81106,10.73106,10.43106,7.1210594,6.2610598,5.9210596,4.9510593,4.1510596,3.7210596,3.1110597,2.7810595,1.8810595,1.6510596,1.2210596,0.30105957,-0.13894042,0.09105957,1.2110596,0.85105956,-0.30894044,0.06105957,0.6810596,0.01105957,-0.5589404,-1.9189404,-2.5689404,-2.7289405,-2.5189404,-1.5789404,-0.03894043,1.9710596,4.3910594,5.2010593,5.1510596,5.2610598,4.6510596,4.5410595,4.4110594,4.0310597,4.8410597,3.9610596
2.8610597,0.42105958,0.8710596,1.6310595,1.9510596,2.2210596,2.7810595,2.8910596,2.9610596,3.4410596,3.3510597,3.9510596,4.5610595,5.3310595,5.8610597,6.4510593,7.9610596,8.34106,8.741059,7.5610595,6.5610595,7.4610596,6.0110598,5.0510597,4.6410594,4.49106,3.3110595,3.0210595,2.1110597,1.7010596,1.1310595,0.28105956,-0.46894044,-0.07894043,1.0810596,1.6310595,1.6610596,1.2410595,0.7510596,0.6210596,0.32105958,-0.05894043,-0.42894042,0.17105956,0.47105956,0.73105955,1.6210595,2.7110596,3.1110597,3.3310595,3.7010596,4.0310597,3.9410596,3.6310596,3.5710595,3.9110596,4.1710596,2.7910595
1.5410596,1.2610595,1.5910596,2.0010595,2.2710595,2.7210596,2.7210596,2.7310596,3.1210597,4.1610594,4.4010596,4.4610596,4.49106,5.2710595,5.7310596,6.9110594,6.74106,7.1210594,7.72106,7.6810594,7.5010595,6.3110595,5.3210597,6.0410595,4.74106,4.0010595,3.1810596,2.6710596,2.2010596,1.3310596,0.74105954,-0.06894043,-0.5389404,-0.59894043,0.18105957,1.3610595,1.7810596,0.91105956,-0.07894043,-0.10894043,-0.6889404,0.43105957,0.10105957,-0.16894042,0.04105957,1.0210595,1.9410596,1.2810596,2.2110596,2.9610596,3.0210595,3.2010596,3.5110595,3.2210596,3.6010597,2.7110596,2.1010597,1.4810596
1.7910596,1.6610596,1.5410596,2.2410595,3.1110597,3.4110596,3.2110596,2.7910595,2.6510596,3.0510595,3.1110597,3.5810595,3.7910595,4.6510596,6.4110594,6.1810594,5.7710595,6.8710594,6.3410597,6.4810596,6.1710596,6.0010595,5.1610594,5.0510597,4.3310595,4.1610594,3.1710596,2.3510597,1.9510596,1.2410595,0.55105954,-0.03894043,-0.46894044,-0.09894043,0.06105957,-0.33894044,0.55105954,0.67105955,0.08105957,-0.30894044,-0.27894044,-0.22894043,0.12105957,1.0510596,0.9310596,1.8810595,1.6910596,1.9810596,2.1410596,2.1710596,3.0010595,3.7210596,3.2210596,2.8110595,2.9110596,1.5710596,1.5310596,1.4110596
3.2010596,2.6410596,1.8210596,1.8410596,1.8510596,3.3410597,3.0410595,3.1610596,3.4310596,3.4410596,3.1910596,3.6410596,3.4910595,3.8710597,4.8610597,5.0210595,5.6110597,5.8210597,5.2010593,6.0910597,7.9610596,6.9810596,4.6510596,3.9910595,3.6410596,3.0110595,3.4110596,2.8510597,1.4410596,0.9510596,0.60105956,0.11105957,-0.008940429,0.07105957,-0.6889404,-3.5789404,-1.7489405,-0.65894043,-0.6789404,-0.6189404,-0.58894044,-0.23894043,1.1710596,0.59105957,0.37105957,0.25105956,1.8710595,1.5910596,1.2610595,1.6010596,1.8410596,2.1010597,3.2410595,1.6510596,1.8210596,0.7610596,0.47105956,-0.8689404
2.6410596,3.1510596,2.0010595,2.7010596,3.3810596,3.6710596,3.9210596,3.4010596,3.4810596,3.4510596,3.8510597,4.0610595,4.8910594,5.0110598,5.3410597,5.5510597,5.74106,6.0810595,6.2910595,6.1810594,6.8110595,6.0810595,4.6710596,4.1310596,3.6710596,2.7110596,3.0110595,2.3410597,1.6110595,1.4910595,1.5410596,0.5210596,-0.22894043,-1.2689404,-2.0489404,-1.3889405,-2.3989403,0.36105958,-1.4789405,-1.6489404,-1.5689404,-1.8489404,-1.5789404,-0.8789404,-0.64894044,-0.36894044,-0.34894043,0.60105956,0.49105957,1.3710595,0.5110596,-0.10894043,-2.9989405,-0.7389404,-0.94894046,-1.6689404,-1.0489404,-1.5689404
3.9910595,2.3310595,1.5510596,3.9610596,4.2710595,4.8510594,4.49106,3.3310595,3.5710595,3.9010596,4.2310596,4.6310596,4.7610598,4.5310597,4.7710595,5.0810595,4.9810596,5.0010595,5.1210594,5.7110596,6.1810594,4.5310597,5.1410594,5.0310597,4.6710596,2.5810595,3.0310595,2.0810595,1.6410595,1.1910596,1.0310596,-0.8689404,-2.2989404,-0.38894042,-1.7589405,-1.6189405,-1.2289405,-2.2589405,-2.2989404,-2.4389405,-0.6089404,-1.3289404,0.53105956,0.32105958,-0.37894043,-0.94894046,-0.51894045,-0.5589404,-0.28894043,0.5010596,0.53105956,-1.5989404,1.4110596,-1.3389404,-0.5689404,-0.28894043,-2.2589405,-0.6289404
2.1910596,2.3210595,3.7410595,3.7610595,4.3610597,4.4110594,3.7910595,3.3210595,3.8010595,4.1310596,4.7710595,4.8710594,4.3910594,3.6310596,4.7510595,4.49106,3.6610596,4.0310597,4.8310595,5.8510594,5.8610597,5.0810595,4.9510593,3.5510595,3.5810595,2.6210597,2.5010595,2.0610595,1.1010596,1.3710595,-0.01894043,0.86105955,-2.1089404,-1.5589404,-0.40894043,-0.37894043,0.44105956,1.2510595,-0.64894044,-2.8589404,-1.8289404,0.8310596,-0.16894042,1.9010596,-0.01894043,-1.0689404,-0.38894042,-0.37894043,-1.0789404,-0.6689404,-0.88894045,0.18105957,-0.44894043,1.1110595,-1.0089405,0.78105956,1.0010595,1.2810596
1.3710595,3.2410595,3.2010596,2.7410595,2.6810596,3.4610596,2.9910595,3.2810595,3.4810596,4.8910594,4.9110594,4.7610598,4.3810596,4.4510593,4.4410596,4.0710597,3.1210597,4.0710597,4.9110594,6.0510597,6.1110597,4.97106,4.2010593,2.7910595,2.3110595,2.1810596,1.6210595,2.1810596,1.0410596,0.53105956,-0.14894043,-0.9789404,0.7510596,1.5910596,-1.4489404,-2.0989404,-1.9589404,-2.7589405,-1.4789405,-0.9989404,0.85105956,1.3010596,0.91105956,2.3810596,-0.30894044,-0.07894043,1.0010595,-1.9689404,-0.42894042,-3.5789404,3.1210597,2.3510597,0.99105954,0.12105957,2.8310595,1.3810595,2.1010597,1.0310596
1.4910595,3.4310596,3.4210596,2.9210596,3.5510595,2.5110595,2.4010596,3.6710596,3.2510595,3.8310595,4.1110597,3.7910595,4.1110597,3.9410596,3.3910596,3.5610595,3.1610596,3.2310596,3.4910595,5.1210594,5.2810597,3.2610595,3.8410597,2.9310596,4.74106,5.3910594,3.4010596,1.5010595,1.2610595,0.5710596,-0.29894042,-1.2389405,-0.6689404,-2.2489405,-0.9989404,0.5010596,-0.8789404,-0.03894043,-0.36894044,-5.25894,-5.6189404,-0.31894043,-1.5789404,1.1610596,1.2610595,1.1910596,2.1410596,0.01105957,0.01105957,1.9610596,-0.33894044,0.30105957,1.0810596,1.6010596,1.2810596,-0.29894042,0.73105955,0.8910596
3.4410596,2.9210596,2.8010595,2.4010596,2.2710595,1.7810596,2.1810596,2.5410595,2.7710595,3.2110596,3.9310596,3.8610597,3.9210596,3.5610595,3.5010595,2.7110596,3.9510596,4.4310594,4.1910596,4.1110597,4.5110598,4.6510596,5.2010593,5.8510594,4.6310596,3.4010596,2.3810596,2.1610596,0.79105955,-0.15894043,-0.88894045,2.3810596,0.37105957,-0.46894044,-4.5489407,-6.8989406,-3.1589403,-1.5589404,-3.2989404,-1.0989404,-0.8589404,-0.95894045,-1.2889404,-0.82894045,0.54105955,1.1110595,1.5110595,2.0010595,-0.05894043,-0.7389404,1.7410595,0.67105955,0.8710596,1.9410596,2.6710596,1.5510596,0.78105956,0.65105957
2.2310596,2.3310595,1.5410596,1.3410596,1.1510596,1.6910596,1.9310596,2.7410595,2.6410596,3.3210595,3.5810595,3.4410596,3.6610596,3.2110596,3.3410597,3.2010596,3.8810596,3.4310596,3.6110597,3.2810595,4.0310597,4.1210594,4.6710596,3.8510597,3.4610596,1.9310596,0.33105958,3.6110597,3.2710595,1.4610596,1.2710595,-0.6689404,-2.6989405,0.6410596,3.1410596,-1.6789404,2.5310595,1.5910596,-3.3489404,-1.9489404,-5.4089403,-0.5589404,2.3110595,1.6310595,1.4210596,2.0610595,1.5310596,1.6510596,1.9510596,2.7410595,0.01105957,1.8910595,2.4110596,2.9010596,1.6210595,2.8310595,1.0010595,-0.8589404
1.1310595,0.45105958,-0.17894043,-0.19894043,-0.39894044,1.2210596,2.3610597,2.7310596,2.8510597,2.2910595,1.5210595,1.7510595,2.9610596,2.8410597,3.0010595,3.5910597,2.8710597,2.5510595,1.9010596,1.7210596,2.9110596,3.3510597,3.1410596,2.3510597,0.27105957,-1.1489404,1.3510596,-2.3689404,-3.1189404,-1.1989404,0.30105957,1.4110596,1.9210596,0.07105957,-2.3489404,-7.1689405,-4.9589405,-4.5589404,-5.6289406,-1.5689404,-0.59894043,1.7410595,0.85105956,3.2510595,3.1510596,2.7810595,0.59105957,0.26105958,2.0310595,1.5710596,1.7310596,1.7310596,-0.05894043,0.13105957,2.4410596,2.2510595,-0.9789404,-0.71894044
0.7010596,-0.52894044,-0.31894043,0.36105958,0.7010596,1.0910596,0.99105954,0.80105954,0.37105957,-0.09894043,-0.32894042,-1.2689404,3.8310595,4.0710597,2.4510596,1.2410595,0.07105957,-0.7889404,-0.7889404,2.9410596,0.14105958,-0.7989404,-0.28894043,0.16105957,-0.42894042,-0.77894044,0.20105956,-0.16894042,-1.1989404,-0.90894043,-1.4189404,1.1810596,2.5610595,1.8310596,3.1910596,-0.5389404,-3.5489404,-2.3489404,-2.2289405,-0.22894043,1.4710596,2.5010595,2.9210596,1.9410596,-0.52894044,-0.41894042,1.2210596,2.0710595,3.9110596,1.2610595,2.6810596,2.1910596,3.3410597,4.1410594,2.6310596,2.6310596,1.5410596,-0.5489404
2.3010595,2.7610595,0.41105956,0.20105956,0.09105957,-0.63894045,-1.4689404,-1.8289404,-1.0489404,-1.7589405,-0.9289404,1.3210596,2.3810596,1.4410596,-0.08894043,-1.8389404,-2.8589404,0.23105957,0.5110596,-1.4789405,-1.0689404,-3.0389404,-0.9889404,0.09105957,-0.6789404,0.30105957,1.3910595,-3.7989404,0.36105958,-4.77894,-3.7289405,-3.0389404,-0.27894044,1.5710596,3.1210597,1.9910595,1.6110595,2.5910597,5.0610595,0.06105957,-1.3389404,-0.21894044,2.0910597,3.7510595,2.5010595,3.4110596,3.6310596,5.0410595,6.5710597,6.2610598,5.7110596,2.9910595,3.2810595,3.5710595,2.5510595,0.49105957,-0.05894043,0.39105958
2.6910596,0.25105956,-1.1289405,-0.96894044,-2.1589403,-2.5389404,-1.7489405,-3.9389405,-1.0389404,-2.1589403,-0.7289404,-0.52894044,-0.76894045,-2.0689404,-1.0289404,0.48105958,0.98105955,1.0110595,-1.0389404,-2.4789405,-2.8289404,-1.8589405,2.4610596,2.1010597,3.3910596,1.3510596,-0.7389404,-4.5589404,-2.1089404,-1.6089405,-2.9789405,-3.9289405,-1.9789405,-1.7489405,2.2010596,-0.11894043,7.7610598,7.0610595,-2.0589404,-2.4689405,0.8210596,-1.8989404,0.54105955,-0.24894042,-0.10894043,3.3310595,2.3510597,5.5610595,6.7610598,7.7510595,5.9310594,4.3110595,4.0410595,2.5110595,1.7610595,2.4510596,3.5710595,4.7810597
0.29105958,-2.0689404,-4.6189404,-2.3289404,-3.4489405,-2.4889405,-3.8289404,-4.6589403,-3.9489405,-3.3289404,-2.2189405,-2.2589405,-2.1889405,-1.7289405,-0.5389404,0.12105957,0.9510596,-0.48894042,-1.3389404,-1.2389405,-0.43894044,1.8910595,2.4110596,-0.38894042,-0.33894044,-1.1389405,1.3610595,1.4410596,-0.07894043,0.02105957,0.8910596,-3.6389403,-5.5489407,-2.7389405,-5.0189404,-5.0989404,-7.8889403,3.2010596,-2.0889404,-1.8589405,-0.06894043,2.0710595,1.9010596,4.4810596,1.4210596,2.0010595,5.0510597,5.5610595,5.3610597,4.2010593,5.7610598,5.2910595,5.7710595,4.8810596,3.4710596,4.8910594,1.8310596,-0.35894042
-1.6189405,-2.4489405,-3.2689404,-3.3289404,-2.4189405,-3.9589405,-5.5989404,-6.1889405,-5.9089403,-1.0289404,-1.6389405,1.9910595,-1.4289404,-1.1089405,-1.5389404,-1.8489404,-2.9889405,1.4410596,0.66105956,-1.0989404,-0.6289404,-1.3389404,0.7710596,0.01105957,-1.2489405,0.45105958,2.9010596,3.1410596,-1.0389404,-1.0989404,0.9410596,1.3410596,2.8610597,0.16105957,1.1110595,5.1410594,-0.02894043,-6.8189406,1.9810596,2.1810596,-1.8889405,-1.6889404,1.9110596,3.0210595,3.4810596,8.531059,5.1110597,7.0110598,6.8510594,2.1610596,3.6210597,3.6110597,5.8610597,2.7810595,2.4010596,3.0310595,2.2010596,1.5610596
-2.9989405,-3.6289403,-2.5389404,-2.9789405,-3.1489403,-3.4089403,-4.6989403,-4.0489407,-2.4989405,-1.4289404,-3.3389404,-4.1489406,-0.9889404,-0.8189404,-0.14894043,-0.02894043,0.45105958,0.06105957,2.0110595,2.7210596,1.9810596,2.3610597,-0.8189404,0.16105957,1.8010596,3.4310596,0.12105957,0.43105957,-0.64894044,-1.0289404,-1.8089404,0.5810596,-0.39894044,-1.0789404,-2.9489405,-1.4689404,-1.8789405,1.7610595,6.8010597,0.53105956,-1.3489404,0.32105958,-1.9889405,0.6210596,0.72105956,2.3510597,1.2710595,3.7310596,3.6410596,5.72106,6.3510594,5.4310594,3.1010597,2.5310595,4.3310595,1.7510595,2.8310595,2.4710596
-2.4789405,-2.9889405,-3.0289404,-4.5789404,-3.4889405,-5.1189404,-6.2389402,-5.3189406,-4.2389402,-3.4689405,-2.9489405,0.6310596,1.1010596,0.41105956,0.5010596,-2.9589405,1.6210595,0.5210596,1.5010595,3.4110596,2.3610597,-1.0289404,-2.4389405,-4.4489403,-0.8089404,-1.2589405,-3.0689404,0.31105956,-1.3589405,0.54105955,1.3910595,-1.5289404,1.6810596,2.5710595,3.6110597,3.6810596,4.0110598,5.1110597,1.9210596,-0.84894043,0.8210596,-0.65894043,3.3410597,2.9010596,1.0310596,1.5810596,1.4910595,2.4910595,6.0410595,7.0110598,4.9210596,6.4510593,3.8410597,5.5310597,3.9010596,2.9710596,-0.10894043,0.09105957
-0.39894044,-1.8989404,-3.0789404,-4.3689404,-3.1189404,-4.00894,-3.9489405,-3.6189404,-1.8789405,-2.0289404,-2.4289405,-0.14894043,-1.2489405,-0.9389404,0.15105957,-1.1589404,0.03105957,1.4410596,1.4410596,-3.1589403,-3.9089403,-0.17894043,-1.3389404,-0.69894046,0.5710596,0.10105957,1.0810596,1.0810596,0.8810596,-0.48894042,-0.95894045,1.3210596,-1.4589404,1.7910596,3.3810596,0.05105957,1.8610595,-2.4689405,-2.5389404,-0.35894042,0.49105957,0.54105955,-0.07894043,0.7610596,-0.07894043,3.6110597,5.5410595,3.0410595,3.8810596,-0.5589404,2.3010595,1.8310596,1.1010596,1.7510595,-1.0089405,1.1710596,-0.75894046,-1.3889405
-1.4589404,-1.5189404,-2.7489405,-3.3089404,-2.8689404,-4.3389406,-5.4189405,-0.04894043,0.38105956,-1.6889404,0.35105956,1.5410596,-0.14894043,-0.08894043,-0.04894043,1.5610596,-0.70894045,-2.4089403,0.7010596,1.1410595,-0.5589404,-0.41894042,0.35105956,3.0810595,4.0610595,4.2510595,4.7310596,3.8010595,3.0010595,3.3910596,3.3010595,2.1410596,3.6210597,3.5310595,4.6510596,3.2310596,1.1210595,3.8010595,1.1110595,2.6010597,0.42105958,-1.6589404,-0.50894046,-0.49894044,0.7610596,2.9410596,1.5410596,2.7610595,3.0110595,3.8110595,2.5210595,1.8410596,2.0110595,2.0710595,2.2410595,0.91105956,0.91105956,1.7010596
-1.3789405,0.6210596,-1.1389405,-3.8789403,-3.9189405,-4.5489407,-2.6789405,-1.0989404,0.67105955,0.49105957,2.2510595,1.3210596,-1.2389405,1.9710596,3.0610595,0.7710596,1.3610595,1.9010596,1.8210596,3.1210597,1.0110595,-0.6289404,-0.48894042,3.3710597,3.1810596,3.5010595,3.9010596,4.2510595,3.6110597,2.5810595,1.3810595,0.21105957,-0.07894043,-1.1889404,-0.7889404,-3.9089403,-0.6189404,-0.5489404,1.2010596,2.8610597,2.2110596,2.0310595,-2.0489404,0.15105957,-0.01894043,2.9610596,2.1510596,2.3610597,2.5710595,2.8810596,1.2310596,-0.58894044,-0.69894046,2.1910596,1.6810596,-0.31894043,-1.4389404,-1.1689404
