nws-json/gfs.t18z.pgrb2.1p00.uv.f000.json
{"header": { "discipline":0, "disciplineName":"Meteorological products", "gribEdition":2, "gribLength":60273, "center":7, "centerName":"US National Weather Service - NCEP(WMC)", "subcenter":0, "refTime":"2019-10-26T18:00:00.000Z", "significanceOfRT":1, "significanceOfRTName":"Start of forecast", "productStatus":0, "productStatusName":"Operational products", "productType":1, "productTypeName":"Forecast products", "productDefinitionTemplate":0, "productDefinitionTemplateName":"Analysis/forecast at horizontal level/layer at a point in time", "parameterCategory":2, "parameterCategoryName":"Momentum", "parameterNumber":3, "parameterNumberName":"V-component_of_wind", "parameterUnit":"m.s-1", "genProcessType":2, "genProcessTypeName":"Forecast", "forecastTime":0, "surface1Type":102, "surface1TypeName":"Specific altitude above mean sea level", "surface1Value":3658.0, "surface2Type":255, "surface2TypeName":"Missing", "surface2Value":0.0, "gridDefinitionTemplate":0, "gridDefinitionTemplateName":"Latitude_Longitude", "numberPoints":65160, "shape":6, "shapeName":"Earth spherical with radius of 6,371,229.0 m", "gridUnits":"degrees", "resolution":48, "winds":"true", "scanMode":0, "nx":360, "ny":181, "basicAngle":0, "lo1":0.0, "la1":90.0, "lo2":359.0, "la2":-90.0, "dx":1.0, "dy":1.0 }, "data":
[rows 0 to 25 of 181, columns 57 to 113 of 360]
2.8407288,2.7407289,2.7407289,2.6407287,2.5407288,2.5407288,2.4407287,2.3407288,2.3407288,2.2407289,2.1407287,2.0407288,2.0407288,1.9407288,1.8407288,1.7407287,1.6407287,1.6407287,1.5407288,1.4407288,1.3407288,1.3407288,1.2407287,1.1407287,1.0407288,0.9407288,0.84072876,0.84072876,0.74072874,0.6407288,0.54072875,0.44072875,0.44072875,0.34072876,0.24072877,0.14072876,0.04072876,-0.05927124,-0.05927124,-0.15927124,-0.25927123,-0.35927123,-0.45927125,-0.5592712,-0.5592712,-0.65927124,-0.75927126,-0.8592712,-0.95927125,-1.0592712,-1.0592712,-1.1592712,-1.2592713,-1.3592713,-1.4592712,-1.4592712,-1.5592712
0.74072874,0.6407288,0.6407288,0.54072875,0.54072875,0.44072875,0.34072876,0.34072876,0.24072877,0.24072877,0.14072876,0.04072876,0.04072876,-0.05927124,-0.05927124,-0.05927124,-0.15927124,-0.15927124,-0.25927123,-0.25927123,-0.35927123,-0.35927123,-0.45927125,-0.45927125,-0.5592712,-0.65927124,-0.65927124,-0.75927126,-0.75927126,-0.8592712,-0.8592712,-0.95927125,-1.0592712,-1.0592712,-1.1592712,-1.1592712,-1.2592713,-1.2592713,-1.3592713,-1.4592712,-1.4592712,-1.5592712,-1.5592712,-1.6592712,-1.6592712,-1.7592713,-1.7592713,-1.8592713,-1.8592713,-1.9592712,-1.9592712,-2.0592713,-2.0592713,-2.0592713,-2.1592712,-2.1592712,-2.1592712
1.4407288,1.4407288,1.4407288,1.4407288,1.4407288,1.4407288,1.3407288,1.3407288,1.3407288,1.3407288,1.2407287,1.2407287,1.2407287,1.1407287,1.1407287,1.0407288,0.9407288,0.9407288,0.84072876,0.74072874,0.74072874,0.6407288,0.54072875,0.44072875,0.34072876,0.24072877,0.24072877,0.14072876,0.04072876,-0.05927124,-0.05927124,-0.15927124,-0.25927123,-0.35927123,-0.35927123,-0.45927125,-0.5592712,-0.5592712,-0.65927124,-0.75927126,-0.75927126,-0.8592712,-0.95927125,-0.95927125,-1.0592712,-1.1592712,-1.1592712,-1.2592713,-1.3592713,-1.4592712,-1.4592712,-1.5592712,-1.6592712,-1.7592713,-1.7592713,-1.8592713,-1.9592712
3.0407288,3.0407288,3.1407287,3.2407289,3.2407289,3.2407289,3.2407289,3.2407289,3.2407289,3.2407289,3.1407287,3.1407287,3.0407288,2.9407287,2.8407288,2.8407288,2.7407289,2.6407287,2.5407288,2.4407287,2.3407288,2.3407288,2.2407289,2.1407287,2.0407288,1.9407288,1.8407288,1.7407287,1.6407287,1.5407288,1.4407288,1.3407288,1.2407287,1.1407287,1.0407288,0.9407288,0.84072876,0.6407288,0.54072875,0.44072875,0.34072876,0.14072876,0.04072876,-0.15927124,-0.25927123,-0.35927123,-0.5592712,-0.65927124,-0.8592712,-0.95927125,-1.0592712,-1.1592712,-1.3592713,-1.4592712,-1.5592712,-1.6592712,-1.8592713
4.5407286,4.5407286,4.4407287,4.4407287,4.4407287,4.4407287,4.4407287,4.4407287,4.4407287,4.4407287,4.4407287,4.3407288,4.3407288,4.240729,4.240729,4.140729,4.0407286,3.8407288,3.7407289,3.5407288,3.4407287,3.2407289,3.0407288,2.8407288,2.6407287,2.4407287,2.2407289,1.9407288,1.7407287,1.5407288,1.3407288,1.0407288,0.84072876,0.6407288,0.44072875,0.24072877,0.04072876,-0.25927123,-0.45927125,-0.75927126,-0.8592712,-1.0592712,-1.1592712,-1.3592713,-1.2592713,-1.2592713,-1.2592713,-1.1592712,-1.1592712,-1.0592712,-1.0592712,-0.95927125,-0.8592712,-0.65927124,-0.75927126,-0.75927126,-0.8592712
3.8407288,3.8407288,3.9407287,3.9407287,4.0407286,4.0407286,4.140729,4.240729,4.240729,4.240729,4.140729,4.140729,4.140729,4.140729,4.240729,4.240729,4.140729,4.0407286,3.9407287,3.8407288,3.7407289,3.6407287,3.5407288,3.3407288,3.2407289,3.0407288,3.0407288,2.8407288,2.7407289,2.6407287,2.5407288,2.4407287,2.3407288,2.1407287,2.0407288,1.8407288,1.6407287,1.5407288,1.3407288,1.0407288,0.84072876,0.44072875,0.14072876,-0.15927124,-0.45927125,-0.65927124,-0.8592712,-0.95927125,-1.0592712,-1.1592712,-1.2592713,-1.2592713,-1.3592713,-1.5592712,-1.6592712,-1.7592713,-1.8592713
2.8407288,3.1407287,3.3407288,3.4407287,3.5407288,3.6407287,3.7407289,3.8407288,3.9407287,3.9407287,3.8407288,3.9407287,3.9407287,3.9407287,3.9407287,3.9407287,3.7407289,3.6407287,3.4407287,3.3407288,3.3407288,3.3407288,3.3407288,3.2407289,3.1407287,3.0407288,3.0407288,3.0407288,3.1407287,3.3407288,3.3407288,3.3407288,3.3407288,3.3407288,3.2407289,3.2407289,3.1407287,3.1407287,3.0407288,3.0407288,3.0407288,2.9407287,2.9407287,2.8407288,2.8407288,2.7407289,2.5407288,2.4407287,2.2407289,2.1407287,1.9407288,1.7407287,1.5407288,1.4407288,1.2407287,1.0407288,0.74072874
2.6407287,2.8407288,3.1407287,3.4407287,3.6407287,3.8407288,3.9407287,4.0407286,4.140729,4.140729,4.0407286,3.9407287,3.8407288,3.7407289,3.5407288,3.4407287,3.2407289,3.0407288,2.8407288,2.7407289,2.6407287,2.6407287,2.7407289,2.8407288,2.9407287,3.0407288,3.0407288,3.1407287,3.1407287,3.2407289,3.5407288,3.7407289,3.7407289,3.7407289,3.7407289,3.7407289,3.8407288,3.8407288,3.9407287,3.9407287,3.9407287,3.9407287,4.0407286,4.140729,4.240729,4.4407287,4.4407287,4.4407287,4.4407287,4.4407287,4.4407287,4.4407287,4.4407287,4.4407287,4.3407288,4.240729,4.0407286
3.2407289,3.5407288,3.7407289,3.9407287,3.8407288,3.8407288,3.7407289,3.8407288,3.8407288,3.8407288,3.7407289,3.6407287,3.4407287,3.2407289,3.0407288,2.7407289,2.5407288,2.3407288,2.2407289,2.2407289,2.3407288,2.2407289,2.1407287,2.1407287,2.0407288,2.1407287,2.4407287,2.7407289,3.1407287,3.5407288,3.8407288,4.240729,4.5407286,4.740729,4.8407288,4.8407288,4.9407287,5.3407288,5.740729,6.240729,6.4407287,6.5407286,6.5407286,6.640729,6.740729,6.8407288,7.0407286,7.0407286,7.0407286,7.0407286,6.9407287,6.8407288,6.640729,6.4407287,6.240729,5.9407287,5.640729
3.3407288,3.4407287,3.7407289,3.8407288,3.8407288,3.7407289,3.5407288,3.4407287,3.4407287,3.4407287,3.6407287,3.6407287,3.5407288,3.4407287,3.3407288,3.1407287,2.8407288,2.4407287,2.2407289,2.2407289,2.3407288,2.5407288,2.7407289,2.9407287,3.1407287,3.2407289,3.3407288,3.5407288,3.8407288,4.140729,4.4407287,4.8407288,5.3407288,5.9407287,6.140729,6.240729,6.3407288,6.4407287,6.740729,7.240729,7.640729,7.8407288,8.140729,8.440729,8.740728,8.940729,9.140729,9.140729,9.140729,9.040729,8.940729,8.840729,8.740728,8.640729,8.440729,8.040729,7.640729
2.1407287,2.5407288,3.1407287,3.5407288,3.5407288,3.4407287,3.2407289,3.0407288,2.9407287,2.9407287,3.1407287,3.2407289,3.3407288,3.3407288,3.3407288,3.2407289,3.0407288,2.7407289,2.5407288,2.5407288,2.6407287,2.7407289,2.8407288,2.9407287,3.2407289,3.3407288,3.4407287,3.5407288,3.7407289,4.0407286,4.4407287,4.740729,4.9407287,5.240729,5.740729,6.3407288,6.740729,7.240729,8.140729,8.940729,9.240728,9.640729,10.040729,10.340729,10.440729,10.340729,10.240728,10.240728,10.440729,10.540729,10.440729,10.140729,9.840729,9.540729,9.340729,9.040729,8.740728
1.0407288,1.2407287,1.6407287,2.1407287,2.4407287,2.5407288,2.4407287,2.6407287,2.8407288,2.7407289,2.6407287,2.6407287,2.5407288,2.6407287,2.7407289,2.7407289,2.8407288,2.9407287,3.0407288,3.2407289,3.3407288,3.5407288,3.7407289,3.9407287,4.0407286,4.3407288,4.640729,4.9407287,5.240729,5.5407286,5.740729,5.740729,5.8407288,5.8407288,6.0407286,6.3407288,6.8407288,7.240729,7.640729,8.040729,8.440729,9.140729,9.340729,9.640729,9.640729,9.940729,10.440729,10.740728,11.040729,10.940729,10.540729,10.140729,9.640729,9.240728,9.040729,9.040729,9.140729
0.6407288,0.84072876,0.9407288,1.0407288,1.3407288,1.4407288,1.5407288,1.5407288,1.5407288,1.7407287,1.9407288,2.0407288,2.1407287,2.1407287,2.2407289,2.3407288,2.4407287,2.6407287,2.9407287,3.2407289,3.5407288,3.7407289,4.0407286,4.140729,4.240729,4.3407288,4.4407287,4.5407286,4.8407288,5.3407288,5.8407288,6.140729,6.240729,6.240729,6.3407288,6.5407286,7.0407286,7.4407287,7.640729,7.9407287,8.440729,9.340729,9.940729,10.240728,10.640729,11.240728,11.740728,11.740728,11.840729,11.740728,11.440729,10.740728,9.940729,9.440729,9.040729,8.740728,8.640729
0.14072876,0.14072876,0.34072876,0.44072875,0.44072875,0.34072876,0.44072875,0.54072875,0.54072875,0.24072877,0.34072876,0.6407288,0.9407288,1.3407288,1.7407287,2.1407287,2.9407287,3.5407288,4.0407286,4.3407288,4.4407287,4.5407286,4.5407286,4.640729,4.5407286,4.4407287,4.5407286,4.640729,4.9407287,5.240729,5.4407287,5.4407287,5.240729,5.140729,5.3407288,5.640729,5.9407287,6.3407288,6.8407288,7.240729,7.640729,8.440729,9.440729,10.340729,10.840729,10.940729,10.840729,10.740728,10.740728,10.740728,10.840729,10.940729,10.940729,10.540729,9.840729,9.340729,8.840729
-0.45927125,-0.65927124,-0.65927124,-0.75927126,-0.8592712,-0.5592712,-0.25927123,-0.65927124,-0.75927126,-1.0592712,-1.1592712,-0.95927125,-0.65927124,-0.15927124,0.84072876,1.6407287,2.2407289,2.8407288,3.2407289,3.4407287,3.7407289,4.140729,4.4407287,4.5407286,4.5407286,4.640729,4.5407286,4.5407286,4.5407286,4.640729,4.8407288,4.9407287,5.3407288,5.640729,5.740729,6.0407286,6.3407288,6.5407286,6.640729,6.740729,6.9407287,7.640729,8.340729,8.640729,9.340729,10.740728,11.840729,12.640729,12.940729,13.040729,12.240728,11.240728,10.740728,10.940729,10.740728,10.240728,9.640729
-0.8592712,-0.8592712,-1.5592712,-2.1592712,-1.6592712,-1.1592712,-0.8592712,-1.2592713,-1.3592713,-1.7592713,-2.2592711,-1.7592713,-1.4592712,-1.3592713,-1.1592712,-1.4592712,-0.45927125,0.44072875,0.34072876,0.6407288,1.3407288,2.0407288,2.6407287,3.4407287,4.3407288,4.9407287,5.3407288,5.8407288,6.4407287,6.9407287,6.740729,6.640729,6.5407286,6.640729,6.8407288,7.0407286,7.140729,7.4407287,7.8407288,8.040729,8.040729,7.9407287,7.740729,8.040729,8.340729,8.740728,8.640729,9.340729,10.240728,11.240728,12.140729,12.140729,11.540729,11.040729,10.740728,10.340729,10.040729
-1.7592713,-1.2592713,-1.4592712,-1.9592712,-2.0592713,-2.2592711,-2.5592713,-2.4592712,-2.0592713,-2.6592712,-3.0592713,-2.8592713,-2.3592713,-2.1592712,-1.7592713,-1.8592713,-2.7592711,-2.8592713,-3.2592711,-1.0592712,0.14072876,1.1407287,1.9407288,2.4407287,3.1407287,3.9407287,4.740729,5.640729,6.640729,7.5407286,8.140729,8.840729,9.140729,9.040729,8.740728,8.640729,8.540729,8.440729,8.440729,9.040729,10.040729,11.040729,11.540729,11.840729,11.640729,10.840729,9.840729,8.840729,8.340729,8.340729,9.740728,11.140729,11.640729,11.640729,11.340729,11.240728,11.140729
-3.3592713,-2.9592712,-2.6592712,-2.0592713,-2.0592713,-2.3592713,-2.7592711,-3.3592713,-3.4592712,-3.4592712,-3.1592712,-2.1592712,-1.0592712,-0.65927124,-1.0592712,-2.6592712,-3.7592711,-4.359271,-4.759271,-2.9592712,-1.0592712,0.54072875,1.8407288,3.0407288,3.7407289,4.140729,4.640729,6.0407286,7.3407288,8.540729,9.440729,10.240728,10.240728,10.040729,9.740728,9.240728,8.740728,8.240728,8.040729,8.240728,8.740728,9.340729,10.440729,11.240728,11.540729,11.540729,11.240728,11.040729,10.640729,10.440729,9.940729,9.740728,9.840729,10.340729,11.140729,10.940729,10.140729
-3.8592713,-4.1592712,-3.9592712,-3.6592712,-3.4592712,-2.9592712,-2.3592713,-2.5592713,-3.2592711,-4.0592713,-4.4592714,-4.859271,-4.359271,-2.5592713,-1.6592712,-1.2592713,-1.5592712,-3.0592713,-3.5592713,-2.9592712,-1.6592712,-0.35927123,1.0407288,2.3407288,3.7407289,4.4407287,4.9407287,6.0407286,7.4407287,8.340729,8.740728,9.840729,10.440729,9.040729,9.440729,9.940729,9.640729,8.740728,7.740729,6.640729,6.140729,6.9407287,8.440729,9.640729,10.740728,11.540729,11.840729,12.240728,12.340729,12.240728,11.740728,11.440729,10.740728,10.240728,10.240728,10.840729,10.940729
-3.7592711,-4.259271,-4.6592712,-4.6592712,-4.4592714,-4.1592712,-3.9592712,-3.6592712,-3.2592711,-2.8592713,-2.4592712,-2.6592712,-2.9592712,-3.1592712,-3.2592711,-2.9592712,-2.5592713,-1.8592713,-1.1592712,-0.45927125,0.44072875,1.3407288,2.2407289,3.0407288,3.9407287,5.140729,6.240729,7.140729,7.8407288,8.240728,7.740729,8.140729,11.340729,12.340729,11.440729,9.640729,6.740729,6.3407288,6.5407286,6.0407286,5.240729,4.9407287,5.5407286,6.9407287,8.640729,9.740728,11.040729,13.140729,15.340729,15.840729,14.540729,12.940729,10.940729,9.240728,8.540729,7.8407288,8.440729
-3.8592713,-3.8592713,-3.9592712,-3.7592711,-3.7592711,-3.8592713,-3.7592711,-3.8592713,-4.0592713,-4.359271,-4.259271,-4.0592713,-3.8592713,-3.3592713,-2.8592713,-2.2592711,-1.4592712,-1.0592712,-0.35927123,0.44072875,1.6407287,2.6407287,3.4407287,3.9407287,4.240729,4.4407287,4.740729,5.240729,6.0407286,6.740729,6.640729,5.740729,5.8407288,5.8407288,5.740729,7.3407288,8.640729,6.4407287,5.240729,5.140729,5.240729,5.140729,5.0407286,5.9407287,7.5407286,9.040729,11.240728,14.540729,18.04073,18.140728,14.940729,12.540729,10.240728,7.640729,5.9407287,4.8407288,4.3407288
-5.859271,-5.5592713,-5.0592713,-4.5592713,-4.1592712,-3.6592712,-2.9592712,-2.1592712,-1.2592713,-0.65927124,-0.15927124,0.14072876,-0.05927124,-0.5592712,-0.8592712,-1.0592712,-0.75927126,-0.5592712,-0.5592712,0.04072876,0.84072876,2.0407288,2.9407287,3.8407288,4.240729,4.4407287,4.8407288,5.140729,5.4407287,5.140729,5.240729,5.5407286,6.8407288,8.040729,7.740729,6.640729,7.140729,6.4407287,6.0407286,6.4407287,6.240729,6.0407286,6.640729,7.140729,8.140729,10.840729,14.140729,15.940729,15.940729,13.740728,11.640729,9.540729,7.140729,4.740729,2.8407288,2.1407287,1.7407287
-5.5592713,-5.5592713,-5.5592713,-5.1592712,-4.859271,-4.259271,-3.5592713,-2.1592712,-1.1592712,0.34072876,2.2407289,2.3407288,1.8407288,1.0407288,0.14072876,-0.45927125,-0.5592712,-0.45927125,-0.15927124,0.14072876,0.9407288,2.0407288,3.1407287,4.0407286,4.4407287,4.4407287,4.140729,4.240729,4.4407287,3.9407287,3.7407289,6.140729,7.8407288,8.040729,7.9407287,8.040729,7.140729,7.4407287,7.0407286,6.9407287,6.8407288,7.740729,7.740729,8.440729,10.440729,11.540729,13.040729,13.040729,12.640729,11.340729,9.840729,7.640729,4.740729,1.9407288,0.74072874,-0.45927125,-0.75927126
-5.4592714,-5.5592713,-5.259271,-4.759271,-4.0592713,-3.4592712,-2.8592713,-1.9592712,-0.8592712,0.9407288,2.6407287,4.140729,4.8407288,4.640729,3.9407287,2.7407289,1.5407288,0.04072876,-0.25927123,0.84072876,1.0407288,1.4407288,2.3407288,2.4407287,2.7407289,3.3407288,3.4407287,3.0407288,2.5407288,2.7407289,2.6407287,5.0407286,7.8407288,8.040729,6.9407287,7.5407286,7.5407286,6.8407288,6.3407288,6.3407288,7.0407286,7.740729,8.340729,9.340729,10.340729,10.040729,9.940729,10.240728,10.040729,8.740728,6.740729,4.8407288,2.8407288,1.6407287,-0.05927124,-0.8592712,-0.8592712
-3.8592713,-3.2592711,-2.2592711,-2.1592712,-2.2592711,-2.5592713,-2.8592713,-2.3592713,0.04072876,0.04072876,0.9407288,3.6407287,5.8407288,6.8407288,6.240729,6.3407288,5.640729,3.6407287,1.6407287,0.14072876,-1.1592712,-0.25927123,1.2407287,1.4407288,1.7407287,1.7407287,1.6407287,1.4407288,1.7407287,1.3407288,1.7407287,3.1407287,6.640729,6.4407287,5.8407288,6.640729,7.0407286,5.740729,5.5407286,6.240729,6.9407287,7.8407288,8.740728,9.140729,8.440729,7.4407287,7.0407286,7.640729,8.340729,6.740729,5.140729,3.2407289,1.8407288,1.4407288,1.0407288,0.44072875,0.9407288
-1.7592713,-1.3592713,-1.0592712,-3.1592712,-3.3592713,-3.2592711,-4.359271,-4.5592713,-2.6592712,0.04072876,2.5407288,2.6407287,4.240729,5.4407287,6.4407287,7.3407288,7.640729,8.040729,6.5407286,2.7407289,0.14072876,-1.6592712,-2.5592713,-0.25927123,1.0407288,0.6407288,0.14072876,-0.25927123,0.54072875,0.14072876,0.6407288,0.84072876,4.640729,4.4407287,4.240729,4.240729,4.3407288,3.9407287,3.9407287,4.8407288,6.140729,6.640729,7.640729,6.640729,5.9407287,3.6407287,3.5407288,5.640729,6.3407288,5.740729,5.0407286,4.140729,2.9407287,1.8407288,1.9407288,2.4407287,2.5407288
