nws-json/gfs.t18z.pgrb2.1p00.uv.f000.json
{"header": { "discipline":0, "disciplineName":"Meteorological products", "gribEdition":2, "gribLength":58633, "center":7, "centerName":"US National Weather Service - NCEP(WMC)", "subcenter":0, "refTime":"2019-10-26T18:00:00.000Z", "significanceOfRT":1, "significanceOfRTName":"Start of forecast", "productStatus":0, "productStatusName":"Operational products", "productType":1, "productTypeName":"Forecast products", "productDefinitionTemplate":0, "productDefinitionTemplateName":"Analysis/forecast at horizontal level/layer at a point in time", "parameterCategory":2, "parameterCategoryName":"Momentum", "parameterNumber":2, "parameterNumberName":"U-component_of_wind", "parameterUnit":"m.s-1", "genProcessType":2, "genProcessTypeName":"Forecast", "forecastTime":0, "surface1Type":102, "surface1TypeName":"Specific altitude above mean sea level", "surface1Value":3658.0, "surface2Type":255, "surface2TypeName":"Missing", "surface2Value":0.0, "gridDefinitionTemplate":0, "gridDefinitionTemplateName":"Latitude_Longitude", "numberPoints":65160, "shape":6, "shapeName":"Earth spherical with radius of 6,371,229.0 m", "gridUnits":"degrees", "resolution":48, "winds":"true", "scanMode":0, "nx":360, "ny":181, "basicAngle":0, "lo1":0.0, "la1":90.0, "lo2":359.0, "la2":-90.0, "dx":1.0, "dy":1.0 }, "data":
[rows 78 to 103 of 181, columns 0 to 57 of 360]
-10.009954,-8.709955,-5.8099546,-9.509954,-8.809955,-9.509954,-9.109955,-9.109955,-8.809955,-7.609955,-6.609955,-2.009955,-4.2099547,-5.409955,-6.009955,-5.8099546,-6.7099547,-5.8099546,-6.409955,-6.3099546,-4.609955,-6.509955,-6.2099547,-5.409955,-4.009955,-4.109955,-5.2099547,-4.909955,-4.609955,-4.109955,-3.6099548,-2.4099548,-3.2099547,-4.3099546,-3.9099548,-3.009955,-3.1099548,-4.609955,-5.909955,0.6900452,2.690045,-1.4099548,-3.509955,-8.309955,-5.909955,-4.509955,-4.509955,-3.509955,-3.1099548,-4.109955,-4.2099547,-3.509955,-4.3099546,-4.509955,-4.3099546,-5.7099547,-6.3099546,-6.409955
-9.209955,-7.3099546,-10.809955,-10.709955,-9.809955,-10.209955,-7.509955,-9.009954,-7.609955,-5.409955,-5.509955,-5.609955,-6.609955,-5.8099546,-6.909955,-6.909955,-7.7099547,-6.909955,-6.109955,-6.109955,-6.409955,-6.2099547,-8.709955,-9.509954,-8.409955,-8.009954,-8.009954,-6.7099547,-6.509955,-6.2099547,-4.609955,-4.509955,-4.8099546,-4.109955,-3.4099548,-4.409955,-5.909955,-4.509955,-0.40995485,1.4900452,0.89004517,0.29004517,-3.809955,-2.2099547,0.59004515,-0.60995483,-3.1099548,-2.009955,-2.309955,-2.9099548,-4.3099546,-5.2099547,-5.609955,-5.609955,-5.109955,-5.609955,-5.7099547,-6.009955
-9.409955,-9.709955,-9.909955,-8.709955,-11.809955,-10.509954,-8.809955,-5.509955,-4.609955,-5.109955,-4.509955,-7.7099547,-7.2099547,-7.3099546,-9.009954,-7.909955,-10.709955,-9.709955,-9.309955,-10.709955,-7.8099546,-8.809955,-9.309955,-10.509954,-10.309955,-10.409955,-9.909955,-8.409955,-7.2099547,-6.109955,-5.409955,-5.409955,-5.409955,-3.009955,-3.509955,-3.509955,-3.7099547,-4.8099546,-4.609955,2.3900452,1.8900452,4.390045,0.9900452,-0.109954834,3.690045,0.79004514,-1.3099549,-2.7099547,-0.109954834,-1.3099549,-4.909955,-5.109955,-5.8099546,-5.2099547,-5.409955,-5.409955,-5.3099546,-5.109955
-7.609955,-9.809955,-11.709955,-10.309955,-8.509954,-8.509954,-2.509955,-4.609955,-4.2099547,-1.0099548,-0.8099548,-1.3099549,-2.6099548,-9.209955,-8.709955,-4.909955,-5.3099546,-5.609955,-7.609955,-5.509955,-6.109955,-8.109955,-8.409955,-9.409955,-9.609955,-9.109955,-9.309955,-7.109955,-5.8099546,-6.2099547,-4.409955,-5.509955,-4.909955,-4.609955,-4.8099546,-3.509955,-5.009955,-3.809955,-2.009955,-0.20995483,-1.7099549,-0.20995483,-0.20995483,-1.3099549,1.6900451,-0.40995485,-0.70995486,1.4900452,0.29004517,-5.2099547,-3.7099547,-4.109955,-4.3099546,-3.7099547,-4.609955,-4.3099546,-3.7099547,-2.9099548
-5.109955,-6.009955,-5.009955,-2.6099548,1.5900452,1.6900451,-0.70995486,-0.20995483,2.490045,0.19004516,0.29004517,0.6900452,0.6900452,0.6900452,-5.2099547,-2.9099548,-2.9099548,-4.009955,-6.2099547,-4.409955,-6.909955,-8.809955,-9.409955,-11.209955,-9.809955,-9.509954,-8.809955,-8.109955,-6.7099547,-5.509955,-5.509955,-6.3099546,-6.109955,-6.409955,-6.109955,-7.3099546,-5.609955,-5.509955,-1.4099548,-0.70995486,-1.3099549,1.7900451,-1.6099548,-1.0099548,0.59004515,-1.2099549,2.690045,0.59004515,1.5900452,-3.2099547,-2.309955,-1.3099549,-1.4099548,-1.8099549,-0.70995486,-0.009954834,0.79004514,1.5900452
-5.409955,-5.509955,-4.609955,-3.509955,-2.4099548,-1.4099548,-1.1099548,0.59004515,2.690045,2.490045,3.190045,0.39004517,-0.90995485,-1.6099548,-3.1099548,-3.2099547,-3.809955,-3.6099548,-2.809955,-2.4099548,-6.509955,-8.309955,-7.009955,-7.009955,-7.109955,-7.7099547,-7.3099546,-8.009954,-7.7099547,-6.009955,-5.509955,-6.3099546,-5.909955,-7.909955,-7.8099546,-7.609955,-6.3099546,-6.609955,-3.7099547,-4.3099546,0.09004517,0.59004515,-0.8099548,-2.2099547,-0.30995482,-0.109954834,-1.0099548,1.7900451,-0.90995485,-1.2099549,-0.009954834,0.29004517,0.49004516,0.6900452,0.9900452,1.7900451,2.490045,3.7900453
-3.309955,-0.70995486,-0.40995485,0.89004517,3.0900452,2.5900452,-0.30995482,-0.8099548,0.9900452,0.79004514,0.79004514,0.19004516,-0.20995483,-1.9099548,-6.3099546,-6.609955,-4.609955,-5.009955,-2.009955,-3.1099548,-7.109955,-8.009954,-6.8099546,-8.209955,-7.7099547,-9.009954,-7.3099546,-8.409955,-8.109955,-6.509955,-6.609955,-5.3099546,-5.8099546,-6.3099546,-7.609955,-8.609955,-6.8099546,-3.6099548,-0.70995486,-4.409955,-2.1099548,1.8900452,-0.90995485,-0.40995485,-1.1099548,-0.109954834,-2.7099547,-0.70995486,0.6900452,1.4900452,1.9900452,2.690045,2.7900453,3.190045,3.490045,4.1900454,4.7900453,4.6900454
0.6900452,0.79004514,1.9900452,3.490045,0.79004514,1.2900451,2.190045,-0.30995482,0.49004516,1.1900451,0.29004517,-1.5099548,-2.1099548,-3.1099548,-4.7099547,-6.109955,-5.409955,-3.7099547,-4.009955,-4.3099546,-4.2099547,-5.409955,-5.909955,-7.009955,-8.109955,-9.309955,-9.109955,-8.809955,-8.109955,-7.2099547,-6.2099547,-3.9099548,-7.109955,-6.609955,-5.3099546,-7.3099546,-7.109955,-2.1099548,-3.4099548,-4.509955,-4.009955,-0.30995482,-2.1099548,0.79004514,0.09004517,1.4900452,0.9900452,-0.20995483,0.6900452,2.0900452,3.2900453,2.990045,4.490045,4.890045,5.390045,5.090045,5.490045,5.890045
4.390045,6.490045,4.390045,1.7900451,2.3900452,1.7900451,1.9900452,1.2900451,0.09004517,0.19004516,1.2900451,-0.109954834,-1.7099549,-3.309955,-4.509955,-4.8099546,-4.009955,-2.7099547,-2.6099548,-1.7099549,-3.809955,-5.3099546,-5.7099547,-7.009955,-8.209955,-8.209955,-8.509954,-8.309955,-7.109955,-6.3099546,-7.3099546,-6.8099546,-5.3099546,-5.009955,-6.009955,-6.8099546,-4.8099546,-7.109955,-5.409955,-4.609955,-3.2099547,-0.40995485,-1.8099549,0.89004517,0.49004516,1.2900451,0.19004516,0.6900452,1.8900452,2.7900453,3.3900452,3.690045,4.490045,4.6900454,4.590045,4.890045,5.090045,5.7900453
4.090045,7.2900453,2.190045,5.090045,1.7900451,1.4900452,0.59004515,1.4900452,-1.2099549,-1.4099548,-1.9099548,-4.3099546,-3.2099547,-2.1099548,-2.4099548,-1.5099548,-0.8099548,0.59004515,-1.7099549,-1.5099548,-2.6099548,-5.3099546,-7.3099546,-9.709955,-7.509955,-8.309955,-8.309955,-7.7099547,-8.809955,-9.709955,-8.409955,-5.909955,-8.609955,-5.109955,-4.2099547,-7.8099546,-4.909955,-6.7099547,-3.509955,-5.009955,-3.7099547,-2.7099547,-2.1099548,-1.3099549,0.19004516,0.19004516,-0.60995483,0.29004517,1.1900451,1.8900452,2.3900452,2.8900452,3.2900453,4.090045,4.390045,3.8900452,3.8900452,4.2900453
2.990045,7.090045,5.490045,4.090045,2.0900452,0.89004517,0.9900452,-0.109954834,-4.109955,-3.6099548,-4.109955,-4.7099547,-3.7099547,-3.009955,-1.8099549,-0.60995483,-0.60995483,-1.1099548,-3.6099548,-2.309955,-4.3099546,-9.609955,-10.209955,-10.209955,-10.009954,-9.909955,-9.909955,-9.609955,-10.109955,-9.209955,-10.109955,-9.209955,-9.509954,-7.7099547,-8.409955,-6.409955,-5.009955,-6.009955,-4.009955,-6.2099547,-4.2099547,-2.9099548,-0.109954834,-1.9099548,-1.3099549,-1.4099548,-1.2099549,-1.2099549,-0.90995485,0.19004516,0.09004517,0.79004514,1.0900452,1.9900452,2.3900452,2.3900452,2.8900452,2.990045
0.6900452,1.0900452,-0.40995485,-0.40995485,-1.2099549,-2.1099548,-1.3099549,-4.409955,-3.509955,-4.7099547,-4.509955,-2.4099548,-2.4099548,-2.7099547,-3.9099548,-1.9099548,-1.2099549,-4.109955,-3.809955,-5.2099547,-6.109955,-7.3099546,-8.109955,-6.509955,-9.609955,-11.809955,-9.809955,-10.609955,-9.609955,-10.809955,-9.809955,-9.809955,-8.909955,-6.509955,-4.609955,-5.909955,-3.7099547,-7.409955,-5.3099546,-6.509955,-5.2099547,-5.109955,-5.009955,-3.9099548,-3.309955,-2.9099548,-2.809955,-2.6099548,-2.009955,-1.5099548,-1.2099549,-0.5099548,0.09004517,0.49004516,1.0900452,1.4900452,1.6900451,1.9900452
-0.90995485,-2.009955,-0.90995485,-1.6099548,-2.2099547,-2.1099548,-4.109955,-4.109955,-4.909955,-2.9099548,-3.4099548,-2.009955,-1.0099548,-3.009955,-4.009955,-2.4099548,-1.1099548,-2.809955,-2.509955,-2.7099547,-1.4099548,-0.70995486,-5.8099546,-10.309955,-11.409955,-10.009954,-10.609955,-8.609955,-5.509955,-10.509954,-10.309955,-10.609955,-11.709955,-8.209955,-4.3099546,-6.609955,-5.009955,-3.4099548,-4.8099546,-6.109955,-6.609955,-6.2099547,-5.8099546,-5.3099546,-4.509955,-3.7099547,-3.9099548,-3.809955,-3.009955,-2.2099547,-1.4099548,-1.2099549,-0.8099548,-0.30995482,0.09004517,0.59004515,0.09004517,1.1900451
-1.1099548,-2.1099548,-1.4099548,-2.009955,-0.60995483,-0.40995485,-0.009954834,0.79004514,-1.8099549,-1.3099549,0.19004516,-1.3099549,-2.2099547,-3.309955,-1.3099549,-3.509955,-4.2099547,-1.6099548,-2.009955,-8.109955,-5.8099546,-10.409955,-8.209955,-7.409955,-9.709955,-10.509954,-11.209955,-9.509954,-9.909955,-9.509954,-9.609955,-8.809955,-9.409955,-9.309955,-6.2099547,-7.2099547,-9.909955,-7.2099547,-4.509955,-4.109955,-4.7099547,-6.3099546,-6.409955,-6.2099547,-5.409955,-5.2099547,-5.409955,-4.3099546,-4.409955,-4.2099547,-4.409955,-3.2099547,-3.1099548,-2.809955,-2.809955,-1.9099548,-1.4099548,-1.2099549
-2.6099548,-3.6099548,-2.4099548,-2.509955,-4.7099547,-2.509955,-4.7099547,-4.3099546,-0.40995485,-2.009955,-1.5099548,-1.3099549,-1.8099549,-4.8099546,-7.009955,-0.5099548,-0.70995486,-5.409955,-3.4099548,-1.4099548,-6.509955,-8.009954,-11.009954,-12.009954,-10.609955,-5.909955,-8.409955,-5.009955,-10.609955,-10.809955,-12.009954,-10.209955,-11.309955,-9.709955,-5.8099546,-1.3099549,-8.209955,-8.009954,-6.409955,-7.009955,-5.7099547,-4.409955,-5.7099547,-5.8099546,-5.7099547,-5.009955,-4.509955,-4.8099546,-5.3099546,-5.509955,-4.7099547,-4.8099546,-4.2099547,-3.9099548,-4.009955,-3.9099548,-3.4099548,-2.4099548
-3.4099548,-4.2099547,-3.309955,-3.309955,-2.9099548,-3.009955,-4.509955,-4.109955,-3.809955,-2.9099548,-1.5099548,0.29004517,-9.309955,-11.509954,-10.309955,-9.309955,-6.509955,-7.609955,-9.509954,-9.409955,-8.509954,-9.709955,-9.309955,-9.909955,-7.7099547,-5.409955,-8.509954,-6.2099547,-9.509954,-11.109955,-10.309955,-10.209955,-11.609955,-9.409955,-3.309955,-3.1099548,-5.2099547,-3.7099547,-7.609955,-6.8099546,-6.2099547,-6.509955,-5.609955,-6.509955,-6.2099547,-5.609955,-5.409955,-5.109955,-5.109955,-5.7099547,-5.509955,-5.2099547,-4.509955,-4.3099546,-4.7099547,-4.2099547,-4.109955,-3.309955
-4.8099546,-5.409955,-5.109955,-3.509955,-5.009955,-4.3099546,-3.1099548,-3.1099548,-2.7099547,-2.7099547,-2.809955,-4.109955,-10.309955,-6.8099546,-8.809955,-8.809955,-10.609955,-10.909955,-8.809955,-9.609955,-10.309955,-10.809955,-10.709955,-12.909955,-13.409955,-13.309955,-13.609955,-13.309955,-13.109955,-11.709955,-12.009954,-10.109955,-11.809955,-4.909955,-4.2099547,-4.509955,-7.2099547,-7.609955,-8.309955,-7.2099547,-7.909955,-8.209955,-7.7099547,-7.509955,-5.7099547,-6.409955,-6.909955,-7.3099546,-5.609955,-5.509955,-5.509955,-4.909955,-4.3099546,-3.6099548,-3.6099548,-4.009955,-2.9099548,-1.2099549
-5.7099547,-5.909955,-6.2099547,-6.409955,-7.409955,-5.009955,-4.3099546,-2.7099547,-4.409955,-5.8099546,-2.809955,-7.2099547,-12.609955,-12.609955,-12.009954,-11.409955,-12.009954,-12.609955,-11.309955,-12.709955,-13.309955,-12.409955,-12.809955,-14.609955,-12.909955,-13.809955,-11.709955,-12.409955,-12.309955,-11.809955,-14.109955,-11.309955,-5.2099547,-5.8099546,-7.909955,-10.109955,-8.409955,-9.409955,-8.809955,-6.509955,-6.009955,-7.009955,-8.109955,-6.7099547,-5.609955,-5.909955,-6.909955,-5.509955,-4.2099547,-5.109955,-4.7099547,-3.809955,-4.3099546,-4.3099546,-4.009955,-3.1099548,-3.1099548,-2.809955
-7.2099547,-7.109955,-6.909955,-7.2099547,-6.7099547,-6.009955,-4.7099547,-5.609955,-4.109955,-5.7099547,-7.409955,-9.109955,-11.709955,-14.009954,-13.409955,-12.209955,-11.809955,-12.909955,-13.909955,-13.009954,-14.209955,-13.809955,-12.609955,-13.709955,-14.609955,-14.009954,-10.709955,-13.509954,-16.609955,-11.209955,-14.809955,-11.909955,-7.509955,-1.8099549,-9.109955,-6.909955,-7.109955,-8.809955,-8.609955,-6.909955,-6.509955,-6.609955,-7.109955,-6.3099546,-5.509955,-6.009955,-6.009955,-5.3099546,-4.609955,-4.009955,-3.509955,-4.409955,-4.909955,-4.7099547,-4.009955,-3.7099547,-3.2099547,-3.1099548
-8.209955,-7.909955,-7.3099546,-6.8099546,-5.3099546,-7.009955,-5.2099547,-6.909955,-7.909955,-10.209955,-11.309955,-11.409955,-12.509954,-11.309955,-12.209955,-13.009954,-15.309955,-13.709955,-14.709955,-13.009954,-12.909955,-11.809955,-10.109955,-10.209955,-12.909955,-13.009954,-12.409955,-13.109955,-14.709955,-10.509954,-9.109955,-8.209955,-5.909955,-6.509955,-7.509955,-5.409955,-6.7099547,-8.609955,-8.909955,-8.409955,-7.7099547,-7.909955,-7.909955,-7.8099546,-7.3099546,-7.009955,-6.2099547,-6.409955,-5.7099547,-4.609955,-5.109955,-5.3099546,-5.609955,-5.409955,-5.009955,-5.009955,-4.409955,-3.6099548
-7.609955,-7.7099547,-7.509955,-6.409955,-4.2099547,-6.509955,-5.2099547,-6.109955,-9.709955,-11.309955,-11.709955,-12.109955,-12.309955,-9.509954,-8.109955,-11.609955,-13.209955,-12.709955,-11.409955,-14.009954,-13.609955,-13.009954,-10.209955,-9.609955,-10.709955,-11.709955,-11.609955,-11.309955,-15.309955,-13.709955,-8.609955,-8.709955,-7.7099547,-2.2099547,-4.2099547,-4.009955,-7.2099547,-10.209955,-8.609955,-7.7099547,-7.909955,-9.009954,-8.209955,-7.609955,-7.109955,-8.109955,-7.909955,-7.009955,-6.909955,-6.609955,-6.109955,-6.3099546,-6.109955,-6.7099547,-5.909955,-5.2099547,-4.8099546,-4.509955
-6.909955,-6.409955,-7.7099547,-6.609955,-6.109955,-5.909955,-9.309955,-8.409955,-8.909955,-8.009954,-8.809955,-11.609955,-12.609955,-11.009954,-9.309955,-9.409955,-9.509954,-9.709955,-11.909955,-11.809955,-13.409955,-11.309955,-11.809955,-11.809955,-11.309955,-12.309955,-11.009954,-10.609955,-13.909955,-11.809955,-8.409955,-8.209955,-5.3099546,-1.1099548,-4.109955,-3.4099548,-8.309955,-9.509954,-8.709955,-9.509954,-8.409955,-7.609955,-7.509955,-7.609955,-7.7099547,-8.809955,-9.309955,-10.009954,-9.309955,-9.409955,-9.709955,-8.609955,-7.509955,-6.109955,-4.909955,-4.909955,-4.609955,-3.809955
-5.909955,-6.509955,-6.8099546,-8.009954,-8.709955,-7.8099546,-7.7099547,-8.609955,-7.109955,-7.8099546,-9.209955,-9.809955,-8.109955,-8.309955,-7.109955,-6.3099546,-11.709955,-9.209955,-10.809955,-5.409955,-9.909955,-8.209955,-10.809955,-8.909955,-9.509954,-10.009954,-10.709955,-5.909955,-10.509954,-8.609955,-9.209955,-4.409955,-5.3099546,-1.3099549,-4.909955,-7.3099546,-8.909955,-9.609955,-9.009954,-9.109955,-8.009954,-6.909955,-6.509955,-7.509955,-7.7099547,-8.209955,-8.709955,-9.509954,-9.309955,-8.409955,-8.209955,-8.109955,-7.609955,-6.8099546,-5.2099547,-4.3099546,-3.4099548,-3.009955
-5.609955,-5.609955,-6.3099546,-7.3099546,-7.8099546,-7.009955,-6.509955,-7.2099547,-7.7099547,-8.609955,-9.309955,-7.609955,-6.009955,-6.8099546,-10.009954,-12.009954,-11.309955,-8.209955,-5.3099546,-14.309955,-11.909955,-8.309955,-8.709955,-10.209955,-13.209955,-10.509954,-10.609955,-8.309955,-5.409955,-7.2099547,-6.8099546,-6.109955,-6.109955,2.5900452,-4.609955,-5.109955,-7.8099546,-8.309955,-8.709955,-7.109955,-7.909955,-6.7099547,-6.109955,-7.109955,-9.409955,-9.409955,-9.409955,-9.809955,-9.809955,-9.909955,-9.009954,-8.609955,-8.409955,-8.409955,-7.7099547,-7.3099546,-6.3099546,-5.3099546
-4.609955,-4.109955,-5.2099547,-6.509955,-7.2099547,-5.509955,-4.3099546,-6.009955,-7.409955,-7.2099547,-6.7099547,-5.009955,-5.3099546,-3.4099548,-5.009955,-8.609955,-6.109955,-8.309955,-9.109955,-5.8099546,-7.3099546,-12.409955,-11.009954,-8.809955,-10.609955,-12.009954,-9.309955,-8.109955,-9.209955,-9.809955,-0.5099548,-1.6099548,1.1900451,0.6900452,-4.409955,-1.0099548,-7.509955,-6.909955,-8.009954,-7.409955,-6.8099546,-6.509955,-5.609955,-8.209955,-10.409955,-11.409955,-11.209955,-10.009954,-11.909955,-12.609955,-12.609955,-11.009954,-10.909955,-10.309955,-9.809955,-9.709955,-9.209955,-9.109955
-2.6099548,-3.009955,-3.1099548,-3.809955,-4.7099547,-5.8099546,-3.4099548,-5.609955,-4.8099546,-4.509955,-3.4099548,-1.0099548,-2.9099548,-5.8099546,-9.009954,-7.009955,-6.3099546,-10.209955,-9.309955,-8.709955,-5.009955,-12.509954,-12.409955,-10.709955,-11.709955,-9.509954,-9.609955,-8.909955,-9.809955,-2.1099548,-1.8099549,-9.909955,1.8900452,4.090045,-3.009955,-4.409955,-8.409955,-9.809955,-6.909955,-7.109955,-8.409955,-8.509954,-7.609955,-10.109955,-11.609955,-13.009954,-14.009954,-14.509954,-13.809955,-14.309955,-13.509954,-11.909955,-11.309955,-11.509954,-11.209955,-11.009954,-10.609955,-10.009954
