nws-json/gfs.t18z.pgrb2.1p00.uv.f000.json
{"header": { "discipline":0, "disciplineName":"Meteorological products", "gribEdition":2, "gribLength":58633, "center":7, "centerName":"US National Weather Service - NCEP(WMC)", "subcenter":0, "refTime":"2019-10-26T18:00:00.000Z", "significanceOfRT":1, "significanceOfRTName":"Start of forecast", "productStatus":0, "productStatusName":"Operational products", "productType":1, "productTypeName":"Forecast products", "productDefinitionTemplate":0, "productDefinitionTemplateName":"Analysis/forecast at horizontal level/layer at a point in time", "parameterCategory":2, "parameterCategoryName":"Momentum", "parameterNumber":2, "parameterNumberName":"U-component_of_wind", "parameterUnit":"m.s-1", "genProcessType":2, "genProcessTypeName":"Forecast", "forecastTime":0, "surface1Type":102, "surface1TypeName":"Specific altitude above mean sea level", "surface1Value":3658.0, "surface2Type":255, "surface2TypeName":"Missing", "surface2Value":0.0, "gridDefinitionTemplate":0, "gridDefinitionTemplateName":"Latitude_Longitude", "numberPoints":65160, "shape":6, "shapeName":"Earth spherical with radius of 6,371,229.0 m", "gridUnits":"degrees", "resolution":48, "winds":"true", "scanMode":0, "nx":360, "ny":181, "basicAngle":0, "lo1":0.0, "la1":90.0, "lo2":359.0, "la2":-90.0, "dx":1.0, "dy":1.0 }, "data":
[rows 52 to 77 of 181, columns 0 to 57 of 360]
0.39004517,-0.009954834,-0.8099548,-3.1099548,-5.009955,-5.8099546,-5.909955,-9.709955,-9.709955,-7.609955,-8.809955,-8.009954,-9.609955,-8.709955,-10.509954,-8.709955,-8.009954,-5.609955,-4.509955,-3.4099548,-1.1099548,-1.4099548,-2.9099548,-5.7099547,-3.6099548,-4.909955,-4.909955,-2.4099548,-2.009955,-0.5099548,1.1900451,3.8900452,4.490045,4.6900454,2.2900453,2.0900452,-2.4099548,-1.0099548,-0.109954834,-1.5099548,-1.6099548,-1.8099549,-2.509955,-2.1099548,-2.7099547,-1.9099548,-0.60995483,1.5900452,0.79004514,0.49004516,2.2900453,2.2900453,3.3900452,4.1900454,4.1900454,2.7900453,1.8900452,1.1900451
1.9900452,1.1900451,0.09004517,-0.8099548,-1.5099548,-2.2099547,-3.7099547,-2.9099548,-2.009955,-0.5099548,-3.1099548,-6.3099546,-3.509955,-5.509955,-7.609955,-7.109955,-6.109955,-5.409955,-3.1099548,-2.9099548,-1.6099548,-0.5099548,-1.0099548,-2.309955,-3.7099547,-2.309955,-1.9099548,-3.009955,-1.2099549,1.1900451,1.5900452,3.190045,2.8900452,1.4900452,-0.90995485,0.09004517,-2.509955,-3.4099548,-1.5099548,-0.90995485,0.49004516,0.29004517,-1.4099548,-1.3099549,-1.8099549,-1.7099549,-0.009954834,1.2900451,2.690045,2.3900452,1.0900452,1.7900451,1.1900451,2.5900452,1.2900451,1.6900451,-1.0099548,-1.8099549
2.690045,1.8900452,1.2900451,0.59004515,-2.809955,-2.309955,-0.70995486,-0.8099548,1.1900451,1.4900452,-0.70995486,1.1900451,-1.1099548,-2.1099548,-4.409955,-4.109955,-3.4099548,-2.309955,-2.7099547,-1.3099549,-1.7099549,-0.70995486,-0.90995485,-0.40995485,-0.109954834,0.79004514,-0.20995483,1.1900451,1.4900452,1.9900452,0.89004517,0.59004515,0.49004516,-0.109954834,-1.7099549,-2.2099547,-1.1099548,-0.109954834,-1.6099548,-1.5099548,-2.2099547,-2.309955,-3.2099547,-1.7099549,-3.1099548,-3.309955,-1.0099548,3.0900452,0.09004517,4.090045,4.2900453,5.1900454,1.0900452,0.79004514,-0.30995482,-3.809955,-0.009954834,3.690045
3.2900453,2.490045,2.7900453,2.5900452,1.6900451,0.09004517,-0.109954834,-2.4099548,-1.1099548,-2.809955,-1.9099548,-0.30995482,1.2900451,1.8900452,-0.009954834,-0.8099548,-0.109954834,1.4900452,0.29004517,-0.109954834,-1.1099548,-1.0099548,-0.8099548,-0.90995485,-0.009954834,1.1900451,1.8900452,3.3900452,3.490045,2.690045,1.2900451,0.59004515,-0.20995483,-0.60995483,-2.9099548,-1.5099548,-1.5099548,-2.6099548,-0.8099548,-1.7099549,-1.8099549,-1.2099549,-1.1099548,-1.2099549,1.0900452,1.0900452,1.4900452,-0.30995482,-1.2099549,2.5900452,6.1900454,6.590045,8.190045,8.190045,9.590045,12.190045,11.890045,10.890045
4.1900454,4.1900454,3.5900452,2.990045,2.5900452,-0.8099548,2.5900452,2.690045,1.8900452,1.1900451,-0.30995482,1.0900452,2.7900453,5.2900453,1.6900451,0.6900452,1.7900451,2.3900452,3.490045,0.89004517,-0.20995483,-1.4099548,-0.8099548,-0.30995482,-0.5099548,0.39004517,1.8900452,2.990045,3.3900452,2.490045,1.3900452,0.19004516,-0.90995485,-1.9099548,-1.6099548,-0.70995486,-3.309955,-1.3099549,-3.2099547,-1.9099548,-0.30995482,-0.009954834,0.29004517,1.1900451,1.9900452,2.7900453,2.990045,1.3900452,0.6900452,1.8900452,4.6900454,5.7900453,6.2900453,9.990046,12.990046,16.990046,19.290045,16.990046
2.5900452,4.590045,4.490045,4.7900453,4.1900454,4.1900454,4.090045,5.890045,4.990045,1.9900452,2.990045,1.5900452,-1.6099548,3.190045,4.990045,3.5900452,5.490045,6.7900453,4.390045,2.0900452,0.29004517,-0.60995483,-1.2099549,-1.4099548,-1.3099549,-1.1099548,-0.009954834,0.9900452,1.3900452,1.1900451,0.39004517,0.29004517,-1.2099549,-3.309955,-5.409955,-1.7099549,-5.909955,-4.109955,-0.60995483,1.2900451,3.690045,2.3900452,5.890045,5.490045,6.7900453,6.390045,5.890045,9.390045,8.990046,5.7900453,1.9900452,0.9900452,4.990045,5.7900453,7.7900453,11.990046,12.190045,11.190045
2.5900452,3.690045,5.090045,4.990045,4.990045,2.7900453,4.1900454,4.7900453,5.090045,3.7900453,1.6900451,0.9900452,2.5900452,4.890045,8.790045,7.590045,7.490045,6.6900454,5.990045,3.690045,0.9900452,-0.109954834,-2.009955,-2.009955,-2.6099548,-2.509955,-1.7099549,-0.8099548,0.19004516,0.59004515,0.59004515,0.09004517,-2.809955,-6.8099546,-5.3099546,-5.509955,-1.7099549,-2.509955,-0.30995482,2.490045,3.8900452,6.390045,7.890045,5.7900453,6.1900454,7.6900454,4.6900454,7.7900453,5.1900454,4.590045,3.7900453,3.990045,0.79004514,7.2900453,7.7900453,4.2900453,4.390045,7.7900453
1.7900451,2.2900453,3.990045,5.2900453,4.590045,3.5900452,3.490045,4.6900454,6.1900454,5.090045,5.890045,7.1900454,6.7900453,9.390045,8.290045,8.790045,8.590045,6.590045,4.1900454,3.5900452,1.6900451,-0.40995485,-2.009955,-2.6099548,-2.509955,-2.2099547,-2.7099547,-1.3099549,0.29004517,0.79004514,0.79004514,0.49004516,-1.3099549,-1.8099549,5.2900453,-5.009955,-3.309955,0.19004516,-4.409955,-2.509955,2.2900453,3.690045,6.090045,9.590045,9.290045,2.990045,2.8900452,11.390045,11.090045,9.090045,9.290045,7.090045,0.19004516,1.9900452,3.0900452,5.890045,8.190045,10.090045
1.3900452,0.89004517,2.2900453,4.7900453,5.090045,5.590045,4.990045,5.590045,7.890045,10.090045,11.090045,10.690045,9.790045,12.290045,8.590045,7.590045,8.090045,6.1900454,3.7900453,3.0900452,1.7900451,-0.70995486,-1.6099548,-2.309955,-2.1099548,-2.2099547,-2.1099548,-1.5099548,-1.0099548,0.29004517,0.89004517,1.6900451,2.690045,6.6900454,7.590045,4.2900453,2.5900452,2.190045,1.1900451,1.1900451,2.190045,5.390045,7.990045,12.190045,15.090045,14.090045,13.190045,14.690045,8.190045,3.490045,7.990045,11.490046,13.290045,10.990046,7.2900453,7.390045,6.6900454,7.590045
0.49004516,0.79004514,2.0900452,3.2900453,4.6900454,6.590045,7.2900453,8.390045,9.790045,10.490046,12.590045,12.290045,11.790045,13.090045,10.490046,9.290045,9.790045,5.490045,3.690045,2.0900452,0.9900452,-0.40995485,-1.2099549,-1.8099549,-1.4099548,-1.2099549,-1.0099548,-1.8099549,-0.60995483,-0.009954834,1.3900452,3.8900452,5.2900453,9.490046,9.290045,10.490046,7.090045,2.990045,6.590045,7.090045,6.590045,6.7900453,9.190045,12.590045,12.490046,14.990046,12.390045,13.590045,15.690045,5.390045,9.190045,10.790045,9.990046,7.7900453,2.690045,4.1900454,4.090045,6.1900454
0.19004516,0.29004517,0.6900452,2.190045,4.990045,6.090045,8.190045,8.690045,10.190045,12.890045,15.590045,15.490046,11.990046,12.690045,7.590045,5.990045,2.7900453,7.090045,0.19004516,2.0900452,1.0900452,0.59004515,-0.109954834,-0.60995483,-0.70995486,-0.40995485,0.59004515,1.4900452,2.3900452,2.990045,3.190045,4.990045,7.1900454,9.790045,9.190045,9.390045,7.490045,7.390045,10.490046,10.490046,11.190045,11.590045,10.090045,8.990046,10.890045,10.390045,8.690045,7.890045,9.790045,9.090045,6.2900453,8.090045,5.990045,2.990045,-2.4099548,0.89004517,0.79004514,-0.30995482
-0.70995486,-1.4099548,-0.30995482,0.39004517,2.690045,5.7900453,6.7900453,8.590045,12.190045,15.190045,14.490046,12.590045,13.490046,10.590045,4.890045,2.690045,2.190045,5.890045,-0.70995486,-1.4099548,0.39004517,0.79004514,1.9900452,1.8900452,1.6900451,1.6900451,1.6900451,1.8900452,2.190045,3.190045,4.1900454,5.390045,6.390045,8.290045,7.6900454,9.590045,8.790045,9.590045,9.690045,11.690045,11.890045,13.590045,11.890045,6.990045,11.090045,7.1900454,13.090045,4.890045,10.790045,7.490045,3.7900453,5.090045,3.490045,1.7900451,0.39004517,-0.30995482,1.4900452,-1.5099548
-2.009955,-1.3099549,-0.40995485,-0.009954834,1.9900452,3.3900452,4.6900454,9.290045,12.090045,13.990046,13.590045,12.390045,12.290045,7.990045,4.490045,-0.30995482,-0.009954834,0.59004515,-1.7099549,-0.70995486,-1.0099548,0.19004516,1.3900452,2.690045,2.490045,2.990045,2.8900452,2.5900452,2.8900452,4.590045,5.2900453,5.1900454,6.7900453,8.490046,8.890045,9.690045,9.690045,11.190045,9.690045,11.290045,12.590045,9.090045,7.090045,3.490045,9.490046,6.2900453,6.890045,6.2900453,8.590045,2.990045,1.1900451,1.9900452,0.39004517,-0.8099548,-0.20995483,2.5900452,2.990045,1.1900451
-3.2099547,-0.8099548,0.19004516,0.89004517,1.8900452,5.1900454,8.390045,10.090045,5.890045,9.090045,10.490046,7.390045,9.490046,7.390045,4.890045,1.1900451,-0.109954834,-0.40995485,-2.1099548,0.19004516,-0.40995485,0.49004516,0.9900452,2.190045,3.2900453,3.0900452,3.490045,4.6900454,4.490045,4.390045,5.390045,6.590045,7.590045,9.090045,10.190045,10.490046,8.590045,8.890045,8.990046,11.890045,12.690045,7.490045,4.490045,8.990046,5.2900453,4.390045,6.390045,4.590045,4.7900453,2.490045,0.29004517,-2.309955,-2.309955,-0.70995486,0.09004517,1.7900451,2.990045,1.2900451
-3.9099548,-2.4099548,-0.70995486,0.39004517,3.0900452,6.490045,5.390045,9.090045,6.890045,5.990045,8.490046,3.8900452,6.590045,6.490045,3.8900452,-0.8099548,0.09004517,-0.009954834,0.19004516,-0.109954834,-0.009954834,0.89004517,1.0900452,1.0900452,2.0900452,2.490045,3.5900452,4.390045,4.590045,5.1900454,5.7900453,6.490045,7.6900454,7.590045,8.890045,9.990046,7.490045,7.6900454,9.290045,11.090045,11.190045,5.890045,6.390045,3.5900452,2.0900452,6.390045,4.590045,1.6900451,1.7900451,-1.2099549,1.7900451,1.3900452,2.7900453,2.690045,2.190045,-0.8099548,1.7900451,1.3900452
-2.9099548,-0.90995485,0.89004517,3.2900453,4.990045,2.690045,5.6900454,5.1900454,4.7900453,9.390045,4.6900454,2.0900452,0.19004516,-4.2099547,1.9900452,0.39004517,1.7900451,2.2900453,3.190045,4.1900454,2.2900453,1.3900452,0.6900452,0.9900452,1.4900452,2.2900453,3.7900453,2.690045,4.590045,4.490045,4.6900454,5.2900453,6.6900454,6.490045,6.6900454,8.890045,6.890045,8.290045,10.090045,10.190045,10.590045,4.390045,0.39004517,2.8900452,4.390045,1.8900452,3.3900452,2.8900452,1.5900452,1.5900452,2.0900452,0.29004517,1.2900451,0.39004517,1.0900452,-3.309955,-0.90995485,-1.9099548
-1.6099548,-0.009954834,3.690045,4.990045,4.990045,1.2900451,6.7900453,5.590045,2.8900452,4.490045,3.0900452,0.59004515,-0.30995482,-0.70995486,2.190045,1.7900451,2.490045,2.2900453,5.590045,7.090045,3.990045,2.190045,1.1900451,0.9900452,1.8900452,1.8900452,2.0900452,2.3900452,3.5900452,4.490045,4.6900454,5.2900453,4.590045,4.7900453,4.6900454,9.890045,10.390045,7.590045,4.990045,5.390045,2.690045,0.6900452,-2.4099548,3.2900453,2.7900453,0.09004517,1.4900452,-0.70995486,-1.1099548,0.39004517,1.9900452,-2.1099548,-2.1099548,-2.009955,-0.5099548,-1.3099549,-7.009955,-2.4099548
-0.90995485,2.190045,3.690045,4.090045,0.39004517,4.390045,6.590045,2.3900452,4.590045,5.7900453,1.6900451,0.79004514,0.59004515,2.8900452,0.39004517,-0.60995483,0.9900452,-0.70995486,3.2900453,6.890045,4.6900454,3.8900452,2.5900452,2.0900452,1.5900452,1.9900452,0.79004514,1.7900451,2.7900453,3.190045,2.8900452,3.0900452,2.5900452,3.0900452,5.890045,9.890045,9.990046,4.6900454,2.490045,3.190045,1.1900451,-5.409955,-3.9099548,3.3900452,4.490045,-0.009954834,0.59004515,-0.109954834,-1.5099548,-1.5099548,0.9900452,-3.009955,-1.6099548,-1.3099549,-2.4099548,-3.6099548,-1.2099549,-8.309955
2.990045,-0.60995483,-1.0099548,5.890045,2.690045,3.0900452,0.6900452,0.39004517,2.3900452,0.9900452,1.7900451,0.89004517,2.0900452,1.0900452,-1.1099548,-1.3099549,-3.1099548,-5.609955,3.3900452,7.490045,5.7900453,4.890045,3.7900453,3.690045,3.690045,2.490045,1.6900451,1.9900452,2.7900453,1.9900452,2.490045,2.0900452,2.490045,2.3900452,5.7900453,8.490046,8.290045,4.2900453,1.3900452,2.190045,0.79004514,-3.009955,-7.3099546,-1.6099548,4.490045,0.6900452,0.9900452,1.0900452,2.2900453,0.19004516,-2.309955,-2.809955,-3.6099548,-1.8099549,-2.809955,-4.7099547,-4.2099547,-8.309955
1.3900452,-1.7099549,3.8900452,2.690045,1.1900451,0.09004517,1.0900452,1.9900452,-3.4099548,6.090045,5.1900454,0.6900452,-0.009954834,-0.5099548,1.1900451,-1.8099549,-3.4099548,-4.009955,-1.6099548,-1.1099548,2.990045,2.690045,3.8900452,4.1900454,3.190045,2.3900452,2.3900452,3.2900453,3.690045,3.190045,3.5900452,3.490045,3.7900453,5.390045,5.390045,6.090045,7.390045,2.5900452,0.9900452,-0.8099548,-1.1099548,-6.509955,-7.7099547,-5.3099546,3.2900453,3.2900453,-0.009954834,-3.009955,-1.0099548,-0.30995482,-0.40995485,-1.1099548,-1.2099549,-3.309955,-2.9099548,-6.509955,-6.2099547,-7.009955
-0.90995485,-1.5099548,1.7900451,-0.40995485,-0.30995482,0.39004517,3.5900452,1.0900452,-3.009955,6.890045,2.990045,-1.8099549,-0.90995485,-0.009954834,-2.509955,-0.8099548,0.79004514,0.49004516,-0.5099548,0.49004516,-0.8099548,0.6900452,0.49004516,4.090045,3.0900452,3.7900453,3.690045,4.7900453,4.6900454,4.390045,4.7900453,4.090045,6.090045,7.1900454,5.090045,1.0900452,3.5900452,0.9900452,-0.109954834,-2.809955,-3.309955,-6.909955,-7.2099547,-6.609955,-0.90995485,4.090045,-3.2099547,-4.509955,-1.1099548,-5.409955,-3.809955,-1.4099548,-0.5099548,-1.5099548,-5.7099547,-5.609955,-7.109955,-6.909955
-5.7099547,-1.0099548,-3.1099548,-0.90995485,-4.109955,-2.009955,-1.8099549,2.2900453,-2.809955,0.6900452,0.9900452,-2.4099548,0.6900452,-0.30995482,1.4900452,4.490045,6.490045,5.390045,6.590045,6.7900453,4.490045,0.79004514,-0.70995486,7.2900453,2.190045,3.5900452,4.490045,4.7900453,5.1900454,3.990045,5.490045,7.2900453,7.590045,6.490045,1.5900452,0.6900452,3.190045,-2.309955,-0.90995485,-3.2099547,-4.7099547,-7.8099546,-7.109955,-7.7099547,-7.409955,-2.309955,-5.8099546,-6.7099547,-2.9099548,-6.8099546,-5.8099546,-3.6099548,-3.1099548,-5.409955,-6.609955,-6.009955,-6.609955,-5.509955
-4.3099546,-5.109955,-2.9099548,-4.009955,-7.7099547,0.59004515,-3.509955,-1.9099548,-1.1099548,-0.20995483,0.6900452,0.79004514,2.5900452,3.690045,3.0900452,4.7900453,4.490045,4.1900454,4.490045,4.090045,3.8900452,3.490045,-2.309955,6.490045,3.8900452,3.5900452,5.090045,6.590045,6.7900453,8.490046,9.090045,7.590045,5.2900453,2.7900453,-0.109954834,-1.1099548,-0.70995486,-2.509955,-2.809955,-2.509955,-4.409955,-7.3099546,-8.409955,-8.309955,-6.609955,1.1900451,-2.009955,-5.409955,-3.309955,-1.6099548,-6.2099547,-6.8099546,-6.409955,-6.7099547,-6.009955,-5.609955,-6.8099546,-6.509955
-3.4099548,-3.7099547,-4.109955,-4.2099547,-2.1099548,-5.2099547,-3.6099548,-5.509955,-3.7099547,-1.3099549,-0.30995482,-0.109954834,-1.0099548,0.9900452,-0.40995485,0.9900452,0.39004517,0.49004516,2.690045,0.89004517,-2.809955,-2.1099548,0.09004517,4.890045,4.890045,5.6900454,7.490045,8.690045,6.7900453,7.090045,5.7900453,3.990045,1.3900452,-0.8099548,-0.40995485,-1.8099549,-5.109955,-4.009955,-2.6099548,1.7900451,-2.809955,-6.609955,-7.3099546,-8.609955,-9.109955,-3.2099547,0.79004514,-6.609955,-6.509955,-3.9099548,-7.2099547,-7.409955,-7.109955,-5.909955,-4.609955,-5.8099546,-6.909955,-6.609955
-5.009955,-2.509955,-6.7099547,-3.809955,-3.1099548,-4.009955,-4.409955,-3.009955,-3.4099548,-2.6099548,-4.109955,-2.4099548,-2.9099548,-3.7099547,-2.9099548,-5.009955,-2.509955,-6.909955,-3.4099548,-1.8099549,-2.7099547,-3.7099547,0.6900452,-1.8099549,-1.5099548,1.8900452,6.090045,3.2900453,2.7900453,2.7900453,1.1900451,-0.009954834,-1.4099548,-1.7099549,-1.4099548,-2.809955,-4.109955,-7.7099547,-6.3099546,2.3900452,-2.9099548,-2.9099548,-4.409955,-7.2099547,-5.2099547,-3.7099547,-7.2099547,-6.7099547,-5.409955,-6.409955,-6.009955,-6.3099546,-6.009955,-4.509955,-4.509955,-5.609955,-6.609955,-6.8099546
-4.609955,-6.109955,-4.909955,-3.309955,-4.109955,-5.409955,-6.909955,-7.7099547,-6.909955,-4.7099547,-6.7099547,-7.2099547,-5.909955,-5.7099547,-4.2099547,-1.2099549,-8.909955,-5.609955,-2.4099548,-6.509955,-1.8099549,-2.509955,-5.109955,-2.1099548,1.2900451,-0.009954834,0.29004517,-0.8099548,-0.70995486,-2.009955,-2.4099548,-2.309955,-3.6099548,-2.9099548,-2.309955,-4.7099547,-4.109955,-4.2099547,-2.1099548,0.6900452,0.29004517,-3.009955,-1.7099549,-5.109955,-7.109955,-5.009955,-1.6099548,-3.9099548,-5.009955,-5.509955,-4.509955,-4.509955,-3.7099547,-3.9099548,-5.109955,-5.7099547,-6.609955,-6.009955
