nws-json/gfs.t18z.pgrb2.1p00.f000.json
{"header": { "discipline":0, "disciplineName":"Meteorological products", "gribEdition":2, "gribLength":79910, "center":7, "centerName":"US National Weather Service - NCEP(WMC)", "subcenter":0, "refTime":"2019-10-26T18:00:00.000Z", "significanceOfRT":1, "significanceOfRTName":"Start of forecast", "productStatus":0, "productStatusName":"Operational products", "productType":1, "productTypeName":"Forecast products", "productDefinitionTemplate":0, "productDefinitionTemplateName":"Analysis/forecast at horizontal level/layer at a point in time", "parameterCategory":2, "parameterCategoryName":"Momentum", "parameterNumber":3, "parameterNumberName":"V-component_of_wind", "parameterUnit":"m.s-1", "genProcessType":2, "genProcessTypeName":"Forecast", "forecastTime":0, "surface1Type":100, "surface1TypeName":"Isobaric surface", "surface1Value":100000.0, "surface2Type":255, "surface2TypeName":"Missing", "surface2Value":0.0, "gridDefinitionTemplate":0, "gridDefinitionTemplateName":"Latitude_Longitude", "numberPoints":65160, "shape":6, "shapeName":"Earth spherical with radius of 6,371,229.0 m", "gridUnits":"degrees", "resolution":48, "winds":"true", "scanMode":0, "nx":360, "ny":181, "basicAngle":0, "lo1":0.0, "la1":90.0, "lo2":359.0, "la2":-90.0, "dx":1.0, "dy":1.0 }, "data":
[rows 104 to 129 of 181, columns 174 to 231 of 360]
0.40105957,-1.9689404,1.6310595,2.6310596,3.5410595,4.1910596,-0.7989404,-3.7989404,-3.7089405,-0.6789404,1.5310596,-0.18894044,1.6910596,2.6610596,2.7410595,-0.77894044,-2.1489403,-1.5289404,-1.1989404,-1.3589405,-1.3789405,-0.58894044,-0.8589404,-1.0389404,-1.9289404,-1.8389404,-2.6789405,-2.6789405,-1.6489404,-0.7489404,-0.65894043,-1.0289404,-0.07894043,0.35105956,0.9410596,-1.4189404,-0.30894044,-1.1489404,0.08105957,1.2810596,1.6010596,2.1510596,3.0410595,3.8110595,3.9110596,4.1010594,4.3710594,4.3710594,4.0510597,4.72106,4.7810597,4.1910596,3.5210595,1.6410595,0.39105958,-10.06894,-8.468941,-7.2989407
0.53105956,0.8710596,1.2110596,1.9710596,2.7210596,3.2510595,3.1110597,1.5810596,1.7910596,3.9710596,3.0510595,5.1210594,5.7010593,3.4610596,2.6710596,4.1810594,0.09105957,-1.8989404,-1.5689404,-1.5589404,-1.7289405,-0.6089404,0.10105957,-0.31894043,-0.22894043,0.47105956,-0.84894043,-1.1589404,-0.9889404,-0.6789404,-0.71894044,-1.2189404,-1.1189405,-0.15894043,1.0010595,0.80105954,0.8210596,1.1910596,0.92105955,0.7610596,1.3710595,1.0810596,2.5810595,4.2910595,4.8310595,4.8610597,5.8410597,5.5610595,4.5710597,3.9810596,3.5610595,2.2910595,2.3710597,2.0710595,0.5710596,-5.5789404,-8.638941,-9.298941
3.6610596,1.1110595,2.0510595,3.5110595,3.9910595,4.6110597,5.1110597,4.3210597,3.9310596,2.9610596,2.0510595,1.5210595,5.3210597,3.8810596,4.3810596,4.2910595,5.0010595,1.3410596,-1.3589405,-1.8889405,-1.9489404,-2.0289404,-2.2589405,-1.4689404,-1.6089405,-1.3289404,-2.1389403,-2.7889404,-3.0089405,-1.8489404,-2.7489405,-2.1689405,-1.1789404,-1.3989404,-1.0789404,-0.24894042,0.7110596,1.8210596,1.7710595,3.5510595,3.7810595,3.5910597,3.4910595,3.5010595,4.1110597,4.8910594,4.4410596,5.1910596,4.5010595,3.7710595,2.8710597,1.8710595,0.90105957,0.15105957,-0.01894043,-0.51894045,-2.7189405,-6.6889405
6.7510595,5.1210594,3.0510595,2.7210596,6.6310596,3.4910595,3.9410596,3.9110596,4.0310597,2.5210595,1.3710595,-0.46894044,2.6510596,3.4410596,3.4810596,3.8810596,5.2910595,6.3910594,8.96106,3.8310595,-0.34894043,-0.9289404,-4.00894,-3.7189405,-2.5289404,-2.4989405,-2.1789405,-2.4789405,-3.2989404,-3.5689404,-3.0489404,-2.6589403,-2.4489405,-2.1889405,-1.8189404,-1.5889404,-1.4589404,0.10105957,1.8010596,2.0110595,2.1310596,1.7910596,2.5810595,4.0410595,4.6710596,5.5410595,5.4010596,6.1110597,5.4510593,5.0210595,3.8810596,3.3110595,-0.8789404,-1.2589405,-2.3589404,-2.1989405,-0.45894042,-4.1089406
4.2710595,5.4810596,5.8210597,4.8010597,-0.08894043,4.3010597,4.9310594,5.6410594,5.99106,6.3610597,4.9410596,3.9810596,4.0810595,4.0910597,2.3810596,3.1710596,3.6510596,-0.71894044,-1.1189405,4.1410594,11.17106,-0.8789404,-0.13894042,-1.5089405,-3.2689404,-3.6089404,-2.3789403,-2.7989404,-2.4989405,-3.7789404,-4.1389403,-4.0789404,-4.1189404,-2.4189405,-2.7189405,-3.2589405,-0.7889404,-0.9789404,-0.18894044,-0.08894043,1.8110596,2.3510597,3.1810596,4.0710597,4.9110594,5.5610595,6.8510594,7.2110596,7.9010596,7.3710594,6.3710594,5.1710596,3.4010596,-0.06894043,-3.4389405,-3.5789404,-2.3489404,-3.8689404
1.9910595,3.7910595,4.47106,6.0110598,5.1510596,5.1510596,6.2910595,6.4210596,5.6810594,6.3310595,6.9210596,7.3910594,7.5510597,7.0210595,6.2110596,7.1810594,6.8510594,5.7010593,4.4310594,3.7410595,4.2610598,8.281059,4.2110596,0.07105957,-1.6989404,-3.3289404,-4.8989406,-4.4389405,-3.8789403,-3.8689404,-5.6589403,-4.5189404,-3.8489404,-2.9589405,-3.5789404,-2.6289403,-3.0389404,-1.4489404,-1.2789404,-0.13894042,-0.01894043,0.59105957,1.7210596,2.7210596,4.1010594,5.4110594,6.74106,7.3610597,7.7710595,7.8710594,8.02106,6.72106,4.9610596,3.7310596,-0.33894044,-4.5489407,-3.6189404,-1.9489404
3.4410596,4.3110595,4.5010595,3.9410596,3.7710595,3.9210596,3.9510596,3.7810595,5.1310596,4.0710597,4.4010596,7.6310596,8.191059,8.21106,8.14106,7.8710594,9.17106,9.071059,8.14106,7.0010595,5.5010595,5.6710596,7.8410597,10.98106,1.3010596,-4.0789404,-5.2689404,-5.9789405,-5.8489404,-4.0489407,-4.0989404,-4.2889404,-4.3289404,-3.1989405,-2.5689404,-2.3689404,-2.4289405,-2.2389405,-1.9389404,-0.8189404,-0.29894042,0.59105957,1.2210596,2.7510595,4.8010597,6.0010595,6.7110596,8.22106,7.8810596,8.081059,8.64106,7.7610598,6.8910594,6.0910597,0.8710596,-3.0389404,-3.9189405,-2.0889404
4.1410594,2.9810596,1.6410595,1.7210596,2.2910595,3.0310595,3.5110595,3.6110597,3.3410597,4.3610597,4.0810595,5.1710596,5.7310596,6.6610594,7.1510596,7.0510597,6.8710594,7.6510596,7.8610597,7.8610597,6.7610598,6.1010594,5.7710595,8.411059,10.241059,0.37105957,-6.27894,-6.5589404,-6.8589406,-7.4289403,-5.4789405,-6.4989405,-4.1989403,-4.0789404,-3.3389404,-3.4689405,-3.6489403,-2.3389404,-1.6089405,-0.9389404,0.13105957,0.26105958,1.3410596,3.1710596,4.49106,5.3910594,6.8610597,8.09106,8.38106,8.42106,8.93106,9.371059,9.02106,9.67106,2.3210595,-1.1489404,-3.1389403,-2.7489405
2.2510595,2.7410595,1.5510596,1.4610596,2.2810595,2.5910597,3.1510596,3.3810596,3.2710595,3.8310595,3.9310596,4.1410594,4.6110597,6.0910597,6.8810596,6.99106,6.97106,7.72106,8.831059,8.93106,9.48106,6.8410597,5.4510593,6.5010595,8.05106,10.68106,0.27105957,-7.52894,-9.548941,-8.56894,-8.93894,-6.8989406,-8.048941,-6.6089406,-4.8789406,-5.4089403,-4.0589404,-2.5789404,-1.6689404,-1.2989404,-0.59894043,-0.20894043,1.3410596,3.0110595,3.8410597,5.47106,7.0110598,8.00106,8.34106,8.47106,9.34106,9.31106,9.661059,9.191059,4.7310596,0.92105955,-0.9889404,-2.3789403
1.5410596,1.7410595,2.5510595,2.8310595,2.8010595,3.5010595,3.5610595,4.1110597,4.22106,4.5910597,4.3610597,4.5010595,4.5510597,4.99106,6.0010595,6.3410597,6.6310596,6.7710595,6.9810596,7.6710596,8.491059,8.18106,7.1210594,7.0110598,7.4610596,8.0410595,8.81106,-2.9889405,-9.298941,-10.928941,-10.57894,-8.168941,-9.03894,-8.28894,-5.8089404,-5.3289404,-4.4589405,-3.0689404,-1.4489404,-1.0489404,-0.6089404,-0.18894044,1.1510596,2.5110595,2.5910597,3.8010595,6.0510597,7.1410594,7.7910595,7.9410596,8.411059,9.911059,9.871059,9.13106,8.48106,7.5910597,4.3810596,1.3810595
2.0210595,2.2410595,2.4510596,2.8510597,3.5610595,3.6510596,4.4610596,5.3210597,5.49106,5.7810597,6.3410597,6.4310594,6.8710594,6.7810597,7.2910595,6.1010594,5.2810597,5.8810596,6.0910597,5.6210594,5.4810596,6.4610596,6.1710596,5.0010595,6.0610595,6.47106,7.2510595,10.21106,-5.75894,-8.94894,-9.77894,-10.40894,-9.39894,-8.668941,-7.5689406,-6.9189405,-5.6789403,-3.8889403,-2.8089404,-1.4589404,-2.0189404,-1.8789405,0.38105956,1.2110596,1.9010596,2.8310595,4.4610596,5.1310596,6.1710596,7.1010594,8.411059,9.281059,10.77106,9.71106,9.14106,6.9510593,8.531059,7.6710596
2.5310595,2.6810596,3.1910596,3.9410596,3.8310595,4.6610594,5.5110598,5.9410596,5.3010597,5.97106,5.6810594,5.6610594,5.8210597,5.6910596,5.72106,5.8610597,5.7910595,5.6110597,6.8710594,5.5010595,3.3110595,3.5210595,3.7110596,2.4510596,4.5010595,5.2110596,6.1910596,6.3510594,9.48106,-9.97894,-11.77894,-11.24894,-10.798941,-10.508941,-8.93894,-7.9089403,-6.1389403,-4.3289404,-3.4989405,-2.6389403,-3.2689404,-2.8989403,-0.50894046,0.43105957,0.8310596,1.9010596,2.9610596,3.6710596,4.5610595,7.3310595,7.3410597,8.111059,8.611059,9.821059,9.56106,8.781059,8.371059,7.3910594
2.5010595,3.5510595,4.3410597,3.7410595,3.5810595,4.5210595,4.8510594,5.4110594,5.6210594,5.9510593,5.9310594,6.0410595,5.7710595,5.6610594,5.7010593,5.3410597,5.5910597,5.6010594,5.4110594,5.6010594,5.6310596,5.6810594,1.6810596,0.9610596,0.19105957,3.1010597,4.4610596,6.3710594,5.3910594,4.8010597,-9.348941,-13.638941,-11.52894,-11.74894,-10.14894,-7.7389402,-7.00894,-5.2189403,-5.2089405,-4.1889405,-4.8489404,-3.3589404,-1.2989404,-0.7389404,0.61105955,1.2710595,0.98105955,1.1110595,3.0610595,5.0810595,6.7610598,7.7810597,8.46106,9.741059,8.59106,7.97106,8.071059,8.35106
2.4410596,2.7310596,3.6310596,4.0910597,4.0310597,3.7710595,5.1110597,5.0410595,5.2510595,5.1710596,5.1110597,5.4510593,5.4110594,4.6910596,4.3010597,3.8610597,4.5710597,5.6910596,5.3710594,5.0510597,3.8910596,4.8710594,4.22106,-0.07894043,-0.5589404,0.05105957,2.4510596,4.1810594,5.5710597,5.1110597,-12.008941,-13.74894,-13.94894,-12.49894,-9.128941,-5.3289404,-6.8989406,-6.4889402,-5.4289403,-4.6089406,-6.3589406,-3.4889405,-2.7189405,-1.4289404,-0.5389404,-1.5189404,-2.0989404,1.0910596,1.9410596,3.8710597,5.3310595,5.4810596,7.2710595,9.01106,9.46106,8.5410595,6.0710597,6.7310596
2.1410596,2.5110595,3.2310596,3.6910596,3.8110595,4.5010595,5.0910597,6.0610595,5.6610594,5.9410596,6.1410594,6.47106,6.6510596,6.3910594,6.8110595,6.3610597,5.49106,5.8810596,6.3210597,6.0610595,5.8010597,3.3010595,2.9610596,4.4010596,-1.1089405,-1.6489404,-0.20894043,3.3010595,3.6710596,1.5710596,-4.5389404,-11.78894,-10.98894,-11.98894,-9.61894,-6.0889406,-8.48894,-7.1589403,-6.4689403,-5.4789405,-7.02894,-4.4889402,-2.6789405,-2.3389404,-1.1989404,-1.2689404,-0.35894042,0.65105957,1.3610595,2.4610596,3.8110595,4.2610598,5.7710595,7.3610597,8.60106,7.8310595,6.9010596,6.8410597
1.3610595,2.1610596,3.1410596,3.7710595,4.3910594,4.8910594,5.3410597,5.6310596,6.3910594,6.74106,6.5710597,6.6910596,7.0210595,7.2110596,6.6010594,5.74106,5.3210597,5.4510593,5.8510594,6.22106,5.9510593,6.1610594,4.4010596,3.6810596,1.5410596,-1.3889405,-1.5489404,0.85105956,2.8710597,2.8910596,-7.7489405,-14.85894,-14.928941,-11.548941,-10.968941,-13.348941,-8.03894,-7.4689403,-6.1689405,-5.4489403,-6.6589403,-5.9489403,-3.6089404,-3.2989404,-2.0289404,-1.9189404,-0.94894046,-0.39894044,1.4810596,1.9210596,2.6210597,2.6010597,4.1710596,5.0410595,5.8710594,6.5610595,6.5510597,5.9610596
1.3410596,2.1210597,3.7610595,3.9610596,4.7310596,4.5610595,5.2010593,5.1110597,5.3710594,5.6510596,5.6710596,5.7110596,6.4510593,6.0810595,4.7110596,4.8110595,4.6310596,4.4410596,4.5410595,4.4210596,4.6210594,4.3610597,5.4110594,3.6510596,1.8410596,-1.8789405,-3.3189404,-1.9789405,2.3510597,1.8110596,-10.69894,-7.00894,-12.428941,-12.808941,-13.888941,-9.47894,-9.69894,-6.7489405,-4.4989405,-7.2989407,-8.89894,-6.7989407,-5.2089405,-4.1089406,-2.7389405,-2.8489404,-2.3589404,-1.4889405,0.25105956,0.9310596,2.0210595,1.9410596,0.73105955,3.2510595,3.8810596,4.4610596,4.7110596,4.5810595
1.7210596,3.1010597,3.3110595,4.74106,4.1010594,4.3410597,4.4010596,4.4510593,4.2010593,4.72106,5.1810594,5.9210596,6.3910594,6.5610595,5.9310594,6.2610598,6.2810597,6.1110597,5.2710595,4.9310594,4.3010597,4.3110595,3.9810596,5.0410595,0.9410596,-1.4389404,-5.75894,-4.4289403,-0.7389404,-5.1289406,-8.11894,-5.7689404,-4.4489403,-9.878941,-11.68894,-9.918941,-9.10894,-6.9089403,-8.51894,-9.7089405,-8.848941,-7.6789403,-6.5389404,-5.1089406,-4.1889405,-2.9489405,-3.4389405,-2.6589403,-0.83894044,1.7610595,2.5210595,3.6210597,-0.45894042,1.7710595,2.6110597,1.3610595,1.7410595,2.5410595
2.6510596,2.9210596,3.7710595,3.4010596,4.0510597,3.4110596,3.7510595,4.0110598,4.1710596,4.5310597,5.6610594,7.6410594,8.871059,9.09106,8.67106,7.4410596,7.8210597,7.5510597,5.9310594,5.3110595,3.9710596,2.9910595,1.7910596,4.3810596,-1.1289405,-1.7389405,-7.8089404,-7.25894,-3.2489405,-9.72894,-14.338941,-12.628941,-8.638941,-8.298941,-7.2889404,-6.4889402,-8.808941,-7.3489404,-9.99894,-10.048941,-10.94894,-8.77894,-7.6889405,-5.7489405,-4.25894,-3.1089404,-4.1989403,-3.7189405,-1.2989404,0.92105955,1.5610596,3.7310596,1.0810596,1.3710595,1.3910595,0.92105955,-0.57894045,-0.17894043
2.7310596,2.7710595,1.4710596,2.4710596,3.1210597,3.7010596,2.7510595,2.9510596,3.9510596,4.8510594,6.7310596,8.63106,9.97106,11.14106,11.76106,11.241059,9.531059,9.06106,5.9110594,7.1610594,3.6710596,1.9610596,-0.07894043,4.1710596,3.6910596,2.2610595,-4.1489406,-9.168941,-6.3689404,-2.3989403,-10.40894,-11.138941,-14.008941,-11.06894,-9.928941,-9.968941,-5.9789405,-8.18894,-9.10894,-6.7689404,-9.008941,-9.35894,-7.5689406,-6.8989406,-5.3189406,-4.1489406,-4.2089405,-4.3989406,-2.0589404,-0.9989404,0.38105956,1.1310595,1.4010596,0.06105957,0.79105955,-1.2989404,-0.63894045,-0.03894043
2.4410596,1.8010596,3.2710595,3.5210595,3.7410595,4.0510597,2.7610595,2.0510595,3.0310595,5.6810594,8.191059,10.18106,12.46106,12.241059,12.59106,11.47106,9.081059,7.9210596,7.8710594,4.5610595,3.5710595,2.9710596,0.19105957,1.1710596,4.5410595,-0.64894044,4.0210595,-7.5189404,-7.25894,-5.9689403,-7.4989405,-7.4589405,-9.258941,-8.31894,-9.27894,-9.24894,-6.2389402,-5.5389404,-6.5689406,-9.168941,-10.058941,-9.89894,-9.26894,-8.558941,-7.1289406,-5.5889406,-5.4889402,-5.3789406,-3.6489403,-2.0889404,-1.7889404,0.05105957,0.23105957,-1.4989405,-0.46894044,-0.33894044,-0.7989404,-0.01894043
0.31105956,1.7910596,5.6610594,5.1110597,4.24106,3.4310596,3.4010596,1.6710596,2.9910595,6.7110596,9.911059,11.201059,11.76106,13.14106,12.111059,12.55106,12.09106,8.941059,7.0210595,4.7110596,2.2110596,2.3210595,0.5110596,-0.88894045,-0.49894044,2.8010595,-4.8389406,0.97105956,-9.888941,-7.7989407,-9.598941,-10.008941,-8.23894,-6.4789405,-5.2889404,-7.2289405,-7.3789406,-6.3089404,-6.7089405,-4.7389402,-10.18894,-11.9589405,-10.78894,-10.14894,-8.49894,-7.2389402,-7.27894,-5.4589405,-4.27894,-3.0489404,-1.9389404,-1.5389404,-0.6289404,-2.0189404,-2.9889405,-2.0389404,-2.5889404,-0.29894042
-0.75894046,3.5910597,6.0010595,3.7210596,5.0710597,4.2910595,2.3110595,0.67105955,3.8610597,8.30106,9.941059,12.05106,12.451059,12.281059,14.47106,13.861059,11.531059,8.09106,6.1410594,3.5110595,3.3010595,2.3410597,2.4610596,-1.6689404,-1.1889404,1.2210596,-0.52894044,2.0210595,-7.27894,-10.01894,-11.548941,-10.35894,-10.558941,-9.548941,-7.75894,-6.8389406,-8.348941,-8.03894,-6.1189404,-5.3489404,-9.008941,-12.76894,-11.57894,-10.73894,-10.39894,-8.878941,-8.15894,-6.6589403,-5.4889402,-4.5789404,-2.7489405,-2.9489405,-1.9289404,-3.0989404,-3.6389403,-3.3589404,-2.5989404,-1.2489405
-0.7389404,2.5610595,1.4610596,5.99106,6.1310596,2.5610595,-0.44894043,1.1810596,5.4110594,8.18106,10.38106,11.451059,12.17106,12.88106,13.531059,13.611059,13.09106,8.371059,6.5210595,5.9510593,2.4110596,0.53105956,0.05105957,-1.3589405,-2.6189404,-2.5989404,0.6410596,0.24105957,0.6210596,-7.6789403,-11.90894,-11.57894,-10.60894,-9.928941,-8.9589405,-7.6689405,-7.2889404,-10.428941,-8.44894,-5.7889404,-12.138941,-13.848941,-12.01894,-11.758941,-11.418941,-10.848941,-9.47894,-7.9589405,-6.4989405,-5.50894,-4.9989405,-4.3289404,-2.8989403,-4.27894,-3.6089404,-4.0189404,-3.2689404,-2.2389405
-1.1089405,0.44105956,2.3310595,3.8210595,0.45105958,-2.5189404,-1.4089404,3.0010595,4.9810596,8.21106,10.14106,11.081059,11.73106,12.35106,13.88106,14.361059,14.2910595,9.06106,6.7010593,4.6910596,1.1710596,-0.6689404,-1.5189404,-1.5289404,-3.9689405,-3.4889405,-2.3089404,-0.95894045,-1.7289405,-4.75894,-12.69894,-11.918941,-10.838941,-10.03894,-8.598941,-5.7889404,-4.6689405,-8.128941,-6.3389406,-6.6589403,-12.678941,-14.308941,-13.22894,-12.74894,-12.72894,-11.588941,-10.628941,-9.01894,-7.50894,-6.5189404,-5.1989403,-4.9089403,-3.6889405,-4.3089404,-5.8389406,-3.6789405,-2.1389403,-2.2889404
-1.6589404,-0.27894044,1.8210596,-0.89894044,-2.5089405,-4.8289404,-1.0989404,2.4810596,5.7110596,7.6510596,8.361059,10.77106,11.401059,13.35106,13.30106,13.02106,13.23106,12.02106,7.1710596,4.9210596,3.1510596,-0.06894043,-2.6789405,-3.1689405,-6.1989403,-4.52894,-4.0189404,-2.1489403,-2.7889404,-2.7589405,-9.7089405,-10.10894,-10.928941,-11.90894,-10.718941,-7.5189404,-6.1389403,-4.6689405,-4.2689404,-5.5389404,-11.72894,-12.89894,-14.44894,-13.89894,-13.23894,-12.558941,-11.98894,-10.14894,-8.78894,-7.5689406,-6.7289405,-5.9089403,-4.6889405,-6.27894,-7.77894,-4.8089404,-2.2189405,-2.1689405
