nws-json/gfs.t18z.pgrb2.1p00.f000.json
{"header": { "discipline":0, "disciplineName":"Meteorological products", "gribEdition":2, "gribLength":79357, "center":7, "centerName":"US National Weather Service - NCEP(WMC)", "subcenter":0, "refTime":"2019-10-26T18:00:00.000Z", "significanceOfRT":1, "significanceOfRTName":"Start of forecast", "productStatus":0, "productStatusName":"Operational products", "productType":1, "productTypeName":"Forecast products", "productDefinitionTemplate":0, "productDefinitionTemplateName":"Analysis/forecast at horizontal level/layer at a point in time", "parameterCategory":2, "parameterCategoryName":"Momentum", "parameterNumber":2, "parameterNumberName":"U-component_of_wind", "parameterUnit":"m.s-1", "genProcessType":2, "genProcessTypeName":"Forecast", "forecastTime":0, "surface1Type":100, "surface1TypeName":"Isobaric surface", "surface1Value":100000.0, "surface2Type":255, "surface2TypeName":"Missing", "surface2Value":0.0, "gridDefinitionTemplate":0, "gridDefinitionTemplateName":"Latitude_Longitude", "numberPoints":65160, "shape":6, "shapeName":"Earth spherical with radius of 6,371,229.0 m", "gridUnits":"degrees", "resolution":48, "winds":"true", "scanMode":0, "nx":360, "ny":181, "basicAngle":0, "lo1":0.0, "la1":90.0, "lo2":359.0, "la2":-90.0, "dx":1.0, "dy":1.0 }, "data":
[rows 78 to 103 of 181, columns 58 to 115 of 360]
0.16623779,0.6662378,1.6062378,2.6862378,3.8662379,4.9462376,5.4962378,6.876238,8.456238,8.826238,9.956238,8.906238,8.256238,7.256238,6.0762377,4.356238,3.4962378,-3.2537622,-0.95376223,-0.5637622,-0.28376222,0.2762378,1.9762378,0.8262378,-0.6237622,-0.9737622,-0.9837622,-1.9937623,-3.4737623,-4.8837624,-4.143762,-4.3637624,-2.7537622,-2.3837621,-1.8537621,-2.4237623,-1.7537622,-2.1037621,-1.4737622,-1.2237622,-0.31376222,-0.4537622,0.7562378,-1.2337623,1.6262378,-1.0337622,0.14623779,-2.2237623,-1.0737622,-1.1037621,-1.4237622,0.5862378,-6.2137623,-7.313762,-7.5737624,-7.9437623,-8.053762,-8.543762
0.6962378,1.2662377,2.6362379,3.6362379,4.256238,5.5162377,6.506238,7.086238,8.606237,8.796238,8.236238,8.556238,8.746238,8.256238,5.8062377,5.086238,4.0562377,-3.2237623,-1.8637623,3.2162378,-2.3237622,1.8062378,2.0062377,0.40623778,-1.1837622,0.54623777,-1.1837622,-3.7337623,-4.2537622,-4.833762,-4.9437623,-4.353762,-3.3237622,-2.4737623,-3.0937622,-2.153762,-1.3937622,-1.1837622,-0.7737622,-1.0037622,-0.6037622,-0.9137622,-2.8537621,-1.2437623,0.5062378,-0.7237622,-0.70376223,-3.2637622,-2.6137621,-1.7137622,-1.1637622,-7.8637624,-6.8037624,-7.203762,-7.0937624,-7.353762,-7.643762,-6.0937624
0.8762378,0.9962378,2.2162378,3.6162379,4.5362377,5.416238,6.186238,6.5562377,7.0362377,7.376238,7.6362376,8.396237,7.6362376,6.736238,5.856238,6.126238,2.596238,-0.083762206,-0.6937622,-0.5037622,0.7762378,2.2462378,1.1762378,2.5662377,0.5362378,1.5162377,-0.7937622,-3.5637622,-4.4037623,-5.5537624,-6.273762,-5.283762,-3.8737621,-2.4237623,-3.1737623,-2.0737622,-1.6137623,-0.3837622,-0.6937622,-0.8337622,-3.5137622,0.5062378,-3.663762,-3.0837622,-2.4237623,-6.703762,-9.403762,-6.353762,-6.0937624,-13.363762,-11.423762,-9.203762,-8.083762,-7.043762,-6.523762,-7.033762,-6.9437623,-7.0037622
0.4762378,0.9362378,1.7762378,3.1162379,4.436238,5.276238,5.8862376,6.3262377,6.686238,7.3462377,7.456238,6.2462378,6.6762376,6.416238,6.216238,5.4462376,3.4062378,0.79623777,0.046237793,-1.3637623,2.4662378,2.4462378,0.8362378,2.8062377,2.846238,3.6862378,1.4062378,-0.8537622,-3.7737622,-4.2337623,-6.583762,-3.3637621,-1.8237622,-1.1437622,-1.0337622,-1.2037622,-2.393762,-1.0537622,-2.0937622,-1.5037622,-1.1637622,0.8162378,-0.6237622,-3.1937623,-6.043762,-7.8837624,-8.703762,-4.8237624,-10.543762,-10.333762,-10.563763,-8.933763,-7.8837624,-7.8637624,-7.603762,-6.4237623,-6.373762,-7.4437623
-0.31376222,0.7162378,1.3562378,2.6762378,4.186238,5.476238,5.836238,6.0362377,5.646238,5.316238,7.2862377,7.1362376,6.936238,5.666238,4.626238,3.9062378,1.7262378,0.4762378,1.4162378,3.3062377,3.8662379,2.7362378,0.5162378,2.7762377,5.456238,5.236238,4.216238,3.3862379,1.4162378,-1.4237622,-1.8537621,-2.7737622,-0.8737622,-0.70376223,0.5162378,1.6262378,1.4262378,0.2462378,1.0462378,-0.51376224,-2.9637623,-1.6537622,0.19623779,-5.893762,-5.773762,-6.703762,-8.423762,-8.363762,-7.953762,-9.703762,-9.853763,-8.9737625,-9.423762,-7.4637623,-8.123762,-6.273762,-5.3437624,-6.0537624
3.7362378,2.8862379,4.356238,4.686238,4.8062377,5.736238,5.526238,5.3462377,6.7662377,7.6562376,6.646238,6.376238,5.296238,4.2862377,3.2862377,1.2262378,-0.043762207,-0.22376221,-0.16376221,0.5062378,3.346238,3.4062378,0.54623777,0.7862378,3.0562377,5.296238,4.6162376,4.8062377,5.356238,5.686238,2.1262379,0.3162378,4.956238,1.8262378,1.7562377,3.3762379,4.736238,1.5962378,0.43623778,1.5662378,0.046237793,-2.7537622,-1.2437623,-2.2637622,-4.9037623,-4.373762,-7.533762,-7.763762,-5.8237624,-5.9837623,-4.473762,-6.1137624,-8.963762,-7.993762,-6.3437624,-6.9637623,-6.783762,-7.4037623
4.0562377,4.4262376,5.186238,4.486238,4.9262376,5.546238,7.1362376,6.336238,6.526238,5.796238,5.1362376,4.066238,4.316238,3.0162377,2.2962377,1.1662378,0.6862378,-0.4437622,-0.9937622,-0.003762207,0.79623777,1.7162378,0.6662378,1.1362377,2.8962379,2.6162379,2.596238,3.1962378,5.706238,6.8862376,7.6562376,4.4062376,5.716238,5.8062377,0.5862378,4.9462376,6.276238,3.4562378,2.5662377,1.7462378,-0.89376223,-1.9737622,-2.3837621,-1.1537622,0.9662378,1.5262378,-3.2537622,-5.4837623,-5.283762,-5.043762,-5.163762,-3.893762,-5.493762,-5.5737624,-4.973762,-5.583762,-7.283762,-6.6937623
4.276238,4.066238,4.4262376,4.936238,5.236238,5.8462377,5.1962376,4.756238,4.626238,4.236238,3.5462377,3.4662378,2.2962377,0.9362378,0.14623779,1.5062377,-2.2137623,-2.4937623,-3.3837621,-4.3437624,-1.3537621,1.3162378,0.086237796,-1.7437623,1.1262378,1.3162378,1.9162378,4.5962377,7.376238,8.126238,8.586238,6.466238,5.526238,6.9062376,5.836238,0.98623776,5.006238,5.956238,-0.11376221,1.2162378,0.07623779,1.6062378,-0.3037622,-0.2937622,0.49623778,1.4262378,2.8062377,2.4562378,-4.013762,-3.2737622,-5.3037624,-3.5637622,-2.3437622,-3.163762,-3.7037623,-4.4037623,-5.6337624,3.4962378
3.336238,3.6562378,4.3262377,4.0762377,4.716238,4.6962376,3.606238,3.1862378,4.006238,2.346238,-0.16376221,0.6962378,0.1862378,0.6462378,0.046237793,-1.2237622,-3.3237622,-3.3437622,-4.523762,-3.6137621,-1.1537622,-2.0437622,-1.8837622,-1.5437622,-1.1737622,-1.6037621,1.2962378,4.6562376,7.2862377,8.426238,7.256238,6.1362376,7.1362376,6.186238,3.2462378,3.9562378,2.0662377,3.8662379,1.3662378,0.026237793,2.0262377,0.9562378,0.03623779,-0.40376222,0.03623779,1.4562378,1.5462378,1.0862378,-3.0337622,1.0062377,-0.3037622,-2.8537621,-1.5237622,-1.6937622,-1.3637623,2.6862378,0.8862378,-0.37376222
2.0262377,2.4762378,2.9362378,2.6162379,3.4962378,2.8162377,2.836238,2.336238,1.5562378,0.85623777,-1.3437622,-1.5337622,-1.0637622,-0.5937622,-0.18376221,-4.0937624,-3.7437623,-1.3437622,-2.9637623,-3.893762,-3.5137622,-2.7537622,-4.293762,-4.0537624,-1.4937623,-1.2537622,-0.2637622,4.726238,-0.18376221,3.096238,4.436238,5.456238,4.456238,4.8862376,3.346238,2.0562377,0.8362378,-1.2837622,1.4462378,1.3662378,-0.5737622,1.5862378,1.2562377,0.5962378,-0.6537622,0.9262378,3.6562378,2.5162377,2.1462379,2.1762378,-0.21376221,-0.3237622,-1.0137622,2.1662378,0.006237793,0.6462378,0.3062378,-0.4237622
1.4462378,1.5862378,1.7562377,1.9762378,2.4262378,1.9162378,1.6362377,1.7062378,0.6562378,-0.70376223,-3.2037623,-3.1137621,-1.9337622,-2.7037623,-1.9537622,-4.9037623,-5.5737624,-4.7537622,-5.373762,-6.6937623,-5.523762,-3.8637621,-7.0537624,-6.4637623,-5.0537624,-5.7537622,-0.7137622,-0.7537622,-0.31376222,1.3562378,3.1662378,3.2262378,2.3762379,1.7362378,0.6562378,-1.0037622,0.5962378,-1.1837622,-2.3137622,-0.8537622,-1.1337622,0.046237793,0.73623776,1.0962378,0.3262378,0.8362378,2.0462377,1.6162378,2.0162377,1.8762378,1.4662378,-0.6137622,-0.4137622,0.06623779,0.40623778,0.7062378,0.10623779,-0.2337622
-0.11376221,-0.1437622,-0.4837622,0.09623779,0.98623776,1.1262378,0.73623776,0.046237793,-0.9037622,-3.4437623,-3.6837623,-3.0837622,-3.0337622,-2.5537622,-4.023762,-6.1937623,-5.9437623,-4.6937623,-7.763762,-4.933762,-6.5037622,-6.473762,-9.513762,-8.593762,-7.1137624,-8.253762,-1.6737622,-3.3237622,-2.8237622,-0.3837622,1.9162378,0.3362378,-1.3437622,-1.6937622,-1.0637622,-2.8237622,-2.5537622,-2.0137622,-1.3237622,-2.4537623,-1.4937623,-0.2337622,0.6762378,1.9262378,0.5062378,2.2362378,-0.05376221,1.0862378,1.2462378,0.9662378,4.256238,-0.9837622,0.5162378,0.026237793,-0.023762207,-0.2037622,0.016237793,-0.5237622
-0.7937622,0.1362378,0.03623779,-0.013762207,0.4162378,0.19623779,-0.3937622,-0.8337622,-3.5737622,-4.9837623,-4.453762,-4.643762,-4.663762,-4.973762,-5.7537622,-5.8037624,-5.893762,-5.353762,-7.5537624,-7.223762,-7.023762,-8.183763,-7.4437623,-9.683763,-9.163762,-6.263762,-5.103762,-1.3837622,-3.2737622,-2.3437622,-1.8237622,-3.1237621,-2.5037622,-2.8537621,-1.5237622,-4.5537624,-3.5337622,-3.3337622,-2.4837623,-2.4937623,-1.4037622,-4.3037624,-0.6637622,1.0862378,0.5562378,0.54623777,-0.8437622,-0.6737622,-0.033762205,0.3562378,3.1162379,0.9762378,0.6562378,0.5662378,-0.5237622,-0.5037622,0.7562378,0.4762378
-1.0237622,-0.7337622,-0.4337622,-0.023762207,-0.4437622,-1.8837622,-1.9037622,-2.1837623,-3.6737623,-6.3037624,-6.0737624,-4.9637623,-6.123762,-5.4037623,-5.6537623,-5.763762,-6.203762,-6.6937623,-8.093762,-7.5737624,-7.543762,-8.273762,-8.483762,-5.893762,-9.633762,-6.413762,-7.013762,-0.22376221,-2.7237623,-4.333762,-4.293762,-6.143762,-4.203762,-3.0137622,-3.8637621,-4.393762,-4.0037622,-3.4837623,-3.3537621,-3.5137622,-3.2737622,-0.19376221,-2.8537621,1.1062378,1.1362377,0.7662378,-1.9037622,-2.9237623,-1.9937623,-1.2637622,0.2562378,0.07623779,-0.4537622,-0.5537622,0.3062378,0.43623778,0.7862378,0.2562378
0.14623779,-1.1537622,-1.2437623,-2.393762,-3.5337622,-4.183762,-2.663762,-1.9637622,-4.913762,-6.583762,-6.3837624,-5.783762,-5.773762,-5.5737624,-6.5037622,-6.953762,-6.023762,-8.613762,-8.103763,-7.9837623,-8.133762,-8.233762,-9.463762,-9.323762,-10.813763,-8.453762,-7.5537624,-3.5037622,-6.1937623,-6.973762,-6.1337624,-6.3837624,-4.523762,-5.353762,-4.793762,-4.893762,-3.6937623,-4.023762,-4.4437623,-3.913762,-3.5137622,-2.8237622,-1.6337622,0.2962378,-0.05376221,1.4862378,-0.7337622,-4.203762,-0.8337622,-1.7737622,-1.6937622,-1.3737622,-1.2437623,-0.06376221,0.54623777,1.7162378,1.6262378,0.7462378
-0.023762207,-1.9437622,-1.7837622,-3.9637623,-4.3837624,-3.6237621,-4.0737624,-3.9637623,-5.783762,-6.4237623,-6.873762,-6.3637624,-5.433762,-6.4637623,-7.263762,-7.333762,-7.393762,-8.593762,-8.353763,-9.053762,-7.893762,-8.823762,-9.803762,-9.363762,-9.523762,-8.333762,-8.403762,-7.853762,-7.703762,-6.8437624,-7.6937623,-7.853762,-6.1737623,-5.9837623,-5.543762,-5.623762,-4.433762,-4.993762,-4.1537623,-3.9637623,-3.8637621,-3.5537622,-2.8537621,-3.5937622,-0.24376221,0.22623779,-1.4937623,-1.8137622,-3.2037623,-3.5537622,-0.9637622,-4.013762,-3.8437622,-2.4337623,-0.9237622,-1.3637623,-0.11376221,-1.7937622
-2.7537622,-1.3737622,-3.3737621,-4.023762,-4.8037624,-4.643762,-4.183762,-4.663762,-6.893762,-6.333762,-6.993762,-6.7537622,-6.0037622,-6.723762,-8.163762,-7.6937623,-7.493762,-8.993762,-9.003762,-8.213762,-8.833762,-8.933763,-10.2237625,-9.603763,-9.813763,-9.623762,-8.933763,-8.393763,-8.313763,-7.643762,-8.783762,-7.543762,-6.513762,-6.913762,-6.2337623,-6.523762,-5.973762,-5.473762,-5.163762,-4.7537622,-4.793762,-4.6137624,-4.5937624,-3.6737623,-3.7537622,-0.4337622,0.1862378,-1.8837622,-3.1737623,-2.5237622,-4.0037622,-3.7237623,-4.3037624,-4.333762,-4.623762,-4.0537624,-5.103762,-2.3537621
-3.5537622,-3.4937623,-5.243762,-5.1137624,-4.9237623,-4.4637623,-5.493762,-6.0537624,-5.523762,-7.453762,-7.0737624,-7.7137623,-7.1737623,-8.143763,-7.5537624,-8.053762,-7.993762,-8.363762,-9.743762,-7.873762,-9.283762,-9.773762,-10.343762,-10.563763,-9.503762,-9.923762,-9.343762,-8.383762,-8.753762,-8.9737625,-8.243762,-7.893762,-7.6537623,-6.853762,-7.283762,-7.6537623,-6.143762,-6.353762,-6.013762,-5.683762,-5.373762,-5.2137623,-5.433762,-4.9037623,-3.7637622,-5.1537623,-0.6937622,0.1362378,0.85623777,-1.9437622,-2.1037621,-3.5537622,-4.123762,-4.023762,-3.913762,-3.7737622,-3.663762,-3.8337622
-4.683762,-4.5737624,-4.543762,-6.333762,-6.0037622,-5.023762,-5.4637623,-6.473762,-5.453762,-7.0937624,-7.453762,-6.953762,-7.523762,-8.643763,-8.963762,-7.3637624,-7.8837624,-8.863762,-9.053762,-8.703762,-9.793762,-9.363762,-10.463762,-11.783762,-9.783762,-10.193762,-9.953762,-9.453762,-8.893763,-9.393763,-8.853763,-8.823762,-7.763762,-7.5737624,-8.003762,-7.4637623,-6.993762,-6.8037624,-6.513762,-6.163762,-6.3637624,-5.663762,-5.453762,-6.0937624,-5.8637624,-5.263762,-4.603762,-3.0237622,0.046237793,-1.7237622,-3.4437623,-2.9837623,-2.3437622,-3.9337623,-1.9337622,-2.0637622,-3.4437623,-3.3737621
-6.063762,-5.683762,-6.1737623,-5.833762,-5.8837624,-5.4437623,-5.373762,-5.723762,-5.643762,-7.3037624,-6.8037624,-7.583762,-8.333762,-8.853763,-8.513762,-7.5937624,-7.8837624,-8.583762,-9.153762,-9.763762,-9.933763,-9.553762,-10.393763,-10.743762,-10.403762,-10.403762,-9.903762,-9.583762,-9.503762,-9.873762,-9.593762,-8.673762,-7.813762,-8.803762,-7.7337623,-8.163762,-7.223762,-7.0537624,-6.4837623,-6.283762,-6.643762,-6.3437624,-6.013762,-6.293762,-5.623762,-6.043762,-6.043762,-6.723762,-6.293762,0.2462378,-0.2337622,0.7562378,0.9462378,1.0362378,0.2962378,0.4862378,-3.1037621,-3.0137622
-6.743762,-6.9037623,-7.0537624,-5.8637624,-5.243762,-4.723762,-6.183762,-4.353762,-7.313762,-7.333762,-6.813762,-7.393762,-7.4237623,-8.823762,-7.1337624,-6.993762,-8.573762,-8.513762,-9.283762,-9.773762,-10.153762,-10.183763,-10.243762,-10.413762,-10.743762,-9.7237625,-9.773762,-10.823762,-10.193762,-9.783762,-9.283762,-8.423762,-9.393763,-7.7337623,-7.9037623,-7.533762,-7.263762,-7.123762,-6.763762,-6.7537622,-6.3037624,-6.623762,-6.8437624,-6.533762,-6.3037624,-6.3437624,-5.773762,-6.1537623,-6.1737623,-5.8837624,-5.203762,-3.1737623,-2.2037623,-0.4337622,1.5262378,0.6862378,-0.19376221,2.1362379
-7.6137624,-7.0737624,-6.603762,-6.1537623,-5.4237623,-5.603762,-5.373762,-5.7537622,-6.683762,-7.7337623,-7.013762,-7.1737623,-7.763762,-8.193762,-7.353762,-8.2237625,-8.503762,-8.543762,-9.263762,-9.643763,-9.983762,-10.643763,-10.603763,-10.193762,-10.133762,-9.783762,-10.213762,-9.283762,-9.873762,-9.553762,-9.843762,-9.313763,-8.873762,-8.243762,-8.193762,-7.5537624,-7.1337624,-6.763762,-6.663762,-6.493762,-6.6137624,-6.373762,-6.4837623,-6.623762,-6.583762,-6.103762,-6.243762,-6.043762,-5.583762,-4.703762,-4.0037622,-3.6837623,-3.8737621,-3.3337622,-3.0737622,-2.153762,-1.7437623,-1.8137622
-7.473762,-7.1937623,-6.6737623,-6.353762,-6.0037622,-5.5937624,-5.7537622,-6.433762,-6.6937623,-7.083762,-7.333762,-7.013762,-7.1937623,-7.3437624,-7.273762,-8.883762,-7.6937623,-8.123762,-9.073762,-8.683763,-9.673762,-9.903762,-10.823762,-10.373762,-9.603763,-10.083762,-9.803762,-9.373762,-9.143763,-9.233762,-9.583762,-9.253762,-8.293762,-8.063763,-7.663762,-7.683762,-7.433762,-7.143762,-6.853762,-6.643762,-6.6537623,-6.473762,-6.1337624,-6.083762,-6.293762,-5.723762,-5.833762,-5.643762,-4.9837623,-4.393762,-3.7037623,-3.7437623,-3.5837622,-3.7837622,-3.4237623,-3.0937622,-2.5437622,-3.0537622
-6.603762,-6.763762,-7.143762,-6.293762,-5.9037623,-5.623762,-5.543762,-6.283762,-5.953762,-7.723762,-7.283762,-7.2537622,-7.393762,-7.5937624,-6.643762,-8.153762,-7.1737623,-8.003762,-8.653762,-8.583762,-8.673762,-8.993762,-9.093762,-8.813763,-9.003762,-9.4737625,-9.313763,-8.963762,-8.793762,-9.063763,-8.703762,-8.553762,-8.503762,-8.193762,-7.8837624,-7.5937624,-7.5037622,-7.183762,-6.8237624,-6.813762,-6.6937623,-6.353762,-6.023762,-5.8637624,-5.743762,-5.4637623,-5.373762,-5.7137623,-4.743762,-4.393762,-4.023762,-3.6037621,-3.4437623,-3.2037623,-2.8337622,-2.3437622,-2.6237621,-2.9537623
-6.163762,-6.223762,-6.543762,-6.623762,-5.783762,-5.4237623,-5.5937624,-5.813762,-5.853762,-7.433762,-7.263762,-7.413762,-7.1737623,-6.743762,-6.913762,-7.243762,-7.9237623,-7.9437623,-7.9037623,-8.023762,-7.5537624,-9.313763,-8.503762,-8.193762,-8.373762,-8.483762,-8.573762,-8.633762,-8.293762,-8.263762,-8.423762,-8.323762,-8.333762,-8.023762,-7.8037624,-7.8437624,-7.0737624,-6.973762,-6.9237623,-6.773762,-6.433762,-6.103762,-6.013762,-5.413762,-5.3037624,-5.293762,-5.283762,-4.6737623,-4.3637624,-3.8837621,-3.3237622,-3.153762,-2.9637623,-2.4537623,-2.0037622,-1.2437623,-1.6137623,-1.6737622
-5.473762,-5.523762,-5.4437623,-5.8837624,-6.433762,-5.123762,-5.1737623,-5.8037624,-6.083762,-6.083762,-5.6537623,-6.013762,-6.413762,-6.203762,-6.603762,-6.5537624,-6.773762,-7.043762,-7.523762,-7.543762,-7.933762,-8.2237625,-7.973762,-7.283762,-7.1537623,-7.5937624,-7.643762,-7.8037624,-7.703762,-8.053762,-8.133762,-7.9437623,-8.033762,-7.8237624,-7.9437623,-7.5737624,-6.853762,-6.543762,-6.373762,-6.203762,-6.6737623,-6.453762,-5.6937623,-5.453762,-5.033762,-4.813762,-4.793762,-4.333762,-4.023762,-3.3637621,-2.8637621,-2.9737623,-2.6337621,-2.3037622,-1.6137623,-1.3137622,-1.4637622,-0.8237622
