nws-json/gfs.t18z.pgrb2.1p00.f000.json
{"header": { "discipline":0, "disciplineName":"Meteorological products", "gribEdition":2, "gribLength":79357, "center":7, "centerName":"US National Weather Service - NCEP(WMC)", "subcenter":0, "refTime":"2019-10-26T18:00:00.000Z", "significanceOfRT":1, "significanceOfRTName":"Start of forecast", "productStatus":0, "productStatusName":"Operational products", "productType":1, "productTypeName":"Forecast products", "productDefinitionTemplate":0, "productDefinitionTemplateName":"Analysis/forecast at horizontal level/layer at a point in time", "parameterCategory":2, "parameterCategoryName":"Momentum", "parameterNumber":2, "parameterNumberName":"U-component_of_wind", "parameterUnit":"m.s-1", "genProcessType":2, "genProcessTypeName":"Forecast", "forecastTime":0, "surface1Type":100, "surface1TypeName":"Isobaric surface", "surface1Value":100000.0, "surface2Type":255, "surface2TypeName":"Missing", "surface2Value":0.0, "gridDefinitionTemplate":0, "gridDefinitionTemplateName":"Latitude_Longitude", "numberPoints":65160, "shape":6, "shapeName":"Earth spherical with radius of 6,371,229.0 m", "gridUnits":"degrees", "resolution":48, "winds":"true", "scanMode":0, "nx":360, "ny":181, "basicAngle":0, "lo1":0.0, "la1":90.0, "lo2":359.0, "la2":-90.0, "dx":1.0, "dy":1.0 }, "data":
[rows 26 to 51 of 181, columns 232 to 289 of 360]
0.7562378,3.2062378,1.1862378,0.8362378,-0.9837622,1.9462378,3.4162378,2.3162377,3.836238,5.316238,4.9062376,3.7062378,1.2262378,1.3162378,1.8262378,1.6962378,2.106238,1.8962379,1.0862378,1.5262378,0.8962378,0.7762378,0.60623777,1.1562378,0.6462378,0.7862378,-0.5937622,-1.5837622,-2.3637621,-1.9637622,-1.7837622,-0.7737622,-1.4737622,-2.0937622,-1.3837622,-0.6037622,-0.083762206,0.4262378,-0.3837622,-2.5637622,-2.643762,-2.3637621,-1.0237622,0.3162378,-0.07376221,0.3962378,-1.8837622,-1.4637622,-0.7837622,-1.3337622,-0.7337622,-1.0337622,-1.5837622,-1.6137623,-1.7737622,-2.143762,-1.8437622,0.11623779
1.1062378,2.9562378,2.5162377,0.8762378,1.0162377,0.6262378,2.7762377,2.7662377,3.5062377,4.206238,4.466238,3.6562378,1.7662377,0.9662378,1.2862378,1.2762378,1.2062378,1.6762378,0.026237793,0.8762378,-0.13376221,0.7162378,0.85623777,0.60623777,0.006237793,-0.6837622,-1.6437622,-4.583762,-2.7337623,-3.413762,-3.2737622,-3.3537621,-2.9237623,-2.893762,-2.6237621,-2.163762,-1.2737622,-2.163762,-2.7437623,-2.7937622,-3.0137622,-2.9737623,-1.9837623,-1.3237622,-1.4037622,-1.7337623,-1.9037622,-2.2137623,-1.8237622,-1.4137622,-1.1137623,-2.5837622,-3.3837621,-2.8337622,-2.7937622,-3.143762,-4.723762,-2.5337622
2.0762377,1.8862377,1.5962378,2.5162377,1.2562377,0.7862378,0.8962378,1.0562378,3.606238,3.1462379,2.7862377,2.5562377,2.5462377,3.7162378,2.6762378,2.1262379,1.4962378,1.0662378,1.0162377,1.6862378,2.0362377,1.7162378,0.7462378,1.1262378,1.0862378,0.9162378,0.06623779,-1.7937622,-5.9637623,-5.9637623,-6.4437623,-4.8837624,-6.513762,-5.7137623,-5.773762,-6.513762,-5.9637623,-5.293762,-5.083762,-4.953762,-4.3037624,-3.1137621,-1.7337623,-0.9637622,-1.1137623,-1.3337622,-0.8837622,-0.123762205,1.6062378,1.5762378,-0.083762206,-0.5537622,0.2962378,0.8262378,0.5562378,2.1962378,-0.6337622,1.4762378
2.1162379,1.5362378,0.9362378,1.3862377,1.0662378,1.8562378,2.2462378,2.4162378,2.596238,3.5762377,2.9362378,2.5762377,4.126238,4.566238,3.6362379,2.4462378,2.5062377,2.7762377,2.2162378,2.096238,2.2262378,2.6662378,3.086238,1.8262378,1.8762378,1.6762378,2.7362378,-0.6537622,-7.3837624,-7.853762,-6.853762,-7.4237623,-7.8037624,-8.7237625,-9.503762,-9.253762,-8.413762,-7.3037624,-6.373762,-5.4837623,-4.583762,-4.043762,-2.3637621,-2.4637623,-0.6537622,2.2162378,2.1862378,4.416238,5.206238,5.006238,5.936238,4.5162377,5.876238,5.6362376,5.146238,5.486238,6.1562376,6.666238
0.7762378,1.2862378,2.8862379,2.106238,1.0862378,1.2062378,1.0862378,3.2162378,2.4862378,2.6662378,2.4162378,0.6862378,2.7062378,3.5462377,3.7262378,2.7162378,3.7662377,3.0562377,2.7662377,2.3662379,2.3662379,2.6262379,2.0062377,1.7462378,2.2662377,3.0062377,2.9362378,1.9962378,-2.8637621,-5.773762,-6.353762,-8.423762,-8.063763,-9.003762,-10.143763,-10.9737625,-10.593762,-9.443762,-8.373762,-7.1137624,-6.013762,-4.7137623,-3.4237623,-1.9937623,-0.4737622,1.2462378,3.6262379,6.046238,8.396237,10.806238,12.376238,11.196238,10.2762375,10.116238,9.266238,8.136238,6.6162376,6.8062377
1.5662378,-0.2337622,1.5462378,1.7362378,1.1362377,0.9062378,1.2162378,2.2662377,1.7962378,1.9762378,1.4562378,1.2962378,1.6662378,1.9062378,1.5962378,2.2162378,2.7162378,3.0662377,3.1562378,2.7362378,3.0562377,3.0262377,3.1362379,1.7062378,2.9162378,3.606238,3.4862378,3.3662379,2.9162378,1.5762378,-3.2837622,-4.643762,-7.0537624,-8.233762,-9.983762,-9.703762,-10.133762,-9.453762,-10.083762,-9.743762,-8.943762,-8.043762,-7.813762,-6.663762,-4.9637623,-3.0237622,-1.0537622,1.2862378,4.186238,6.9062376,8.376238,6.6162376,8.346238,9.416238,9.476238,8.196238,7.716238,7.5362377
1.1062378,1.7662377,0.9062378,1.3462378,2.0362377,1.2662377,1.5962378,1.8462378,2.5162377,2.9962378,1.8362378,1.0962378,2.7562377,3.2062378,1.8462378,2.7962377,3.336238,2.7162378,2.586238,3.6562378,3.4662378,3.0362377,2.5462377,3.4762378,3.3162377,2.7862377,2.7762377,2.2662377,0.9062378,-0.3337622,-2.7537622,-4.203762,-4.723762,-4.4637623,-5.0037622,-8.003762,-9.243762,-9.333762,-9.833762,-8.613762,-8.573762,-6.8437624,-5.1737623,-4.313762,-3.1937623,-1.4737622,-0.2737622,1.2762378,3.3862379,5.1962376,7.146238,7.0362377,7.046238,7.466238,6.546238,6.376238,6.3062377,7.0162377
0.1862378,0.46623778,1.8662378,0.8662378,1.1762378,1.3962379,2.106238,1.2162378,1.3262378,2.2262378,1.4162378,0.98623776,2.7262378,1.1062378,2.2862377,1.2662377,1.4662378,2.1762378,2.8762379,2.7962377,2.3162377,2.3262377,2.6162379,2.5562377,2.2062378,2.3862379,1.6862378,1.9162378,-0.07376221,-2.2237623,-3.8237622,-5.873762,-5.9037623,-6.023762,-6.6337624,-6.853762,-8.663762,-7.4237623,-8.393763,-10.033762,-9.883762,-8.033762,-6.6737623,-5.373762,-4.523762,-3.2437623,-2.3737621,-0.6937622,0.6762378,1.5962378,2.5462377,3.4862378,3.9262378,4.236238,4.296238,4.8462377,5.646238,5.3462377
0.4162378,1.2962378,0.49623778,1.0662378,1.3762378,0.79623777,1.3062378,2.1162379,3.2162378,3.3962379,2.1162379,1.9762378,2.1962378,1.8662378,2.1262379,1.7262378,1.9262378,2.0262377,2.6862378,4.0962377,2.9262378,3.0462377,2.5462377,1.8362378,1.9562378,2.336238,2.4362378,0.8462378,0.9562378,-1.2637622,-2.9737623,-4.773762,-6.163762,-6.8037624,-5.4037623,-6.1137624,-8.283762,-7.2537622,-6.933762,-7.9437623,-7.8637624,-9.533762,-9.003762,-6.643762,-4.5937624,-3.2537622,-2.0337622,-1.7437623,-1.1937622,0.2762378,0.8762378,1.5162377,2.106238,3.2962377,3.4362378,3.5062377,4.1162376,3.9862378
-0.3637622,0.3662378,0.5162378,1.0062377,-0.1737622,0.6662378,-0.5237622,0.5262378,2.6262379,3.0762377,2.3162377,2.4762378,3.356238,3.856238,2.336238,2.0062377,2.1562378,2.1462379,3.0362377,2.7762377,3.3162377,3.1862378,3.3962379,4.666238,3.4562378,3.0262377,3.346238,2.336238,1.1862378,-0.4737622,-3.7437623,-5.543762,-5.8637624,-6.603762,-7.2137623,-6.703762,-6.9837623,-5.7337623,-8.073762,-6.1137624,-8.263762,-7.4037623,-5.703762,-5.9237623,-6.3837624,-4.743762,-4.1737623,-2.3537621,-1.3037622,-0.6137622,-0.22376221,-0.10376221,1.2162378,1.5462378,3.346238,2.6462379,3.086238,2.9762378
-1.6137623,0.16623779,0.7662378,1.2162378,1.4762378,1.8962379,1.2062378,0.16623779,0.046237793,1.2762378,2.7662377,2.9262378,4.1962376,3.2162378,3.2562377,3.4362378,3.596238,3.7162378,3.1162379,3.7862377,3.6462379,3.8162377,3.5662377,3.7262378,3.1462379,3.7862377,3.846238,4.8662376,3.606238,1.3662378,-0.7437622,-2.5037622,-3.893762,-3.9337623,-4.473762,-5.683762,-5.743762,-4.3037624,-3.5837622,-3.3837621,-5.833762,-6.6937623,-6.413762,-5.513762,-4.163762,-4.5937624,-5.023762,-4.6937623,-4.1537623,-3.7637622,-1.1337622,-1.0637622,-0.11376221,1.3362378,1.9662378,2.5062377,2.9862378,2.4962378
-2.2137623,-1.6437622,-0.9737622,0.6962378,0.37623778,1.4962378,0.9762378,0.3262378,0.3562378,1.0462378,0.086237796,2.2462378,3.836238,4.486238,4.436238,4.376238,4.0362377,4.216238,4.5762377,4.836238,4.6762376,4.796238,5.126238,5.0362377,5.436238,4.186238,3.2862377,8.176238,7.476238,5.796238,6.236238,4.1162376,3.0162377,2.596238,0.19623779,-0.8137622,-0.033762205,-0.7137622,-1.0937622,-1.7637622,-1.0037622,-2.143762,-2.1737623,-3.5137622,-3.5537622,-2.9237623,-3.8637621,-2.5437622,-3.7137623,-4.433762,-1.5037622,-0.5637622,-0.2637622,0.9262378,2.1762378,3.1562378,3.7762377,3.1562378
-2.2537622,-2.0237622,-2.0437622,0.5762378,1.6562378,2.1162379,3.2762377,2.4262378,1.2962378,1.6662378,1.1162378,0.9262378,2.9062378,2.9262378,3.8262377,3.9862378,4.236238,3.8862379,4.816238,5.1962376,5.916238,5.376238,5.6162376,5.8862376,6.086238,6.836238,7.1162376,6.3862376,10.736238,7.736238,9.106237,8.756238,6.256238,6.1362376,4.256238,2.9362378,3.2362378,2.4662378,1.7462378,1.3262378,0.3062378,0.60623777,0.7462378,-0.4437622,-0.7837622,-1.3737622,-0.1537622,-1.5837622,-2.8637621,-2.8337622,-1.8437622,-0.9937622,-0.51376224,1.5662378,2.1662378,3.1262379,4.106238,3.8262377
-0.2037622,-0.093762204,-1.1037621,-0.8337622,-1.0737622,0.6762378,2.5262377,3.8762379,1.7762378,0.6462378,1.3862377,1.6662378,0.5562378,-1.5237622,1.1262378,3.856238,3.4162378,4.066238,4.146238,5.3062377,5.8062377,5.9462376,6.756238,6.6762376,7.1762376,7.376238,8.176238,8.356237,7.026238,9.396237,10.076238,8.676238,5.6162376,6.6762376,4.6762376,4.336238,4.066238,3.6762378,2.3662379,0.7262378,2.1162379,2.4862378,1.7262378,1.8062378,1.4362378,0.8262378,0.2162378,0.11623779,-1.0337622,-0.5537622,-1.4737622,-0.6337622,0.6262378,1.2162378,2.5062377,3.1462379,4.0162377,4.506238
0.09623779,-0.8837622,-1.0337622,6.166238,-1.5237622,-0.8737622,-0.043762207,1.3462378,3.4662378,1.7162378,0.2862378,1.1062378,-0.9637622,-0.11376221,0.6862378,-1.4537622,1.3862377,4.8662376,6.0362377,6.7662377,6.8862376,6.026238,6.6362376,7.6162376,7.966238,8.0262375,8.316237,8.036238,9.236238,9.716238,9.446238,7.726238,5.856238,4.6362376,4.6162376,3.1762378,3.7562377,3.4462378,2.086238,1.0262378,1.5062377,1.8362378,2.8862379,2.7762377,1.9762378,1.9862378,1.0562378,0.5262378,0.5762378,0.7262378,0.2562378,0.19623779,0.6562378,2.0062377,2.5562377,2.7962377,3.2762377,3.9862378
2.8862379,0.3862378,-2.2037623,-2.0037622,1.4062378,1.4962378,-2.0137622,-1.1437622,1.6062378,1.1362377,0.9562378,-0.95376223,-1.4337622,-0.6637622,-1.9637622,2.8662379,0.3662378,5.0762377,5.566238,5.9462376,6.2462378,5.9062376,6.6562376,5.876238,6.5362377,8.126238,9.396237,7.936238,6.8862376,9.466238,8.786238,6.5962377,4.236238,4.4262376,3.9662378,1.9262378,2.346238,2.2962377,1.1562378,0.9562378,-1.2637622,1.6762378,3.0462377,2.4962378,3.1962378,2.9262378,1.6962378,0.9362378,1.1662378,1.4062378,1.4962378,1.4962378,1.8362378,2.5362377,3.4562378,2.6862378,2.3962379,3.0562377
2.8262377,0.4462378,-2.3337622,-5.833762,-2.5237622,2.5162377,0.9362378,1.3462378,-0.2737622,-0.13376221,-2.5337622,-0.9737622,-3.4937623,-4.263762,-1.6237622,-1.6837622,0.19623779,1.8962379,4.756238,4.756238,5.686238,5.216238,5.8062377,4.9062376,5.8262377,7.126238,7.5962377,9.106237,9.446238,8.496238,7.3062377,2.1562378,3.336238,2.4662378,1.9862378,2.1862378,1.6062378,1.1962378,2.5062377,2.0362377,-1.6137623,-0.8837622,-0.28376222,3.0662377,2.3262377,2.596238,2.2862377,1.9862378,1.5162377,1.8462378,1.6062378,1.6262378,1.7062378,1.7462378,2.3962379,2.606238,1.7262378,3.4162378
1.7362378,2.0462377,1.7762378,-2.5037622,-4.4037623,-2.2537622,-0.3537622,2.6462379,-0.3037622,1.7262378,-1.8537621,-0.31376222,-1.0937622,-2.0637622,-1.4737622,-2.4337623,-1.5937622,-0.22376221,1.9662378,4.986238,4.586238,4.776238,5.5962377,5.8262377,5.976238,5.896238,6.966238,7.7662377,6.896238,6.276238,3.1762378,1.8762378,2.1562378,2.0262377,1.1362377,1.4862378,1.4362378,2.6362379,1.2662377,1.4762378,0.4162378,-0.7437622,-0.7937622,-3.8137622,0.09623779,0.8062378,0.9362378,1.3962379,1.9162378,0.8262378,0.5762378,1.4262378,0.9262378,1.4162378,0.9462378,0.6162378,1.5462378,2.4962378
0.2762378,0.60623777,2.6362379,2.346238,-0.5737622,0.9562378,1.6962378,1.4962378,0.9662378,3.9662378,2.6662378,2.3762379,3.8662379,2.2262378,0.8762378,-2.3237622,-1.6137623,-0.5637622,-1.4737622,0.4462378,1.0262378,2.6362379,3.4262378,4.716238,6.776238,6.3062377,4.956238,6.476238,4.226238,1.7062378,0.6362378,1.8262378,0.9362378,0.8762378,-0.013762207,-0.7137622,0.22623779,1.3162378,1.3662378,0.6962378,0.3362378,0.046237793,-0.8837622,-2.163762,-3.2037623,-1.6137623,-1.8537621,-0.7237622,0.3862378,0.1562378,-1.6037621,-0.3537622,-0.013762207,0.2762378,0.2362378,0.1862378,1.7362378,2.4962378
-0.89376223,-0.6937622,-0.07376221,1.0262378,1.0562378,2.2162378,1.4862378,1.7462378,1.8062378,1.7062378,2.0762377,-0.1437622,0.5962378,0.9762378,1.6462379,-3.3137622,-1.0937622,-0.5437622,-1.4237622,1.4462378,-3.913762,3.1662378,2.9462378,5.236238,5.836238,6.046238,6.0762377,3.7162378,2.2562377,-1.8737622,0.9562378,2.5462377,-0.3237622,-1.0637622,-1.6937622,-0.7737622,-1.0537622,-0.6237622,-0.7537622,-0.28376222,0.06623779,1.1762378,-2.143762,-2.3637621,-2.2237623,-3.3337622,-3.4237623,-5.5537624,-3.8437622,-2.0937622,-1.0737622,-1.1537622,-0.5937622,-0.2937622,0.8462378,0.7662378,2.2462378,3.1862378
-2.7037623,-2.4237623,-2.6037621,-1.8237622,-0.34376222,0.6562378,2.1962378,1.0962378,1.6362377,2.0362377,1.8962379,3.7162378,3.606238,1.1862378,1.6062378,4.186238,1.7562377,3.106238,2.6362379,1.7362378,7.9262376,-0.9037622,0.37623778,1.3862377,0.14623779,5.5362377,5.0762377,2.9362378,1.9862378,1.9962378,-0.7137622,-0.05376221,1.7662377,-0.8437622,-1.2337623,-1.5337622,-1.6737622,-1.4437622,-1.0037622,-1.8537621,-4.1537623,-5.023762,-4.513762,-3.1737623,-3.6837623,-5.263762,-4.353762,-4.3237624,-4.313762,-4.2337623,-3.0937622,-3.8137622,-0.7137622,0.7862378,1.7462378,1.4262378,1.0762378,1.1662378
-5.203762,-4.7537622,-4.703762,-6.513762,-1.7537622,1.5562378,0.98623776,0.086237796,2.6462379,3.9062378,4.2862377,2.7862377,8.876238,11.396237,13.646237,13.296238,11.186237,10.926238,12.136238,2.7162378,-4.583762,-8.9737625,-0.8737622,1.9362378,8.666238,-3.8137622,1.8262378,4.1562376,3.9362378,3.0362377,1.7162378,-0.2737622,-0.4837622,-1.6037621,-1.3437622,-2.4537623,-3.2837622,-2.4737623,-2.403762,-2.9937623,-3.6137621,-7.663762,-6.813762,-5.1937623,-4.033762,-5.533762,-5.6937623,-6.0537624,-5.273762,-3.143762,-2.3837621,-1.3937622,-1.7837622,-1.7237622,-0.9737622,0.6962378,1.6962378,2.7862377
-5.853762,-6.333762,-7.0737624,-3.2637622,-4.703762,0.4862378,1.1362377,2.3862379,-1.0837622,2.2562377,1.7062378,4.5762377,6.526238,8.066237,5.916238,4.776238,2.7262378,5.1762376,8.736238,11.746238,11.946238,10.736238,12.866238,11.376238,4.936238,1.7562377,0.9262378,3.2962377,4.8662376,3.1262379,1.8262378,-0.19376221,-1.6137623,-1.0437622,-2.4737623,-3.2637622,-3.4437623,-5.143762,-5.953762,-5.663762,-2.9737623,-9.113762,-8.243762,-7.5537624,-7.1137624,-7.8437624,-7.773762,-5.1337624,-2.643762,-2.403762,-2.4737623,-1.6437622,-0.9737622,0.2962378,-2.5137622,-0.8437622,-0.7437622,-1.8437622
-6.9037623,-6.2537622,-5.063762,1.3362378,1.1862378,0.6462378,-1.9837623,0.60623777,2.4162378,0.1362378,1.8762378,1.2262378,4.3462377,5.8062377,-1.3437622,1.8262378,1.8262378,8.2762375,4.3062377,1.2362378,5.356238,5.296238,8.416238,8.666238,9.066237,6.316238,4.006238,6.9462376,3.836238,2.5462377,1.2062378,-1.3737622,-1.7037622,-0.2637622,-0.033762205,-2.2337623,-3.2437623,-4.973762,-6.643762,-8.053762,-7.353762,-8.273762,-8.853763,-7.4237623,-7.203762,-4.873762,-5.8237624,-3.903762,-2.4537623,-3.5137622,-2.913762,-1.1237622,-0.8137622,-0.13376221,-0.2637622,-1.3637623,-0.70376223,-2.3237622
-6.353762,-4.993762,-1.2537622,0.8362378,0.40623778,1.2362378,2.1962378,-0.28376222,1.5062377,3.6462379,4.796238,8.006238,8.206238,6.066238,5.936238,-1.1337622,2.1762378,6.486238,-2.413762,5.2662377,3.106238,2.6362379,2.4762378,2.5762377,1.0962378,1.1662378,2.2762377,3.6462379,3.6562378,2.5362377,-0.10376221,-1.3937622,0.2862378,-1.0937622,-0.5737622,-0.70376223,-2.6937623,-3.7037623,-4.0937624,-7.913762,-10.103763,-9.563763,-7.623762,-8.173762,-9.113762,-5.763762,-4.723762,-4.5737624,-3.3437622,-5.8437624,-1.6037621,-2.7537622,-2.3437622,-2.4437623,-4.373762,-4.603762,-3.3237622,-2.8337622
-6.063762,-3.8437622,-0.5537622,2.856238,5.3262377,0.79623777,3.4662378,1.7662377,2.0362377,0.6862378,1.0962378,3.1762378,5.3462377,3.1662378,1.3262378,3.596238,1.6762378,0.43623778,0.2362378,2.9162378,1.2762378,2.9162378,3.0162377,4.046238,-1.2837622,1.0662378,5.026238,4.7462378,4.0562377,2.9162378,-0.6637622,-0.3837622,0.3862378,-0.13376221,-0.8137622,-1.6137623,0.8662378,-1.4237622,-2.9837623,-3.653762,-8.553762,-7.273762,-6.033762,-5.723762,-6.473762,-4.203762,-3.6137621,-3.0037622,-4.6137624,-1.4737622,-2.3237622,-3.8537621,-4.5037622,-6.5937624,-7.1137624,-6.933762,-5.063762,-2.9637623
