nws-json/temp_20190820_12.f000.json
{"header": { "discipline":0, "disciplineName":"Meteorological products", "gribEdition":2, "gribLength":50091, "center":7, "centerName":"US National Weather Service - NCEP(WMC)", "subcenter":0, "refTime":"2019-08-20T12:00:00.000Z", "significanceOfRT":1, "significanceOfRTName":"Start of forecast", "productStatus":0, "productStatusName":"Operational products", "productType":1, "productTypeName":"Forecast products", "productDefinitionTemplate":0, "productDefinitionTemplateName":"Analysis/forecast at horizontal level/layer at a point in time", "parameterCategory":0, "parameterCategoryName":"Temperature", "parameterNumber":0, "parameterNumberName":"Temperature", "parameterUnit":"K", "genProcessType":2, "genProcessTypeName":"Forecast", "forecastTime":0, "surface1Type":1, "surface1TypeName":"Ground or water surface", "surface1Value":0.0, "surface2Type":255, "surface2TypeName":"Missing", "surface2Value":0.0, "gridDefinitionTemplate":0, "gridDefinitionTemplateName":"Latitude_Longitude", "numberPoints":65160, "shape":6, "shapeName":"Earth spherical with radius of 6,371,229.0 m", "gridUnits":"degrees", "resolution":48, "winds":"true", "scanMode":0, "nx":360, "ny":181, "basicAngle":0, "lo1":0.0, "la1":90.0, "lo2":359.0, "la2":-90.0, "dx":1.0, "dy":1.0 }, "data":
[rows 78 to 103 of 181, columns 180 to 239 of 360]
302.20685,302.10684,302.30682,302.20685,302.10684,301.80682,301.60684,301.70685,301.80682,301.70685,301.70685,301.70685,301.50684,301.40683,301.50684,301.70685,301.80682,301.80682,301.80682,301.60684,301.60684,301.70685,301.70685,301.90683,301.90683,301.70685,301.60684,301.30682,301.40683,301.50684,301.60684,301.60684,301.80682,301.70685,301.60684,301.70685,301.80682,301.90683,301.80682,301.60684,301.60684,301.60684,301.70685,302.00684,302.00684,301.90683,301.80682,301.90683,301.80682,301.40683,301.00684,300.80682,300.70685,300.90683,301.00684,301.30682,301.70685,301.60684,301.10684,301.00684
302.50684,302.50684,302.60684,302.40683,302.20685,302.00684,301.90683,302.00684,301.90683,301.90683,301.90683,301.90683,301.90683,301.70685,301.80682,301.90683,301.90683,301.90683,302.00684,301.90683,302.00684,301.90683,301.80682,301.90683,301.80682,301.90683,301.80682,301.60684,301.60684,301.80682,301.80682,301.60684,301.70685,301.80682,301.80682,301.80682,301.90683,301.80682,301.60684,301.60684,301.70685,301.70685,301.60684,301.70685,301.90683,301.80682,301.70685,301.70685,301.60684,301.40683,301.00684,300.80682,300.80682,301.00684,301.20685,301.20685,301.10684,301.10684,301.10684,301.00684
302.60684,302.60684,302.70685,302.60684,302.40683,302.10684,302.00684,302.00684,301.90683,302.00684,302.00684,302.10684,302.10684,302.10684,302.10684,302.00684,301.80682,301.90683,301.90683,302.00684,302.20685,302.10684,301.90683,301.90683,301.80682,301.90683,301.90683,301.80682,301.80682,301.80682,301.80682,301.90683,301.90683,302.00684,302.10684,301.90683,301.90683,301.50684,301.40683,301.60684,301.60684,301.60684,301.50684,301.30682,301.40683,301.60684,301.50684,301.30682,301.30682,301.30682,301.10684,300.90683,300.80682,300.90683,300.90683,300.60684,300.50684,300.70685,301.10684,301.20685
302.60684,302.60684,302.70685,302.50684,302.40683,302.30682,302.20685,302.10684,302.00684,302.00684,302.00684,302.10684,302.10684,302.30682,302.20685,302.10684,301.90683,301.90683,301.90683,301.90683,302.20685,302.30682,302.10684,301.90683,301.90683,301.90683,302.10684,301.90683,301.90683,301.90683,301.80682,301.80682,301.90683,302.10684,302.10684,301.90683,301.70685,301.30682,301.30682,301.30682,301.30682,301.30682,301.40683,301.20685,301.20685,301.20685,301.20685,301.10684,301.10684,301.20685,301.10684,301.00684,300.80682,300.60684,300.50684,300.40683,300.30682,300.50684,300.80682,301.00684
302.70685,302.70685,302.50684,302.40683,302.50684,302.30682,302.30682,302.10684,302.10684,302.20685,302.10684,302.10684,302.20685,302.30682,302.30682,302.30682,302.20685,302.00684,301.90683,302.00684,302.10684,302.30682,302.20685,302.10684,302.00684,302.10684,302.10684,301.90683,302.00684,301.90683,301.80682,301.80682,301.90683,302.00684,301.90683,301.80682,301.50684,301.20685,301.30682,301.20685,301.10684,301.30682,301.40683,301.20685,301.00684,301.00684,300.90683,301.00684,301.10684,301.00684,301.00684,301.00684,300.90683,300.70685,300.60684,300.50684,300.30682,300.40683,300.70685,300.50684
302.70685,302.70685,302.50684,302.60684,302.70685,302.50684,302.50684,302.40683,302.40683,302.40683,302.40683,302.30682,302.20685,302.20685,302.20685,302.30682,302.20685,302.10684,302.10684,302.20685,302.20685,302.20685,302.10684,302.00684,301.90683,302.00684,302.00684,301.80682,301.70685,301.90683,301.80682,301.80682,301.70685,301.70685,301.60684,301.60684,301.40683,301.30682,301.40683,301.30682,301.30682,301.20685,301.20685,300.90683,300.70685,300.60684,300.60684,300.80682,301.00684,300.90683,301.00684,301.00684,300.80682,300.80682,300.90683,300.60684,300.30682,300.40683,300.60684,300.40683
302.90683,302.70685,302.60684,302.60684,302.70685,302.50684,302.40683,302.40683,302.40683,302.40683,302.40683,302.40683,302.30682,302.30682,302.20685,302.20685,302.00684,302.00684,302.00684,302.20685,302.10684,302.10684,302.00684,301.90683,301.80682,301.90683,301.90683,301.60684,301.40683,301.60684,301.80682,301.70685,301.50684,301.40683,301.20685,301.00684,301.00684,301.20685,301.40683,301.30682,301.00684,300.90683,300.80682,300.50684,300.10684,300.00684,300.20685,300.80682,301.00684,301.10684,301.20685,301.10684,300.80682,300.70685,300.70685,300.30682,299.90683,299.80682,300.00684,299.90683
303.10684,303.00684,302.80682,302.60684,302.50684,302.30682,302.20685,302.30682,302.40683,302.40683,302.40683,302.40683,302.30682,302.20685,302.00684,301.90683,301.70685,301.70685,301.70685,301.70685,301.80682,301.80682,301.70685,301.40683,301.50684,301.60684,301.60684,301.40683,301.30682,301.50684,301.40683,301.20685,301.10684,300.80682,300.50684,300.10684,300.10684,300.40683,300.70685,301.00684,300.60684,300.30682,299.80682,299.30682,299.30682,299.30682,299.70685,300.30682,300.80682,301.10684,301.10684,301.00684,300.70685,300.60684,300.30682,299.80682,299.20685,298.70685,298.80682,298.90683
303.30682,303.00684,302.80682,302.60684,302.40683,302.10684,302.00684,302.20685,302.40683,302.40683,302.40683,302.30682,302.10684,302.00684,301.70685,301.60684,301.50684,301.40683,301.40683,301.40683,301.40683,301.40683,301.30682,301.10684,301.10684,301.10684,301.20685,301.00684,301.00684,301.00684,301.10684,300.80682,300.50684,300.00684,299.80682,299.70685,299.70685,299.90683,300.00684,300.20685,300.00684,299.60684,299.00684,298.60684,298.90683,299.00684,299.40683,300.20685,300.60684,300.90683,300.70685,300.70685,300.60684,300.20685,299.60684,299.10684,298.40683,297.90683,297.70685,297.80682
303.10684,303.00684,302.70685,302.40683,302.30682,302.10684,302.00684,302.20685,302.20685,302.10684,302.10684,302.10684,301.90683,301.70685,301.50684,301.30682,301.00684,301.10684,301.10684,301.10684,301.00684,301.00684,301.00684,300.80682,300.70685,300.90683,301.00684,300.90683,300.90683,300.80682,300.80682,300.60684,300.00684,299.50684,299.50684,299.60684,299.90683,299.70685,299.60684,299.40683,299.20685,298.60684,298.30682,298.20685,298.60684,298.90683,299.40683,300.20685,300.70685,300.20685,300.20685,300.30682,300.10684,299.30682,298.40683,297.90683,297.30682,296.90683,296.90683,297.50684
302.90683,302.80682,302.70685,302.50684,302.30682,302.10684,302.00684,302.10684,302.00684,301.80682,301.70685,301.80682,301.80682,301.70685,301.40683,301.30682,301.00684,301.00684,301.10684,301.10684,301.00684,300.90683,300.90683,300.80682,300.50684,300.60684,300.80682,300.80682,300.80682,300.80682,300.70685,300.50684,299.80682,299.30682,299.40683,299.70685,300.00684,299.70685,299.40683,299.00684,298.40683,297.90683,297.60684,297.60684,298.30682,298.90683,299.40683,300.00684,300.00684,299.80682,299.80682,299.60684,298.90683,298.00684,297.70685,297.60684,296.70685,296.20685,296.30682,296.80682
302.80682,302.70685,302.70685,302.50684,302.30682,302.10684,302.00684,302.00684,302.00684,301.70685,301.50684,301.60684,301.60684,301.40683,301.20685,301.00684,300.70685,300.60684,300.70685,300.80682,300.70685,300.70685,300.80682,300.50684,300.00684,300.00684,300.10684,300.20685,300.40683,300.50684,300.40683,300.00684,299.50684,298.90683,299.00684,299.20685,299.40683,299.30682,298.90683,298.40683,297.80682,297.30682,297.20685,297.30682,297.80682,298.40683,298.90683,299.20685,299.20685,299.10684,299.00684,298.50684,297.80682,297.00684,296.80682,296.70685,296.20685,296.20685,296.20685,296.40683
302.90683,302.80682,302.60684,302.50684,302.30682,302.10684,302.00684,302.00684,301.90683,301.60684,301.50684,301.40683,301.40683,301.20685,301.00684,300.70685,300.50684,300.30682,300.40683,300.40683,300.30682,300.30682,300.20685,299.80682,299.70685,299.50684,299.50684,299.70685,299.70685,299.80682,299.60684,299.50684,299.10684,298.80682,298.70685,298.70685,298.80682,298.70685,298.40683,297.90683,297.60684,297.30682,297.20685,297.10684,297.30682,297.50684,297.70685,297.80682,297.90683,298.00684,297.70685,297.20685,296.80682,296.40683,296.30682,296.20685,296.30682,296.20685,296.00684,295.90683
302.90683,302.80682,302.70685,302.60684,302.50684,302.30682,302.30682,302.00684,301.80682,301.70685,301.60684,301.60684,301.50684,301.40683,301.20685,301.10684,300.90683,300.50684,300.40683,300.40683,300.30682,300.30682,300.20685,300.10684,300.00684,299.70685,299.60684,299.70685,299.80682,299.80682,299.80682,299.70685,299.50684,299.30682,299.00684,298.70685,298.60684,298.50684,298.30682,298.30682,298.30682,298.20685,298.00684,297.70685,297.40683,297.10684,297.00684,297.20685,297.20685,297.10684,296.90683,296.80682,296.90683,297.00684,296.90683,296.80682,296.70685,296.40683,296.10684,295.90683
303.10684,303.00684,302.70685,302.70685,302.50684,302.50684,302.30682,302.10684,302.00684,301.90683,301.80682,301.60684,301.50684,301.50684,301.40683,301.30682,301.10684,300.90683,300.70685,300.70685,300.60684,300.70685,300.50684,300.40683,300.40683,300.20685,300.10684,300.10684,300.20685,300.20685,300.20685,300.00684,299.80682,299.80682,299.50684,299.20685,298.90683,299.00684,298.90683,298.90683,299.20685,299.20685,298.90683,298.60684,298.10684,297.50684,297.30682,297.10684,297.10684,296.90683,297.10684,297.60684,297.80682,297.90683,297.80682,298.00684,297.40683,296.80682,296.40683,296.30682
303.00684,302.90683,302.70685,302.60684,302.50684,302.40683,302.30682,302.10684,302.10684,301.90683,301.80682,301.60684,301.60684,301.60684,301.60684,301.50684,301.30682,301.20685,301.10684,301.00684,300.80682,300.70685,300.70685,300.50684,300.40683,300.50684,300.30682,300.30682,300.30682,300.10684,300.10684,299.90683,299.80682,299.70685,299.70685,299.40683,299.30682,299.40683,299.30682,299.30682,299.40683,299.40683,299.20685,298.90683,298.60684,298.40683,298.10684,297.70685,297.70685,297.80682,298.10684,298.50684,298.50684,298.10684,297.90683,297.80682,297.40683,297.10684,296.90683,296.80682
303.10684,303.00684,302.80682,302.70685,302.40683,302.20685,302.20685,302.10684,302.10684,301.80682,301.80682,301.70685,301.60684,301.60684,301.70685,301.60684,301.40683,301.50684,301.40683,301.30682,301.10684,300.90683,300.90683,300.70685,300.60684,300.60684,300.50684,300.40683,300.40683,300.20685,300.10684,300.00684,299.90683,299.80682,299.70685,299.50684,299.40683,299.50684,299.60684,299.50684,299.40683,299.30682,299.20685,299.10684,298.80682,298.70685,298.60684,298.30682,298.30682,298.40683,298.60684,298.80682,298.60684,298.30682,297.90683,297.60684,297.40683,297.30682,297.30682,297.00684
303.10684,303.10684,303.20685,302.90683,302.60684,302.20685,302.30682,302.20685,302.10684,301.90683,301.80682,301.80682,301.60684,301.60684,301.60684,301.50684,301.50684,301.60684,301.50684,301.40683,301.30682,301.20685,300.90683,300.90683,300.80682,300.70685,300.60684,300.60684,300.50684,300.40683,300.40683,300.20685,300.10684,299.90683,299.80682,299.70685,299.80682,299.70685,299.80682,299.70685,299.60684,299.50684,299.40683,299.30682,299.00684,298.80682,298.60684,298.50684,298.50684,298.50684,298.60684,298.60684,298.70685,298.70685,298.20685,297.90683,297.80682,297.70685,297.70685,297.60684
303.10684,303.00684,302.90683,302.80682,302.70685,302.40683,302.50684,302.40683,302.20685,302.00684,302.00684,302.00684,301.90683,301.80682,301.60684,301.50684,301.60684,301.60684,301.50684,301.50684,301.50684,301.40683,301.10684,301.10684,301.00684,300.70685,300.70685,300.80682,300.70685,300.60684,300.60684,300.40683,300.30682,300.10684,300.20685,300.20685,300.20685,300.20685,300.00684,299.90683,299.80682,299.70685,299.60684,299.50684,299.10684,299.00684,298.90683,298.80682,298.70685,298.70685,298.80682,298.80682,298.90683,298.80682,298.40683,298.20685,298.10684,298.30682,298.20685,298.20685
303.10684,302.90683,302.70685,302.80682,302.80682,302.70685,302.70685,302.60684,302.60684,302.30682,302.20685,302.30682,302.10684,302.10684,302.10684,301.90683,301.90683,301.80682,301.70685,301.60684,301.70685,301.60684,301.30682,301.10684,301.10684,301.00684,301.00684,301.00684,300.90683,300.70685,300.60684,300.50684,300.40683,300.40683,300.40683,300.40683,300.30682,300.30682,300.10684,300.00684,300.00684,299.90683,299.70685,299.60684,299.50684,299.40683,299.30682,299.10684,299.10684,299.20685,299.10684,298.90683,299.00684,298.90683,298.60684,298.50684,298.40683,298.40683,298.40683,298.40683
302.90683,302.80682,302.70685,302.70685,302.90683,302.90683,302.70685,302.60684,302.70685,302.40683,302.30682,302.30682,302.30682,302.30682,302.40683,302.40683,302.30682,302.10684,302.00684,301.90683,301.90683,301.90683,301.60684,301.40683,301.40683,301.20685,301.20685,301.20685,301.00684,300.90683,300.80682,300.80682,300.80682,300.70685,300.70685,300.60684,300.40683,300.40683,300.30682,300.10684,300.10684,299.90683,299.70685,299.70685,299.60684,299.70685,299.50684,299.40683,299.50684,299.60684,299.40683,299.10684,299.10684,299.10684,298.90683,299.00684,298.80682,298.70685,298.60684,298.40683
302.60684,302.60684,302.70685,302.60684,302.70685,302.90683,302.70685,302.60684,302.70685,302.50684,302.30682,302.30682,302.30682,302.30682,302.40683,302.30682,302.40683,302.20685,302.00684,302.00684,302.00684,301.90683,301.80682,301.70685,301.60684,301.30682,301.40683,301.30682,301.20685,301.10684,301.00684,300.90683,300.90683,300.80682,300.80682,300.90683,300.80682,300.70685,300.60684,300.50684,300.50684,300.10684,300.00684,300.10684,300.00684,300.00684,299.90683,299.70685,299.70685,299.50684,299.20685,299.10684,299.10684,299.20685,299.20685,299.10684,298.90683,298.90683,298.70685,298.60684
302.20685,302.30682,302.40683,302.40683,302.50684,302.60684,302.50684,302.60684,302.70685,302.50684,302.30682,302.20685,302.10684,301.90683,302.20685,302.30682,302.30682,302.30682,302.00684,301.90683,301.90683,301.80682,301.70685,301.70685,301.50684,301.30682,301.30682,301.20685,301.20685,301.10684,301.00684,300.80682,300.80682,300.80682,300.70685,300.80682,300.70685,300.70685,300.50684,300.50684,300.50684,300.40683,300.10684,300.20685,300.20685,300.00684,300.00684,300.00684,299.90683,299.60684,299.20685,299.10684,299.00684,299.10684,299.00684,298.90683,298.80682,298.70685,298.70685,298.60684
302.20685,302.10684,302.10684,302.20685,302.30682,302.20685,302.20685,302.50684,302.60684,302.40683,302.20685,302.10684,301.90683,301.80682,302.00684,302.00684,302.00684,301.80682,301.80682,301.80682,301.80682,301.60684,301.50684,301.40683,301.30682,301.00684,301.10684,301.00684,301.10684,301.10684,300.90683,300.80682,300.70685,300.60684,300.40683,300.40683,300.20685,300.30682,300.50684,300.50684,300.20685,300.20685,299.90683,299.90683,299.80682,299.90683,299.80682,299.90683,299.70685,299.50684,299.30682,299.10684,299.00684,299.00684,298.90683,298.50684,298.60684,298.70685,298.70685,298.40683
302.20685,302.20685,302.10684,302.30682,302.30682,302.10684,302.10684,302.20685,302.20685,302.10684,302.10684,301.90683,301.70685,301.70685,301.90683,301.80682,301.60684,301.50684,301.40683,301.50684,301.60684,301.50684,301.40683,301.20685,301.10684,300.90683,301.00684,301.00684,301.00684,300.90683,300.90683,300.60684,300.30682,300.10684,300.10684,300.00684,300.00684,300.10684,300.40683,300.30682,300.20685,300.00684,299.90683,299.80682,299.70685,299.50684,299.40683,299.40683,299.30682,299.30682,299.00684,298.90683,298.80682,298.70685,298.70685,298.60684,298.40683,298.40683,298.40683,298.30682
302.00684,302.00684,302.10684,302.30682,302.20685,302.40683,302.20685,302.10684,301.90683,301.70685,301.60684,301.60684,301.50684,301.40683,301.40683,301.40683,301.30682,301.20685,301.00684,301.00684,301.20685,301.20685,301.10684,300.90683,300.80682,300.80682,300.80682,301.00684,300.90683,300.70685,300.50684,300.40683,299.90683,299.90683,300.10684,300.10684,300.20685,300.00684,299.90683,299.80682,300.00684,300.00684,299.90683,299.80682,299.60684,299.30682,299.40683,299.30682,299.10684,299.20685,299.00684,298.80682,298.70685,298.60684,298.50684,298.30682,298.20685,298.20685,298.00684,297.80682
