nws-json/temp_20190823_00.f000.json
{"header": { "discipline":0, "disciplineName":"Meteorological products", "gribEdition":2, "gribLength":49979, "center":7, "centerName":"US National Weather Service - NCEP(WMC)", "subcenter":0, "refTime":"2019-08-23T00:00:00.000Z", "significanceOfRT":1, "significanceOfRTName":"Start of forecast", "productStatus":0, "productStatusName":"Operational products", "productType":1, "productTypeName":"Forecast products", "productDefinitionTemplate":0, "productDefinitionTemplateName":"Analysis/forecast at horizontal level/layer at a point in time", "parameterCategory":0, "parameterCategoryName":"Temperature", "parameterNumber":0, "parameterNumberName":"Temperature", "parameterUnit":"K", "genProcessType":2, "genProcessTypeName":"Forecast", "forecastTime":0, "surface1Type":1, "surface1TypeName":"Ground or water surface", "surface1Value":0.0, "surface2Type":255, "surface2TypeName":"Missing", "surface2Value":0.0, "gridDefinitionTemplate":0, "gridDefinitionTemplateName":"Latitude_Longitude", "numberPoints":65160, "shape":6, "shapeName":"Earth spherical with radius of 6,371,229.0 m", "gridUnits":"degrees", "resolution":48, "winds":"true", "scanMode":0, "nx":360, "ny":181, "basicAngle":0, "lo1":0.0, "la1":90.0, "lo2":359.0, "la2":-90.0, "dx":1.0, "dy":1.0 }, "data":
[rows 0 to 33 of 181, columns 154 to 230 of 360]
270.6,270.6,270.6,270.6,270.6,270.6,270.6,270.6,270.6,270.6,270.6,270.6,270.6,270.6,270.6,270.6,270.6,270.6,270.6,270.6,270.6,270.6,270.6,270.6,270.6,270.6,270.6,270.6,270.6,270.6,270.6,270.6,270.6,270.6,270.6,270.6,270.6,270.6,270.6,270.6,270.6,270.6,270.6,270.6,270.6,270.6,270.6,270.6,270.6,270.6,270.6,270.6,270.6,270.6,270.6,270.6,270.6,270.6,270.6,270.6,270.6,270.6,270.6,270.6,270.6,270.6,270.6,270.6,270.6,270.6,270.6,270.6,270.6,270.6,270.6,270.6,270.6
270.3,270.3,270.2,270.2,270.2,270.2,270.2,270.2,270.2,270.0,270.0,270.0,270.0,270.0,270.0,270.0,270.1,270.1,270.1,270.1,270.1,270.1,270.1,270.1,270.1,270.0,270.0,270.0,270.0,270.0,270.0,270.2,270.2,270.2,270.2,270.2,270.2,270.2,270.2,270.3,270.3,270.3,270.3,270.3,270.4,270.4,270.4,270.8,270.8,270.8,270.8,270.7,270.7,270.7,270.7,270.7,270.6,270.5,270.5,270.5,270.5,270.6,270.6,270.6,270.6,270.6,270.8,270.8,270.8,270.8,270.8,270.8,270.9,270.9,270.9,270.9,270.9
269.8,269.8,269.8,269.8,269.8,269.9,269.9,269.9,269.9,270.0,270.0,270.0,270.0,270.0,269.9,269.9,270.0,270.0,270.0,270.0,270.0,270.0,270.0,270.1,270.3,270.3,270.3,270.2,270.2,270.2,270.2,270.2,270.1,270.1,270.1,270.2,270.2,270.2,270.2,270.2,270.4,270.4,270.4,270.4,270.3,270.3,270.3,270.4,270.4,270.4,270.4,270.4,270.4,270.4,270.3,270.3,270.3,270.3,270.3,270.3,270.3,270.3,270.3,270.5,270.5,270.5,270.5,270.5,270.6,270.6,270.6,270.6,270.6,270.6,270.6,270.5,270.7
271.3,271.2,270.8,270.8,270.8,270.8,270.8,269.0,269.2,269.1,269.1,269.1,269.0,269.0,269.4,269.4,269.7,269.9,269.9,269.9,269.9,270.0,270.0,270.0,270.2,270.2,270.1,270.1,270.1,270.1,270.1,270.0,270.0,270.0,270.1,270.1,270.1,270.0,270.0,270.0,270.0,270.0,270.2,270.2,270.2,270.2,270.2,270.2,270.4,270.4,270.2,270.2,270.2,270.2,270.1,270.1,270.1,270.1,270.1,270.1,270.2,270.2,270.2,270.1,270.1,270.1,270.2,270.0,270.0,270.4,270.4,270.0,270.1,270.2,270.2,270.1,270.1
271.2,271.2,271.1,270.9,270.8,270.7,270.7,270.5,270.3,269.9,269.9,269.9,269.9,269.9,269.9,269.7,269.6,269.6,269.3,269.3,269.3,269.3,269.2,269.2,269.2,269.2,269.3,269.3,269.3,269.3,269.4,269.5,269.6,269.9,270.2,270.2,270.2,270.2,270.3,270.3,270.3,270.3,270.4,270.3,270.2,270.2,270.1,270.0,270.0,270.0,269.7,269.5,269.5,269.5,269.4,269.3,269.3,269.3,269.3,269.2,269.1,269.1,269.2,269.3,269.3,269.3,269.1,269.1,269.1,268.9,268.8,268.8,268.7,268.5,268.5,268.2,268.2
272.5,272.6,272.7,272.7,272.6,272.5,272.5,272.5,272.5,272.5,272.3,272.1,272.1,272.1,272.1,271.4,271.0,270.9,270.2,270.0,270.0,269.9,269.9,269.9,270.3,269.8,269.8,269.6,269.6,269.6,269.6,269.7,269.7,269.7,269.7,269.6,269.6,269.6,269.5,269.5,269.5,269.4,269.4,269.5,269.2,269.2,269.1,269.1,269.2,269.0,269.0,268.9,268.9,268.7,268.7,268.7,268.7,268.6,268.8,268.6,268.7,268.6,268.7,268.6,268.7,268.6,268.8,268.8,268.9,268.9,269.8,269.8,269.7,269.5,268.9,268.8,268.8
272.7,272.7,272.7,272.7,272.8,272.8,272.8,272.9,272.9,272.9,272.6,272.6,272.7,272.8,273.0,272.7,272.6,272.6,272.5,272.6,272.6,272.5,272.3,271.8,271.9,272.2,272.1,272.3,272.3,272.2,272.2,272.2,272.2,272.0,271.9,271.9,271.9,271.6,271.6,271.7,271.5,271.6,271.6,271.6,271.6,272.0,271.5,271.3,271.6,271.1,270.5,270.2,270.0,269.4,269.3,269.1,269.1,268.9,268.8,268.8,268.8,269.4,270.4,270.3,270.3,270.3,270.2,270.3,270.2,270.3,269.9,270.1,270.2,270.2,269.9,270.5,270.4
272.9,272.8,272.8,272.8,272.8,272.7,272.7,272.8,272.8,272.8,272.8,272.8,272.8,272.8,272.9,272.9,272.8,272.8,272.8,272.7,272.8,272.8,272.9,272.9,272.9,273.0,272.9,272.9,272.9,273.0,273.0,273.0,273.0,273.0,272.9,272.9,273.0,273.0,272.7,271.4,271.2,270.9,270.7,270.5,270.3,270.3,270.1,270.1,270.0,270.0,269.8,269.8,269.7,269.8,269.7,269.7,269.6,269.3,269.3,269.1,269.2,269.7,269.9,270.3,270.1,270.3,270.3,270.1,270.4,270.3,270.2,270.4,270.3,270.4,270.4,270.4,270.4
272.9,272.9,273.0,272.9,272.8,272.9,273.0,272.7,272.8,272.9,272.7,272.8,272.8,272.9,272.8,272.6,272.7,272.8,272.8,272.8,272.9,272.9,272.9,273.0,272.9,273.0,272.5,272.9,273.1,273.0,273.0,273.0,272.9,272.8,272.8,272.7,272.6,272.5,272.4,272.4,272.2,272.2,272.0,271.9,271.9,271.9,272.0,272.0,271.9,271.9,271.8,271.8,271.8,271.8,271.8,271.7,271.8,271.7,271.5,271.5,271.2,271.2,271.1,271.2,271.3,271.2,271.3,271.3,271.1,271.2,271.3,271.2,271.1,271.1,271.3,271.5,271.6
272.4,272.5,272.9,272.8,272.9,272.9,273.0,273.1,272.8,272.7,272.8,272.6,272.6,272.6,272.6,272.7,272.8,272.8,272.7,272.6,272.8,272.8,272.8,272.9,272.9,273.0,273.0,273.0,273.0,272.9,272.9,272.6,272.7,272.5,272.4,272.4,272.2,272.3,272.2,272.3,272.2,272.2,272.2,272.4,272.3,272.2,272.1,272.0,272.1,272.1,272.3,272.3,272.3,272.4,272.4,272.5,272.3,272.0,271.6,271.7,272.0,271.8,271.9,271.9,271.7,271.7,271.6,271.5,271.4,271.4,271.5,271.3,271.3,271.4,271.5,271.6,271.4
271.7,271.8,272.0,272.1,271.6,271.6,271.8,272.0,272.1,272.0,271.6,271.9,272.1,272.9,271.6,271.7,272.1,272.4,272.6,272.8,272.9,272.6,272.9,272.9,272.9,273.0,272.9,272.9,272.9,273.0,272.9,272.9,272.9,273.0,272.7,272.6,272.5,272.4,272.6,272.6,272.7,272.7,272.4,272.2,272.2,272.3,272.1,272.2,272.2,272.4,272.3,272.3,272.5,272.4,272.6,272.6,272.6,272.8,272.7,272.5,272.3,272.2,272.2,272.1,272.1,272.1,272.1,272.2,272.2,272.3,272.4,272.6,272.4,272.4,272.5,272.6,272.7
272.2,272.7,272.3,272.0,272.3,272.2,271.9,272.0,271.7,271.4,271.4,271.5,271.8,271.9,271.7,271.8,271.9,272.1,272.5,272.8,272.8,272.7,272.8,272.9,272.9,272.9,272.9,272.8,272.9,272.5,272.7,272.6,272.8,272.6,272.5,272.6,272.5,272.3,272.4,272.3,272.3,272.2,272.3,272.4,272.4,272.3,272.4,272.4,272.3,272.2,272.2,272.4,272.4,271.3,271.2,272.1,271.3,271.8,271.2,272.1,271.8,272.4,272.1,272.2,272.4,272.1,272.0,272.0,272.0,272.1,272.3,272.3,272.3,272.7,272.8,272.8,272.7
272.0,273.9,274.3,274.0,273.9,273.7,273.7,272.2,272.2,272.2,271.5,271.8,271.5,271.4,271.4,271.8,271.9,271.4,271.7,271.8,272.2,272.7,272.9,272.7,272.9,272.9,272.8,272.8,272.6,272.3,272.5,272.4,272.2,272.1,272.1,272.1,272.0,272.0,272.1,272.1,271.8,272.0,271.9,272.1,271.5,271.2,271.2,271.2,271.2,272.4,272.4,272.3,272.3,272.3,271.7,271.7,271.9,271.4,272.3,272.4,271.8,272.5,272.6,272.3,272.2,272.3,272.2,272.1,272.5,272.7,272.5,272.6,272.4,272.2,272.4,272.5,272.4
274.7,274.2,274.0,272.0,271.9,272.0,273.1,272.2,272.1,273.2,272.2,271.9,271.5,271.5,271.5,272.7,272.9,272.7,272.1,272.0,272.3,272.5,272.7,272.3,272.1,272.2,272.0,272.0,271.3,271.2,271.2,271.2,271.2,271.2,271.2,271.2,271.2,271.2,271.2,271.3,271.3,271.3,271.3,271.3,271.2,271.2,271.2,271.2,271.2,271.2,271.2,271.2,271.2,271.2,271.2,271.2,271.2,271.2,271.2,271.4,271.2,272.2,272.8,272.4,272.6,272.8,272.7,272.6,272.6,272.5,272.7,272.8,272.7,272.8,272.6,272.6,272.6
272.2,272.3,271.6,271.6,273.1,271.5,271.3,271.9,271.5,271.5,272.7,273.2,273.7,274.0,274.0,273.9,273.8,273.7,273.5,273.2,272.9,272.6,271.5,272.0,272.0,271.5,271.3,271.4,271.5,271.2,271.3,271.3,271.2,271.3,271.2,271.2,271.2,271.2,271.2,271.2,271.2,271.2,271.2,271.2,271.4,271.9,271.6,272.1,272.0,272.0,271.2,271.2,271.2,271.2,271.2,271.2,271.2,271.2,271.2,271.2,271.2,271.2,271.2,272.2,272.8,272.5,271.9,271.5,271.4,271.8,272.4,272.6,272.3,272.5,272.6,272.4,272.8
275.4,274.6,274.6,273.4,272.6,272.5,271.5,271.8,271.8,271.5,272.2,271.6,271.4,271.3,271.3,271.7,273.3,273.5,273.2,271.2,271.3,271.3,272.5,271.3,271.6,271.7,272.5,272.7,272.8,271.6,271.5,271.2,271.2,272.3,272.1,272.2,272.1,271.9,272.0,271.8,271.8,271.8,272.1,272.7,273.2,273.7,273.8,273.6,273.6,273.4,273.3,271.4,271.2,271.3,271.2,271.3,271.2,271.2,271.7,271.2,271.3,271.3,271.2,271.2,271.2,271.3,271.2,271.2,271.2,271.9,272.0,272.1,271.4,271.2,272.1,272.4,272.6
275.4,274.8,273.6,274.0,271.5,271.5,271.5,272.0,272.8,272.7,273.5,271.5,271.5,271.4,271.8,272.3,272.6,272.6,272.9,272.6,272.7,272.0,273.0,272.9,273.0,273.2,273.3,273.3,271.3,272.0,272.3,271.3,271.2,273.4,273.4,273.3,273.2,273.1,273.2,273.2,273.4,273.6,273.9,274.3,274.6,274.8,275.4,274.6,274.1,273.9,273.3,273.1,271.5,271.8,272.1,273.0,272.8,272.4,271.8,272.0,271.3,271.3,271.4,271.5,271.5,271.4,271.5,271.4,271.3,271.2,271.3,271.2,271.2,271.8,272.5,272.7,272.7
275.8,275.3,274.0,272.1,271.8,271.5,271.7,271.6,271.5,272.0,272.3,272.1,272.3,272.5,272.8,273.0,272.4,272.0,271.8,271.6,271.6,271.5,271.6,271.5,272.3,273.6,273.8,273.8,273.8,273.9,273.9,274.1,274.4,273.9,273.9,273.8,274.0,273.9,274.4,275.7,274.6,276.0,277.2,276.3,276.5,275.9,275.3,276.9,276.7,276.4,273.9,273.2,272.9,273.3,272.1,272.0,271.9,275.1,275.0,274.0,273.8,273.5,271.8,271.5,271.6,271.6,271.6,271.5,271.5,271.3,271.2,271.3,271.3,272.4,272.7,273.0,272.6
276.1,276.0,275.8,275.7,275.5,275.4,272.7,273.3,271.8,272.5,272.2,271.8,271.7,272.7,273.0,273.0,272.6,271.2,272.4,273.1,273.5,271.2,273.0,273.4,273.8,274.0,273.8,274.3,273.2,274.0,274.1,278.2,279.2,278.9,277.1,277.1,276.7,277.8,278.8,278.9,281.7,281.4,279.7,279.5,279.0,278.0,277.1,277.0,276.5,279.1,279.3,279.5,279.1,278.7,276.2,278.4,276.5,276.2,276.2,275.6,275.0,274.3,273.7,271.5,271.5,271.5,271.5,271.3,271.4,271.5,271.4,271.4,272.2,272.8,272.8,272.7,272.4
276.0,279.7,286.8,281.0,280.4,275.7,275.8,275.7,275.6,273.9,274.0,273.7,273.7,273.6,273.5,273.5,273.4,274.0,273.5,273.6,273.6,274.6,274.2,274.3,274.2,280.9,282.7,286.9,281.1,275.7,278.4,280.7,282.1,282.2,281.8,281.3,280.8,279.4,280.6,282.7,282.5,281.8,280.7,281.1,281.0,280.4,280.0,278.8,279.9,280.5,283.1,283.3,277.2,276.8,276.7,275.2,274.2,274.1,274.4,275.4,274.7,274.3,273.9,272.9,271.5,271.5,271.5,271.4,271.4,271.6,271.8,272.7,273.4,272.2,271.9,271.6,272.3
286.0,285.5,285.7,287.2,286.2,286.0,275.1,275.2,275.1,274.9,274.9,275.0,274.4,274.2,275.3,275.1,275.1,288.9,286.8,274.0,275.3,273.9,274.0,275.5,276.4,274.2,274.1,276.1,276.8,279.5,280.6,282.3,282.7,282.5,279.3,278.9,281.1,281.7,282.1,282.7,283.2,283.2,283.1,281.5,283.2,282.6,282.8,282.4,280.8,283.2,281.0,282.0,281.0,281.4,280.6,281.2,280.8,278.9,278.9,279.0,279.0,278.9,277.9,278.1,273.8,274.5,275.8,276.8,277.9,278.1,276.5,279.5,275.5,275.1,275.5,277.6,283.2
287.3,287.8,290.9,289.9,291.1,291.6,283.5,292.3,295.2,290.7,293.3,293.5,288.9,289.4,289.3,281.9,275.5,277.4,292.5,290.9,288.6,289.3,285.3,282.3,282.3,280.9,279.1,277.6,277.3,279.4,279.8,280.8,281.8,281.2,280.6,280.2,280.2,280.8,281.9,283.1,283.5,283.2,282.8,282.0,280.0,280.0,280.2,278.7,278.2,279.8,279.2,278.7,278.2,278.2,278.2,277.9,277.3,276.8,276.2,276.7,278.9,277.1,273.7,276.6,278.0,279.8,279.3,280.6,285.0,278.6,280.3,287.0,284.0,278.2,281.0,283.9,282.0
292.1,279.4,292.1,292.2,292.4,295.9,293.8,295.9,297.1,296.3,293.9,294.4,294.3,292.2,290.6,290.5,290.9,290.7,286.4,285.3,291.1,290.1,290.6,290.8,286.2,289.2,290.1,287.8,284.4,283.1,276.5,277.2,276.6,274.7,280.3,279.8,279.6,279.9,281.0,282.7,283.7,283.8,286.9,287.0,288.1,285.9,285.5,285.9,287.7,281.2,277.3,282.7,282.8,282.7,282.8,282.8,283.1,282.4,282.6,282.5,283.9,283.1,283.5,281.4,282.2,283.7,282.7,286.4,281.1,279.6,278.9,286.8,285.1,282.0,282.3,281.4,281.6
295.8,296.4,298.2,296.8,295.5,296.7,296.9,295.4,296.3,298.0,297.9,298.3,296.5,294.3,293.2,292.8,290.1,289.8,288.7,289.1,292.0,294.0,292.6,289.8,290.2,289.1,287.1,288.8,283.4,281.9,280.1,281.1,278.9,275.0,273.9,277.0,279.7,280.8,281.9,282.8,283.8,284.5,285.3,287.9,286.4,289.6,290.3,290.4,289.9,289.4,288.0,289.7,286.9,289.8,289.5,288.5,286.0,285.5,285.6,288.3,287.8,286.3,286.7,285.1,284.6,282.5,283.4,282.7,282.1,284.6,281.3,289.3,287.3,287.8,285.7,283.8,284.6
296.2,298.6,298.5,299.3,298.8,297.7,294.8,297.6,297.1,296.2,297.1,295.8,294.3,293.3,292.1,291.5,291.1,291.1,290.4,290.7,292.0,289.2,293.0,289.0,289.2,289.3,292.3,281.4,292.0,288.1,283.5,281.1,279.8,283.5,282.4,281.4,280.3,281.1,283.3,283.2,285.2,289.7,290.1,290.5,287.0,291.1,289.2,290.7,291.0,293.4,291.0,290.7,290.0,290.5,289.1,287.8,288.9,291.4,290.1,290.8,289.2,287.9,291.3,286.9,286.5,283.9,281.6,283.4,285.9,282.6,282.5,285.2,287.0,282.2,284.9,284.2,286.3
298.6,302.5,302.5,300.3,297.7,299.5,298.9,297.9,296.6,298.0,298.2,294.8,295.2,292.8,291.9,293.0,293.2,293.9,292.3,291.5,281.7,290.8,289.3,288.8,292.7,286.9,285.2,282.6,283.3,282.9,282.6,289.3,288.9,290.3,279.0,279.0,279.4,280.9,283.1,284.8,286.7,289.3,290.5,290.0,290.6,291.2,289.0,288.4,289.7,295.0,288.9,286.9,290.4,290.7,290.6,291.1,288.8,290.8,287.0,285.7,286.0,282.3,281.3,280.8,284.5,284.9,281.6,280.8,280.0,282.4,283.5,281.1,281.4,276.3,280.7,280.1,280.9
302.3,301.5,301.3,301.4,300.2,298.1,298.8,299.2,299.0,299.2,299.5,298.2,290.7,292.5,290.7,291.9,293.7,293.4,292.8,294.2,289.6,287.2,292.4,288.2,292.5,279.3,277.9,280.5,282.2,282.7,282.5,282.5,282.7,281.6,281.0,280.8,281.0,281.7,283.0,283.7,285.1,286.4,286.7,287.2,287.2,286.8,293.6,290.3,288.9,286.8,289.4,288.8,290.0,289.0,289.3,289.7,288.8,283.5,279.5,285.9,285.0,288.7,286.8,287.9,288.0,283.2,283.9,285.9,288.3,286.1,286.5,286.1,287.2,287.7,280.6,282.0,283.6
302.2,301.5,301.9,301.2,301.3,299.4,300.1,298.9,298.1,296.9,298.8,295.3,292.1,285.5,293.7,294.9,295.3,291.0,294.0,292.5,289.7,289.3,288.0,293.2,288.6,290.9,281.5,283.2,283.1,283.0,282.9,283.0,282.8,282.6,282.5,282.2,282.1,282.4,282.6,283.6,285.0,286.0,292.7,290.9,290.0,290.4,288.9,293.2,295.2,288.4,290.4,291.4,289.9,288.9,285.8,272.3,288.6,286.1,286.5,286.8,287.2,288.8,285.9,289.5,292.8,288.2,289.2,287.6,289.0,290.0,289.6,288.8,287.2,287.5,285.8,285.1,284.3
298.7,299.2,301.9,301.9,298.0,296.7,300.8,300.1,297.2,298.2,282.7,300.6,295.3,288.0,297.8,293.2,292.3,292.7,292.1,293.1,292.4,290.0,281.0,283.0,282.9,282.8,283.3,283.3,283.5,283.5,283.3,283.0,283.0,283.0,283.0,283.1,283.3,283.4,283.9,285.1,286.1,296.6,295.8,293.9,294.3,292.7,293.2,291.7,291.0,292.1,293.0,287.9,282.2,288.0,292.3,293.3,293.3,278.8,285.6,290.4,294.1,290.7,273.6,278.5,288.2,290.0,292.7,288.3,288.0,288.0,290.9,289.8,286.1,287.9,290.3,286.9,285.2
297.5,298.1,296.4,286.3,286.1,285.4,286.1,299.5,282.3,282.8,295.9,296.7,297.9,300.2,296.8,296.8,296.5,294.1,292.0,280.6,282.1,283.6,283.9,283.8,283.9,283.8,283.8,283.8,283.7,283.7,283.7,283.7,283.7,283.4,283.5,283.7,283.7,283.6,284.2,285.5,287.0,293.6,287.5,297.0,297.7,296.8,290.4,294.8,293.2,291.3,295.2,291.7,290.0,276.8,295.5,286.4,285.3,287.4,292.0,291.4,292.2,290.6,290.8,288.7,291.9,289.6,272.9,286.9,287.6,285.6,286.6,287.1,285.1,286.9,285.1,283.6,284.8
296.6,283.2,283.8,284.1,284.9,284.1,284.0,283.2,295.4,298.0,285.0,299.6,285.0,283.9,284.6,284.6,282.5,282.6,284.2,283.9,284.0,284.4,284.5,284.3,284.4,284.3,284.3,284.1,283.8,283.6,283.7,283.8,283.8,283.3,283.4,283.7,284.0,283.8,284.3,288.6,293.2,287.3,297.1,297.2,295.1,291.6,291.9,292.9,297.7,292.1,296.2,297.0,291.0,279.1,285.9,294.2,273.2,291.3,287.7,287.8,287.6,287.8,287.8,288.2,284.7,275.5,278.8,273.2,285.7,283.6,282.6,283.8,286.4,285.7,283.8,281.4,283.0
280.7,280.8,282.3,282.0,282.9,283.4,295.6,293.6,297.7,286.5,295.4,284.3,284.2,284.0,283.9,283.3,283.9,284.0,284.1,284.1,284.1,284.2,284.2,284.1,284.1,284.1,283.9,283.6,283.4,283.2,283.3,283.8,284.1,284.0,283.8,284.1,284.5,284.6,284.5,284.7,285.1,285.8,286.8,287.5,287.7,293.8,291.7,295.9,295.1,295.5,288.7,284.0,283.2,285.8,285.0,285.9,286.4,286.9,287.4,287.6,287.8,288.0,288.1,288.5,288.7,288.5,288.1,287.8,284.8,279.7,279.6,280.6,275.3,284.0,284.3,280.7,281.8
284.0,283.8,282.8,281.7,286.6,293.7,291.8,297.4,295.2,283.5,285.1,284.8,284.0,283.7,283.4,283.2,283.1,283.3,283.6,283.6,283.4,283.3,283.5,283.2,282.8,282.6,282.9,283.1,283.2,283.1,283.3,283.8,284.1,284.2,284.3,284.6,284.8,285.2,285.5,285.7,286.0,286.4,286.7,286.9,287.3,288.5,287.9,287.8,288.0,291.4,286.1,286.1,287.3,284.0,285.7,285.7,286.2,286.8,287.6,288.0,288.1,288.0,287.9,288.2,288.3,288.3,288.2,288.2,287.7,286.6,281.8,283.9,283.6,273.4,277.2,285.4,283.4
284.6,284.3,284.4,295.7,292.8,292.1,291.0,299.2,292.6,283.6,284.6,284.5,284.0,283.5,282.8,282.4,282.3,282.6,282.8,282.6,282.1,282.2,282.4,282.4,282.2,282.0,282.2,282.8,283.5,283.9,283.9,284.2,284.3,284.5,284.6,284.8,285.0,285.4,286.1,286.3,286.4,287.0,287.6,288.1,288.4,288.3,288.2,287.3,291.8,284.8,287.1,286.7,287.9,286.6,286.4,287.0,287.4,287.6,287.9,288.0,288.0,287.8,287.8,288.0,288.0,288.0,288.0,287.7,287.2,286.5,285.9,280.6,283.6,283.0,275.7,273.2,280.5
