nws-json/temp_20190820_18.f000.json
{"header": { "discipline":0, "disciplineName":"Meteorological products", "gribEdition":2, "gribLength":50114, "center":7, "centerName":"US National Weather Service - NCEP(WMC)", "subcenter":0, "refTime":"2019-08-20T18:00:00.000Z", "significanceOfRT":1, "significanceOfRTName":"Start of forecast", "productStatus":0, "productStatusName":"Operational products", "productType":1, "productTypeName":"Forecast products", "productDefinitionTemplate":0, "productDefinitionTemplateName":"Analysis/forecast at horizontal level/layer at a point in time", "parameterCategory":0, "parameterCategoryName":"Temperature", "parameterNumber":0, "parameterNumberName":"Temperature", "parameterUnit":"K", "genProcessType":2, "genProcessTypeName":"Forecast", "forecastTime":0, "surface1Type":1, "surface1TypeName":"Ground or water surface", "surface1Value":0.0, "surface2Type":255, "surface2TypeName":"Missing", "surface2Value":0.0, "gridDefinitionTemplate":0, "gridDefinitionTemplateName":"Latitude_Longitude", "numberPoints":65160, "shape":6, "shapeName":"Earth spherical with radius of 6,371,229.0 m", "gridUnits":"degrees", "resolution":48, "winds":"true", "scanMode":0, "nx":360, "ny":181, "basicAngle":0, "lo1":0.0, "la1":90.0, "lo2":359.0, "la2":-90.0, "dx":1.0, "dy":1.0 }, "data":
[rows 28 to 55 of 181, columns 248 to 309 of 360]
279.2649,289.2649,288.4649,290.56488,285.2649,284.06488,284.4649,285.8649,284.06488,287.2649,288.3649,287.9649,287.9649,288.4649,289.7649,289.9649,290.6649,290.7649,291.3649,274.6649,278.06488,279.4649,279.56488,279.9649,279.7649,280.56488,280.56488,280.56488,281.8649,281.3649,282.06488,282.4649,294.6649,279.9649,293.4649,293.06488,292.4649,290.9649,291.4649,290.8649,278.2649,277.9649,277.9649,276.4649,273.06488,273.2649,276.2649,273.9649,275.4649,278.6649,278.9649,278.1649,278.7649,278.8649,279.1649,279.1649,279.06488,278.7649,278.4649,278.06488,277.7649,276.9649
291.56488,291.1649,292.3649,291.7649,286.2649,280.4649,282.06488,281.2649,279.8649,279.06488,279.56488,276.2649,285.6649,287.2649,288.1649,288.4649,287.9649,289.3649,279.4649,280.4649,279.8649,280.56488,279.2649,279.6649,279.06488,279.3649,280.1649,280.8649,281.4649,282.3649,279.7649,280.4649,282.6649,283.6649,287.2649,293.2649,292.4649,291.2649,289.8649,286.3649,282.9649,280.1649,275.8649,275.9649,274.9649,275.4649,274.3649,273.9649,274.8649,274.7649,276.4649,277.7649,279.8649,279.9649,280.06488,279.7649,279.6649,279.6649,279.56488,279.56488,279.3649,279.06488
290.8649,291.9649,290.8649,288.8649,286.6649,284.7649,280.3649,279.56488,279.1649,279.7649,279.2649,279.6649,276.1649,279.6649,280.1649,280.06488,280.1649,280.7649,279.2649,280.06488,278.4649,280.1649,281.2649,281.06488,280.2649,279.6649,279.2649,278.8649,280.06488,282.1649,282.7649,280.56488,282.1649,283.6649,282.8649,293.9649,293.06488,292.06488,289.7649,288.56488,288.06488,285.6649,285.1649,275.7649,275.2649,275.06488,274.56488,291.56488,273.9649,275.8649,276.4649,277.06488,278.4649,279.2649,280.1649,280.06488,280.4649,280.9649,280.6649,280.6649,280.4649,280.1649
292.3649,287.7649,283.4649,290.06488,289.8649,286.7649,284.4649,282.2649,281.1649,280.8649,280.6649,281.6649,281.4649,281.6649,281.56488,282.2649,284.8649,285.1649,280.56488,281.06488,280.7649,279.06488,278.06488,278.6649,278.7649,278.4649,278.3649,279.1649,279.4649,280.56488,282.56488,283.56488,282.9649,281.4649,291.9649,294.2649,294.3649,292.56488,289.56488,287.2649,281.7649,280.2649,279.7649,274.56488,274.3649,275.8649,274.2649,292.56488,291.06488,277.1649,278.06488,277.1649,277.06488,279.6649,279.9649,280.4649,281.06488,281.2649,280.9649,280.8649,280.8649,280.6649
288.2649,290.7649,286.1649,290.56488,287.8649,288.6649,284.56488,281.56488,282.3649,279.9649,279.3649,281.7649,282.6649,283.06488,283.6649,284.4649,284.8649,285.9649,286.9649,288.1649,280.9649,276.1649,274.9649,272.6649,276.8649,277.7649,278.3649,278.6649,278.9649,279.4649,278.2649,279.8649,281.1649,279.4649,281.2649,286.2649,281.8649,281.6649,281.1649,281.3649,282.06488,283.2649,284.56488,283.9649,282.8649,282.3649,282.06488,280.8649,284.3649,280.8649,276.3649,276.8649,276.6649,278.2649,280.1649,280.4649,280.7649,280.8649,280.4649,280.9649,281.56488,281.06488
290.3649,294.6649,290.06488,287.1649,286.56488,290.1649,286.1649,285.56488,283.4649,282.9649,278.3649,282.1649,282.56488,283.2649,284.7649,285.3649,284.8649,285.06488,287.4649,287.3649,285.4649,285.1649,284.2649,277.3649,272.4649,273.7649,275.8649,274.2649,278.2649,278.56488,275.6649,274.2649,274.3649,276.56488,278.06488,273.4649,280.06488,280.6649,281.6649,281.4649,282.06488,282.06488,283.2649,283.1649,284.06488,283.06488,281.06488,279.9649,279.06488,279.4649,280.06488,275.56488,277.2649,276.9649,278.8649,280.2649,280.4649,280.7649,280.8649,280.9649,281.2649,281.7649
291.1649,292.9649,291.9649,284.8649,290.8649,289.6649,288.6649,286.8649,285.2649,284.7649,286.2649,282.2649,281.06488,281.1649,281.6649,281.9649,282.4649,284.3649,285.1649,284.9649,285.8649,285.9649,283.2649,284.3649,287.2649,277.2649,271.4649,271.4649,274.3649,275.9649,275.56488,273.8649,275.4649,278.8649,278.6649,276.6649,283.06488,282.7649,279.9649,282.4649,283.1649,283.8649,283.9649,285.06488,284.06488,284.7649,287.2649,281.6649,280.6649,279.7649,279.06488,276.6649,276.3649,278.1649,278.06488,279.3649,278.3649,281.7649,281.7649,281.6649,282.06488,282.56488
290.6649,290.3649,296.2649,291.7649,291.56488,291.06488,291.2649,275.9649,290.2649,290.56488,285.7649,283.6649,284.6649,285.06488,283.6649,283.6649,283.8649,284.06488,282.9649,286.1649,284.6649,282.2649,284.4649,284.7649,289.1649,289.06488,289.3649,287.8649,288.8649,286.9649,275.06488,277.56488,276.06488,276.06488,287.3649,287.9649,286.3649,286.7649,288.4649,277.3649,284.8649,285.3649,285.8649,287.9649,285.56488,288.8649,291.9649,288.56488,292.8649,287.4649,281.7649,281.6649,285.1649,279.2649,278.3649,277.4649,277.7649,278.56488,280.06488,280.2649,281.56488,282.4649
291.2649,291.4649,293.06488,293.4649,291.7649,291.9649,291.4649,290.9649,292.7649,292.8649,291.3649,287.56488,285.7649,286.06488,286.2649,285.9649,284.8649,285.06488,286.06488,285.4649,287.8649,286.4649,286.9649,285.56488,288.06488,289.3649,290.6649,292.8649,289.6649,292.3649,277.7649,274.9649,277.56488,281.6649,290.4649,290.3649,290.56488,293.2649,292.4649,291.06488,289.6649,288.8649,288.56488,291.6649,286.8649,291.7649,294.3649,276.9649,278.2649,292.4649,292.56488,290.06488,288.2649,280.3649,284.56488,279.8649,279.6649,280.1649,279.2649,279.2649,280.56488,282.3649
293.9649,293.56488,297.6649,296.56488,294.06488,294.1649,294.4649,292.4649,293.1649,290.8649,293.2649,285.06488,290.56488,292.3649,287.06488,291.7649,291.4649,289.4649,288.8649,286.9649,289.2649,288.56488,289.7649,289.2649,289.9649,291.2649,290.4649,291.8649,292.7649,293.1649,281.2649,295.6649,278.4649,278.9649,292.3649,295.06488,295.3649,290.9649,291.7649,288.3649,289.1649,291.7649,290.7649,289.9649,290.06488,290.1649,290.2649,291.56488,291.3649,292.7649,289.4649,289.06488,290.56488,290.56488,291.4649,287.7649,287.2649,281.3649,280.9649,280.8649,281.56488,283.1649
296.6649,297.3649,298.2649,303.2649,297.7649,299.06488,296.9649,296.06488,294.2649,291.8649,293.1649,290.7649,285.3649,293.4649,289.7649,287.6649,294.2649,293.56488,293.06488,293.2649,292.7649,293.4649,293.06488,292.9649,293.4649,292.1649,292.8649,294.1649,294.3649,295.56488,293.1649,280.4649,278.56488,277.7649,295.3649,295.56488,294.6649,292.9649,290.6649,290.2649,290.8649,290.9649,292.1649,293.1649,293.06488,293.7649,293.06488,293.4649,295.6649,293.7649,294.2649,293.7649,294.6649,292.8649,294.8649,292.9649,290.9649,282.6649,282.8649,283.06488,283.1649,283.06488
299.8649,301.9649,301.7649,301.9649,307.1649,303.56488,299.1649,298.3649,296.1649,294.9649,294.3649,292.2649,292.6649,297.8649,294.4649,293.2649,293.8649,296.2649,294.8649,294.3649,294.6649,286.06488,295.3649,295.3649,294.1649,294.1649,287.7649,290.56488,292.06488,293.6649,292.4649,293.8649,296.6649,297.4649,296.9649,290.56488,293.06488,293.56488,294.56488,295.06488,293.3649,292.1649,289.7649,292.4649,291.3649,294.7649,294.9649,293.6649,294.1649,297.4649,298.6649,298.9649,298.7649,300.4649,286.9649,286.2649,294.7649,284.7649,284.56488,284.56488,284.8649,283.7649
300.9649,304.2649,301.8649,301.2649,300.1649,302.6649,303.06488,300.9649,301.06488,297.6649,295.3649,296.6649,295.4649,296.2649,295.3649,297.2649,293.7649,295.3649,295.4649,295.06488,294.9649,295.8649,294.8649,291.56488,286.9649,285.8649,285.8649,289.1649,290.8649,294.1649,298.7649,299.1649,299.4649,298.9649,297.8649,296.9649,296.7649,296.8649,294.2649,293.1649,292.4649,294.56488,295.56488,296.2649,296.6649,299.4649,288.1649,288.56488,287.3649,289.6649,290.06488,289.4649,288.1649,288.4649,289.4649,292.3649,293.7649,287.2649,287.3649,286.8649,286.7649,285.1649
300.56488,300.1649,302.6649,301.56488,302.9649,304.06488,302.06488,302.9649,301.3649,300.7649,299.4649,299.6649,294.6649,297.6649,297.7649,298.9649,295.2649,290.06488,296.06488,297.2649,297.4649,292.56488,287.4649,290.3649,287.3649,288.6649,288.06488,288.06488,295.9649,299.7649,302.1649,302.06488,300.8649,299.9649,299.6649,299.1649,299.7649,296.3649,294.6649,297.9649,296.8649,294.6649,294.4649,299.06488,284.8649,287.3649,294.9649,297.9649,288.7649,290.1649,290.4649,290.3649,290.9649,291.06488,292.9649,297.4649,295.8649,297.2649,292.8649,287.56488,287.06488,287.1649
304.06488,303.1649,298.1649,301.2649,304.56488,305.7649,306.7649,305.06488,303.3649,299.3649,299.6649,300.6649,298.7649,298.56488,297.56488,298.6649,296.8649,289.7649,295.9649,292.6649,291.56488,291.9649,293.2649,288.56488,289.1649,287.6649,287.06488,290.9649,299.56488,301.3649,301.4649,301.56488,301.56488,300.4649,300.1649,299.2649,298.7649,298.06488,298.6649,299.7649,298.8649,296.6649,299.56488,298.56488,298.2649,300.3649,288.1649,291.4649,290.3649,291.6649,291.6649,290.9649,291.1649,290.8649,297.8649,295.56488,294.4649,292.6649,292.06488,289.56488,287.3649,287.8649
307.56488,300.56488,301.1649,300.7649,309.4649,305.8649,306.3649,305.06488,304.1649,301.3649,301.1649,300.7649,299.06488,299.1649,299.2649,297.7649,297.6649,289.9649,293.7649,295.56488,300.56488,290.56488,290.9649,294.56488,294.2649,289.2649,289.06488,289.4649,300.06488,300.56488,301.1649,300.9649,298.3649,300.4649,300.3649,299.1649,299.3649,298.7649,298.9649,300.2649,297.6649,297.1649,297.4649,298.7649,299.2649,297.4649,300.7649,300.9649,292.56488,292.56488,292.3649,292.6649,292.8649,291.4649,291.1649,291.06488,290.6649,289.8649,291.7649,295.4649,289.1649,290.06488
306.7649,302.1649,302.8649,305.2649,307.56488,306.3649,306.9649,307.9649,306.2649,304.4649,302.4649,301.3649,301.6649,298.56488,298.9649,298.06488,294.8649,295.56488,296.2649,297.06488,301.2649,300.6649,299.1649,298.4649,299.4649,300.3649,298.9649,296.8649,299.56488,297.7649,294.7649,298.6649,301.3649,300.8649,302.06488,300.7649,299.7649,299.1649,298.8649,299.2649,296.56488,298.56488,297.7649,297.7649,299.7649,299.7649,300.7649,299.9649,299.6649,293.2649,293.6649,298.8649,298.06488,293.06488,292.56488,292.06488,291.2649,290.1649,289.1649,289.1649,289.1649,289.1649
301.1649,296.1649,300.3649,304.1649,304.6649,306.3649,308.4649,304.6649,306.9649,308.8649,306.4649,304.3649,302.4649,300.6649,300.6649,299.4649,298.9649,299.7649,299.7649,299.4649,299.9649,298.9649,297.1649,297.4649,300.8649,295.56488,293.7649,303.4649,303.3649,295.1649,293.56488,294.8649,295.8649,300.9649,300.56488,300.6649,300.56488,299.7649,299.6649,297.7649,299.4649,298.56488,302.6649,301.4649,300.9649,291.3649,289.8649,294.4649,300.1649,300.9649,297.6649,293.06488,293.2649,293.3649,292.9649,292.3649,291.06488,290.2649,289.8649,290.1649,289.9649,289.9649
319.6649,304.4649,302.9649,305.1649,315.06488,302.2649,311.1649,310.4649,298.56488,307.1649,309.1649,309.56488,310.56488,305.2649,303.7649,302.3649,301.8649,301.06488,299.56488,298.8649,296.06488,300.3649,301.1649,301.2649,300.06488,295.4649,303.56488,301.9649,304.8649,301.2649,294.8649,299.9649,299.3649,301.6649,297.6649,296.4649,300.6649,298.06488,298.8649,298.2649,301.1649,301.9649,303.4649,290.2649,288.6649,289.56488,300.3649,303.1649,292.7649,293.4649,293.9649,293.2649,292.2649,292.7649,293.2649,293.1649,292.8649,292.2649,292.3649,292.3649,291.9649,291.56488
312.3649,308.2649,306.7649,311.2649,316.56488,310.8649,311.7649,308.2649,306.2649,310.8649,308.9649,307.56488,312.1649,307.8649,310.3649,306.1649,302.4649,299.9649,300.6649,300.3649,298.4649,300.3649,300.6649,300.3649,301.8649,296.9649,304.1649,301.56488,302.06488,301.6649,302.4649,301.3649,302.9649,304.9649,300.9649,301.06488,301.56488,299.3649,301.3649,298.9649,304.2649,302.4649,293.9649,292.6649,293.3649,292.2649,290.2649,291.56488,293.2649,294.4649,294.4649,293.9649,293.9649,294.4649,295.1649,294.7649,294.2649,294.9649,296.4649,296.6649,295.6649,293.1649
314.9649,312.06488,319.6649,315.56488,317.4649,316.1649,313.7649,311.7649,309.8649,308.06488,306.6649,308.3649,309.8649,308.06488,302.8649,300.9649,303.9649,303.9649,300.9649,301.2649,301.2649,300.7649,300.2649,294.6649,301.56488,299.06488,302.56488,301.9649,301.8649,301.6649,298.56488,298.56488,301.56488,302.7649,301.9649,302.4649,302.06488,300.9649,303.8649,301.8649,303.4649,305.8649,295.3649,295.8649,294.8649,293.8649,294.4649,296.2649,297.56488,297.56488,298.06488,297.1649,295.7649,296.2649,296.56488,296.9649,296.7649,297.8649,298.2649,298.4649,298.1649,295.4649
301.7649,309.1649,307.9649,311.2649,315.8649,300.2649,304.9649,311.7649,312.1649,310.56488,310.3649,308.06488,307.06488,306.2649,305.7649,306.4649,306.8649,304.56488,306.9649,304.06488,302.1649,300.06488,297.56488,298.3649,297.2649,298.7649,302.3649,302.3649,303.1649,302.9649,302.8649,301.56488,303.56488,304.1649,301.9649,303.3649,303.9649,304.4649,311.8649,298.2649,297.9649,298.2649,297.1649,294.8649,294.3649,295.06488,298.2649,300.4649,299.3649,298.2649,298.1649,298.1649,296.9649,297.56488,298.56488,299.56488,299.6649,299.2649,298.9649,298.9649,298.6649,297.9649
317.2649,302.9649,319.8649,318.9649,315.8649,302.6649,302.7649,316.56488,318.3649,316.3649,313.56488,315.7649,314.56488,312.1649,310.9649,306.7649,306.2649,304.8649,303.6649,303.56488,302.9649,301.3649,295.4649,292.9649,296.1649,299.2649,302.2649,301.4649,303.7649,307.6649,303.9649,303.4649,303.06488,298.1649,303.06488,302.6649,305.56488,311.4649,297.7649,298.3649,299.3649,300.1649,300.6649,300.7649,301.6649,301.1649,301.3649,301.1649,300.56488,299.7649,299.6649,299.3649,299.2649,299.56488,299.9649,300.1649,300.06488,299.2649,299.3649,299.4649,299.8649,298.8649
315.8649,315.06488,322.6649,318.2649,307.56488,298.9649,304.06488,303.7649,313.2649,317.8649,315.8649,319.06488,318.1649,319.06488,319.4649,313.4649,310.06488,305.7649,305.4649,308.8649,304.06488,304.7649,301.56488,300.4649,301.6649,302.7649,305.1649,305.9649,305.2649,306.8649,310.4649,308.1649,306.56488,305.8649,307.06488,309.9649,305.2649,299.06488,299.06488,299.4649,300.7649,301.2649,300.6649,300.56488,300.6649,300.6649,300.3649,300.1649,300.2649,300.8649,300.4649,300.06488,300.06488,300.2649,300.2649,300.06488,299.7649,299.56488,299.1649,299.3649,300.06488,300.2649
305.2649,317.7649,320.8649,322.9649,299.1649,293.3649,312.1649,311.9649,319.2649,317.56488,316.3649,317.6649,318.56488,319.6649,314.06488,311.06488,307.56488,307.4649,308.3649,309.56488,310.4649,310.4649,307.4649,307.1649,304.7649,303.9649,307.4649,307.2649,305.2649,309.06488,308.6649,305.2649,302.9649,305.6649,310.56488,308.3649,303.8649,301.3649,302.3649,300.8649,300.7649,301.1649,301.4649,301.2649,301.2649,301.4649,301.3649,300.8649,300.56488,301.06488,300.56488,299.8649,299.9649,299.8649,299.9649,300.06488,299.9649,299.6649,299.7649,299.9649,299.9649,299.7649
318.4649,322.6649,321.1649,317.6649,316.7649,316.9649,310.2649,308.7649,312.4649,315.3649,313.9649,320.7649,313.56488,316.4649,316.56488,312.4649,309.2649,307.2649,307.6649,309.06488,308.6649,307.9649,306.7649,306.56488,307.56488,306.8649,305.4649,305.8649,307.3649,307.3649,306.1649,304.6649,306.6649,309.4649,309.1649,309.2649,302.06488,300.8649,302.1649,302.3649,302.3649,302.8649,301.7649,301.56488,301.9649,301.6649,301.3649,301.1649,301.1649,301.2649,300.8649,300.06488,300.1649,300.2649,300.3649,300.3649,299.9649,299.9649,300.2649,300.4649,300.2649,300.06488
320.8649,318.3649,317.8649,310.8649,319.1649,308.1649,315.9649,306.7649,311.8649,315.9649,317.8649,316.9649,319.8649,318.9649,316.6649,315.1649,311.3649,308.6649,309.9649,310.4649,309.3649,307.4649,307.06488,306.3649,304.7649,303.56488,305.7649,303.1649,311.56488,305.2649,301.56488,305.56488,307.4649,307.9649,307.4649,303.6649,302.2649,300.6649,302.7649,302.06488,301.06488,300.9649,300.4649,300.6649,301.1649,301.56488,301.4649,301.1649,301.06488,301.06488,300.9649,300.4649,300.2649,300.4649,300.56488,300.4649,300.2649,300.2649,300.56488,300.56488,300.2649,300.2649
316.8649,319.8649,320.7649,317.9649,315.56488,320.6649,315.9649,315.1649,314.2649,314.1649,318.6649,316.56488,321.3649,319.4649,319.1649,315.56488,313.3649,312.4649,308.6649,311.8649,308.06488,306.1649,308.06488,309.9649,306.56488,309.06488,310.3649,310.6649,304.4649,299.6649,300.56488,305.1649,304.1649,307.56488,307.2649,307.4649,302.06488,302.2649,302.1649,300.8649,300.7649,300.6649,300.6649,300.8649,301.06488,301.06488,301.1649,301.06488,301.2649,301.3649,300.9649,300.8649,300.8649,300.8649,300.8649,300.9649,301.2649,301.1649,300.9649,300.7649,300.4649,300.4649
