nws-json/temp_20190820_06.f000.json
{"header": { "discipline":0, "disciplineName":"Meteorological products", "gribEdition":2, "gribLength":50051, "center":7, "centerName":"US National Weather Service - NCEP(WMC)", "subcenter":0, "refTime":"2019-08-20T06:00:00.000Z", "significanceOfRT":1, "significanceOfRTName":"Start of forecast", "productStatus":0, "productStatusName":"Operational products", "productType":1, "productTypeName":"Forecast products", "productDefinitionTemplate":0, "productDefinitionTemplateName":"Analysis/forecast at horizontal level/layer at a point in time", "parameterCategory":0, "parameterCategoryName":"Temperature", "parameterNumber":0, "parameterNumberName":"Temperature", "parameterUnit":"K", "genProcessType":2, "genProcessTypeName":"Forecast", "forecastTime":0, "surface1Type":1, "surface1TypeName":"Ground or water surface", "surface1Value":0.0, "surface2Type":255, "surface2TypeName":"Missing", "surface2Value":0.0, "gridDefinitionTemplate":0, "gridDefinitionTemplateName":"Latitude_Longitude", "numberPoints":65160, "shape":6, "shapeName":"Earth spherical with radius of 6,371,229.0 m", "gridUnits":"degrees", "resolution":48, "winds":"true", "scanMode":0, "nx":360, "ny":181, "basicAngle":0, "lo1":0.0, "la1":90.0, "lo2":359.0, "la2":-90.0, "dx":1.0, "dy":1.0 }, "data":
[rows 102 to 135 of 181, columns 77 to 153 of 360]
300.0,300.4,300.2,300.3,300.6,300.1,300.1,300.4,300.4,300.4,300.2,300.2,300.8,300.7,300.2,299.8,299.4,299.1,299.0,299.2,299.1,299.0,299.1,298.8,298.4,298.4,298.7,298.6,298.3,298.3,298.2,298.5,298.9,299.0,298.9,298.4,297.9,297.9,298.5,298.9,299.1,299.2,299.3,299.5,299.7,299.6,299.5,299.3,299.4,299.4,298.9,299.1,299.3,299.1,299.0,300.0,310.0,308.4,298.0,297.8,297.5,298.2,298.6,298.8,298.7,298.7,300.0,297.3,297.7,297.9,298.1,298.3,298.4,298.4,298.5,298.5,298.8
299.7,299.9,300.0,300.1,300.2,300.0,300.0,300.0,300.0,299.7,299.5,299.8,300.1,300.2,300.1,299.9,299.6,299.0,299.0,299.1,299.0,298.8,298.6,298.6,298.6,298.4,298.4,298.3,298.2,298.3,298.2,298.3,298.7,298.6,298.5,298.4,298.2,298.2,298.6,299.1,299.1,298.9,299.0,299.4,299.6,299.4,299.3,299.1,299.0,298.7,298.3,298.8,298.9,299.2,311.3,310.9,311.5,304.9,304.5,300.1,296.8,297.2,298.0,298.4,298.2,306.4,302.4,297.2,297.5,297.7,297.9,298.1,298.2,298.2,298.4,298.5,298.9
299.2,299.2,299.2,299.4,299.5,299.4,299.2,299.3,299.6,299.6,299.4,299.7,299.6,299.3,299.2,299.5,299.4,299.0,299.0,298.8,298.7,298.4,298.2,298.3,298.5,298.4,298.2,298.1,298.0,297.9,298.1,298.1,298.2,298.3,298.0,298.1,298.1,298.2,298.5,298.9,299.0,298.7,298.7,298.9,299.2,299.2,299.1,298.9,299.0,301.4,310.9,297.8,297.3,312.0,311.0,309.6,311.3,306.0,302.2,296.8,296.0,296.3,297.1,297.9,297.9,308.0,303.1,297.0,296.9,297.3,297.8,298.0,298.0,298.1,298.1,298.6,299.0
298.6,298.7,298.9,299.3,299.3,299.1,298.7,298.7,298.8,299.0,299.2,299.4,299.3,298.7,298.5,298.6,298.6,298.5,298.7,298.8,298.7,298.5,298.4,298.1,297.9,297.8,298.0,298.2,298.0,297.6,297.7,297.8,297.8,297.9,297.6,297.8,297.9,297.9,298.3,298.7,298.7,298.5,298.3,298.7,298.9,298.8,298.8,299.1,299.0,311.7,312.8,314.5,314.1,311.1,309.5,308.3,307.9,311.8,311.8,295.5,295.9,296.4,296.8,297.3,296.8,310.7,308.4,305.8,298.1,296.8,297.5,297.6,297.6,297.8,298.2,298.7,298.6
298.2,298.3,298.6,299.4,298.9,298.6,298.5,298.4,298.4,298.4,298.8,298.9,298.9,298.8,298.3,298.0,298.0,298.1,298.4,298.7,298.8,298.8,298.8,298.3,297.7,297.3,297.4,297.4,297.6,297.6,297.7,297.6,297.4,297.2,297.3,297.4,297.6,297.7,297.9,298.4,298.3,298.0,298.2,298.1,298.2,297.8,298.0,299.0,312.9,312.2,312.2,311.7,313.2,310.1,309.8,309.9,306.7,306.0,309.5,308.2,307.4,295.0,296.2,296.0,295.5,311.1,310.5,309.5,297.3,296.9,297.4,297.3,297.3,297.8,298.6,299.0,298.7
297.4,297.6,298.0,298.5,298.5,298.0,298.0,297.8,297.7,297.7,297.7,297.9,298.3,298.3,298.0,297.5,297.5,297.8,297.8,297.9,298.0,298.5,298.6,298.3,297.8,297.3,297.0,296.7,297.0,297.6,297.8,297.6,297.4,297.2,296.8,297.0,297.3,297.4,297.6,297.7,297.7,297.6,297.7,297.6,297.7,296.9,312.2,318.2,314.9,314.9,311.2,311.0,311.8,306.7,308.1,306.9,307.1,306.8,305.1,306.8,305.1,303.8,306.1,294.0,297.3,309.9,311.4,307.4,300.9,296.0,297.0,297.0,297.2,297.4,298.1,298.2,298.2
296.7,296.8,297.2,298.0,298.1,297.9,297.5,296.8,296.4,296.6,296.9,297.1,297.3,297.0,297.1,297.0,296.8,297.3,297.3,296.8,296.9,297.7,298.0,297.7,297.5,297.3,297.3,296.7,296.5,296.7,297.0,296.8,296.8,297.2,296.6,296.9,297.0,296.9,297.0,297.1,297.1,297.2,296.9,297.1,296.5,295.7,314.2,313.0,311.7,314.1,311.2,310.9,309.3,305.7,306.2,305.7,305.7,304.5,304.2,303.8,305.6,306.2,304.5,306.1,305.9,307.5,308.5,304.9,299.4,294.8,296.5,296.7,296.9,296.9,296.9,297.1,297.3
296.2,296.3,296.7,297.1,297.6,298.0,297.0,296.5,296.0,295.7,296.0,296.6,296.5,296.1,296.7,296.5,296.2,296.5,296.7,296.2,296.3,296.6,296.7,296.8,296.8,296.8,296.9,296.5,296.2,295.8,295.8,296.0,296.3,296.7,296.4,296.4,296.7,296.4,296.4,296.6,296.4,296.2,296.0,295.8,295.1,315.1,312.6,311.8,311.5,311.4,310.6,309.0,306.3,304.8,306.3,305.2,305.1,303.5,302.8,303.5,303.3,304.7,304.6,303.2,305.0,304.2,306.7,300.8,300.8,296.1,295.3,295.9,296.5,296.6,296.6,296.2,296.7
295.8,295.9,296.1,296.2,296.8,296.3,295.9,296.1,296.0,295.5,295.2,295.9,295.9,295.7,296.0,296.4,296.4,296.3,296.0,296.0,296.3,296.1,295.7,295.7,296.2,296.3,296.5,296.2,296.0,295.6,295.9,296.2,296.3,296.5,296.5,296.1,296.3,296.3,295.8,295.6,295.5,294.8,295.9,314.3,312.7,311.8,311.2,309.4,309.8,308.9,307.6,306.7,306.1,305.7,304.2,303.6,303.5,303.7,302.1,301.6,300.8,302.5,302.8,302.8,303.3,303.7,301.0,298.8,297.3,301.7,302.3,299.5,294.9,295.6,295.8,295.9,296.0
295.5,295.6,295.8,295.7,295.6,295.4,295.3,295.5,295.6,295.2,295.1,295.4,295.4,295.3,295.6,295.8,296.1,296.1,295.9,296.0,296.0,295.7,295.0,295.3,296.0,295.8,295.6,295.3,295.1,295.1,295.6,296.0,296.7,296.2,295.9,295.7,295.9,296.2,295.3,307.1,313.2,312.8,312.3,311.9,311.6,311.0,310.8,309.4,307.1,306.7,307.0,306.3,306.7,306.0,305.0,303.5,302.6,301.8,300.3,300.7,301.1,301.1,301.5,301.5,302.4,304.2,303.4,302.6,299.7,300.5,300.2,297.6,292.9,294.0,294.7,295.7,295.8
295.8,295.8,295.6,295.5,295.2,295.0,294.7,294.9,295.1,295.0,295.0,295.3,295.2,294.9,294.9,294.6,294.6,294.9,295.1,295.4,295.6,295.5,295.1,295.1,295.3,294.9,295.1,295.0,294.5,294.5,294.5,295.2,296.2,295.6,295.6,295.6,295.5,308.3,313.2,313.7,309.2,307.5,306.3,308.5,308.6,308.2,308.6,307.7,306.9,305.9,305.3,306.7,307.1,304.9,303.0,302.2,300.7,300.6,299.1,299.0,299.6,300.6,300.6,300.8,301.9,302.1,302.0,301.5,300.5,299.0,298.4,298.8,293.9,293.2,293.8,294.6,295.4
295.2,295.3,295.2,295.0,294.7,295.0,294.6,294.2,294.3,294.5,294.8,295.1,294.8,294.5,294.5,294.7,294.3,293.9,293.8,294.2,294.8,294.9,294.4,294.2,294.2,294.0,294.3,294.7,294.4,294.4,294.2,294.9,295.2,294.2,294.7,294.8,294.8,311.2,311.2,311.7,310.8,307.3,304.7,303.3,304.1,305.4,305.5,305.5,307.8,306.4,305.5,305.5,305.7,303.9,301.4,301.1,299.6,299.3,297.8,298.6,298.6,298.4,299.7,300.4,301.7,300.9,298.9,299.3,301.0,298.4,296.0,297.4,296.0,295.7,293.5,294.3,295.4
295.1,294.9,294.7,294.7,294.9,294.6,294.6,294.2,294.3,294.7,294.7,294.5,294.2,293.7,293.7,294.6,294.1,293.6,293.6,293.8,294.2,294.5,294.4,294.1,293.8,293.6,293.9,294.0,293.8,294.1,293.8,293.8,294.3,294.0,294.1,294.5,294.7,311.3,308.5,308.1,306.9,307.6,306.7,304.6,302.0,302.4,303.6,302.5,307.1,305.9,304.0,303.0,302.0,301.4,299.5,298.9,299.2,299.2,299.2,298.4,298.4,299.1,299.3,299.8,299.8,299.6,298.8,298.5,297.9,297.5,295.8,295.6,292.9,296.6,295.5,293.0,295.3
294.7,294.4,294.2,293.9,294.1,293.9,293.8,294.1,294.2,294.3,294.1,293.9,293.7,293.4,293.5,293.9,293.7,293.1,292.9,293.1,293.6,294.1,294.1,293.7,293.0,292.7,293.2,293.8,293.8,293.4,293.0,293.3,294.4,294.0,293.2,293.4,293.2,308.9,307.7,306.8,305.5,304.9,304.8,304.1,303.2,303.3,302.2,303.2,303.1,305.4,304.3,303.8,301.2,301.0,301.4,300.4,299.3,299.4,298.6,298.8,298.5,298.2,298.9,299.0,298.3,297.6,297.1,297.6,296.2,295.1,291.8,288.3,291.9,294.8,293.2,295.2,292.7
294.5,294.0,293.7,293.4,293.4,293.5,293.4,293.4,293.3,293.5,293.8,293.8,293.5,293.2,293.5,293.7,293.0,292.6,292.7,292.9,293.3,293.7,293.4,292.9,291.9,291.6,292.1,293.1,293.3,292.7,292.6,292.9,293.8,294.0,293.4,293.4,293.4,291.3,308.1,305.5,304.0,303.6,304.5,304.4,304.3,304.5,303.4,302.3,302.0,302.7,303.4,302.8,301.8,299.7,299.6,298.7,299.3,300.1,301.0,299.3,298.1,298.4,298.9,298.5,297.9,297.0,296.5,295.8,295.5,294.2,292.9,292.4,291.8,293.5,292.2,292.5,291.1
294.1,293.6,293.6,293.2,293.1,293.3,293.4,293.0,292.7,293.0,293.4,293.4,293.1,292.6,292.7,293.4,293.0,292.4,292.7,292.8,293.0,292.6,292.0,292.5,291.8,291.4,291.5,292.6,293.0,292.3,292.0,292.3,293.2,293.9,293.4,292.9,293.8,305.4,306.1,304.3,303.4,303.7,302.2,303.2,304.4,302.9,302.3,302.2,302.4,301.5,301.0,300.2,301.5,300.4,298.9,298.8,299.2,299.5,300.1,299.9,298.4,298.4,299.7,298.1,297.7,296.8,295.9,295.2,294.8,293.8,293.1,292.8,292.9,292.4,293.0,290.6,290.8
292.2,292.3,293.1,292.4,292.0,292.2,292.2,292.4,292.7,293.0,292.9,292.6,292.4,291.5,291.4,292.1,292.2,292.1,292.5,291.8,291.7,292.1,292.1,292.4,291.5,290.8,290.7,291.9,292.5,291.9,292.1,292.5,293.0,293.0,293.0,292.9,293.9,293.0,299.2,302.9,302.0,302.3,301.9,302.0,302.6,302.1,301.5,301.8,302.1,301.2,300.9,298.9,300.7,299.5,300.0,299.4,300.7,300.7,301.3,300.8,299.5,297.6,298.8,296.8,297.1,296.3,295.6,296.0,295.3,294.2,294.0,292.9,292.1,291.2,290.6,291.3,292.4
291.7,292.3,292.5,291.8,291.2,291.0,290.8,291.6,292.2,292.0,292.3,291.9,291.2,290.9,291.0,291.3,291.4,291.7,292.5,291.7,290.7,291.2,291.5,291.4,290.8,290.0,289.8,290.4,291.6,291.7,291.6,291.6,291.9,292.5,293.3,293.3,292.9,293.1,296.0,299.7,303.1,301.2,301.2,300.3,300.6,301.7,301.3,300.3,301.6,301.6,300.9,300.2,300.3,300.7,300.8,301.8,301.6,300.7,300.2,298.6,300.9,298.8,301.3,296.9,296.6,297.0,295.1,296.3,294.8,294.1,294.3,293.3,291.3,289.5,290.1,287.6,291.3
291.3,291.7,292.0,291.7,290.7,290.2,290.0,290.5,290.8,290.5,291.2,291.1,290.4,290.5,290.9,291.0,291.1,291.4,291.6,291.1,289.8,290.1,291.0,291.1,290.8,289.7,289.5,289.6,290.8,291.1,290.8,290.8,291.3,291.8,292.7,293.0,291.9,292.3,294.6,299.0,300.1,301.0,299.8,299.7,299.3,300.0,299.6,300.0,301.9,301.6,300.6,301.0,300.6,300.7,299.2,299.5,299.8,299.8,299.4,298.4,298.2,297.5,299.2,297.8,295.8,295.9,295.6,295.6,294.0,294.1,293.4,291.4,288.8,289.0,286.6,286.5,290.2
290.5,290.4,290.9,291.4,291.0,289.9,289.4,290.1,290.4,289.7,289.2,289.4,289.2,289.6,289.9,289.9,290.3,290.3,290.1,289.7,289.1,289.3,290.2,290.4,289.6,289.4,289.3,288.9,289.3,289.5,289.5,290.2,290.8,290.9,291.9,292.0,291.3,292.3,293.2,294.2,293.8,294.9,298.0,300.2,296.8,298.2,295.9,299.8,300.6,301.2,300.2,299.5,299.8,299.9,298.9,294.0,297.7,297.8,297.8,297.0,297.2,297.8,296.0,296.3,295.9,295.1,295.2,293.6,293.5,292.8,291.4,289.9,289.5,290.9,286.7,287.9,288.5
289.0,288.8,289.7,290.3,290.0,289.1,288.5,288.8,289.2,289.1,288.3,288.2,288.7,288.9,288.4,288.7,289.5,289.1,288.6,288.3,288.5,289.4,289.4,289.4,288.8,288.7,288.7,288.2,287.8,287.9,288.3,289.1,289.7,290.3,291.0,291.1,291.2,292.0,292.7,295.6,292.9,293.9,294.3,297.0,296.9,298.2,297.0,300.3,300.2,299.5,300.2,299.0,288.0,288.0,287.8,288.4,291.8,291.2,290.2,294.3,295.5,293.3,293.9,294.5,294.7,294.0,293.6,292.6,292.4,291.0,289.7,288.5,287.2,286.2,288.1,291.2,292.7
288.5,288.4,288.7,289.1,289.2,289.3,289.0,288.4,288.1,288.6,288.5,287.9,288.4,288.3,287.8,288.4,289.1,288.4,288.4,288.6,287.9,287.9,288.0,288.6,289.1,289.1,288.6,287.8,287.9,288.2,288.7,288.8,289.0,289.2,289.3,289.8,290.8,291.4,291.5,292.2,291.3,292.4,294.0,296.0,297.9,298.1,299.6,297.2,290.9,288.9,288.7,288.7,288.5,288.2,287.8,288.0,287.8,287.0,288.4,289.1,290.0,287.7,287.1,293.7,294.8,293.1,292.6,291.6,290.5,289.1,288.3,287.0,283.2,284.2,291.1,291.6,292.6
287.0,287.5,288.1,288.2,288.0,287.8,287.8,287.3,286.8,287.2,287.4,287.3,287.6,287.2,286.9,287.5,287.8,287.1,287.3,287.9,287.3,287.0,287.3,287.5,288.3,289.1,288.6,287.5,287.8,288.4,288.4,288.2,288.4,288.6,289.0,289.6,290.4,291.1,291.8,293.2,290.7,292.2,293.2,293.0,290.8,289.8,290.1,290.0,288.6,287.5,287.2,287.8,287.8,287.3,287.1,287.5,288.0,287.8,286.9,286.4,285.6,286.5,285.0,289.7,291.4,291.4,291.2,290.2,289.4,286.6,285.4,284.2,280.6,278.0,290.4,292.3,292.5
286.9,286.9,286.8,286.7,286.6,286.5,286.7,286.5,286.5,287.1,287.1,286.7,286.1,285.7,285.9,286.2,286.4,286.4,286.2,286.3,286.3,286.5,286.7,286.2,286.5,287.3,287.1,287.2,287.6,287.6,286.9,286.6,287.5,288.3,288.7,288.9,289.7,290.2,291.2,291.3,294.0,292.1,291.2,290.1,289.5,289.2,288.8,287.6,286.3,286.5,286.6,287.3,287.7,287.5,286.7,287.1,287.6,287.7,287.7,288.3,287.3,285.3,286.3,288.5,289.0,288.1,288.0,287.0,287.2,286.1,284.8,281.9,280.7,282.4,290.9,292.1,292.3
287.0,286.2,285.9,286.2,286.2,285.6,285.8,286.6,286.7,287.4,287.1,286.4,285.9,285.3,284.9,285.5,286.2,286.2,285.3,284.8,285.8,286.4,286.2,285.4,285.2,285.7,286.2,286.7,287.0,286.2,285.8,286.3,287.0,287.5,287.9,288.3,288.2,288.1,288.6,289.6,289.1,288.6,288.3,288.6,288.3,287.8,287.5,287.5,286.9,286.4,286.4,286.4,286.5,286.9,286.9,286.9,287.0,287.5,287.3,287.2,286.7,286.6,285.7,286.8,285.5,285.7,285.6,285.9,285.2,283.7,281.3,280.2,280.1,291.1,291.7,291.4,291.0
286.0,285.7,285.4,285.4,285.7,285.4,285.2,285.8,286.3,286.4,286.1,285.5,285.5,285.4,285.0,284.8,285.3,285.5,284.8,284.4,284.7,284.9,284.7,284.8,285.5,286.3,286.4,285.6,285.6,285.6,286.1,286.6,286.6,286.8,286.9,286.9,287.1,286.8,287.3,287.5,285.9,285.9,286.6,287.3,287.2,286.2,286.0,286.5,286.5,286.0,285.7,285.8,286.3,286.5,286.3,286.3,286.6,286.9,286.6,286.0,286.3,286.4,286.0,285.9,284.9,284.6,284.3,284.5,285.6,281.1,276.0,276.9,284.0,289.7,289.8,289.5,288.4
285.0,284.9,284.9,284.9,285.0,284.8,284.8,285.2,285.2,285.1,285.4,285.4,285.2,284.8,284.4,284.2,284.3,284.5,284.3,284.4,284.7,284.5,283.8,284.1,284.4,284.4,284.4,284.5,285.3,285.3,285.5,285.8,285.8,285.9,285.9,285.6,285.3,285.4,286.1,286.2,284.9,284.5,284.9,285.4,285.7,285.3,285.5,285.8,285.9,285.5,285.0,284.9,284.9,284.7,284.9,285.2,285.6,285.8,285.1,285.1,285.7,285.5,285.5,285.8,285.3,284.3,284.6,284.8,284.4,283.8,287.2,285.3,286.3,287.6,289.8,289.8,289.0
284.6,284.2,284.2,284.7,284.7,284.5,284.5,284.9,284.9,284.8,285.1,285.2,284.7,284.5,284.6,285.1,284.7,284.5,284.0,284.0,284.1,284.0,283.5,283.5,283.4,282.9,283.0,283.6,283.7,283.5,283.8,283.9,283.9,284.2,285.0,285.3,285.0,286.0,287.0,286.6,284.9,284.4,284.2,283.9,284.2,284.3,284.2,284.6,284.6,284.2,284.2,284.2,284.0,283.8,284.1,284.6,284.6,284.7,284.6,284.5,284.7,285.0,285.4,285.5,285.5,285.2,285.3,285.5,285.3,285.0,285.2,285.3,286.3,286.9,288.6,288.6,288.2
284.7,284.5,284.2,284.5,284.3,284.2,284.1,283.9,284.4,284.5,284.3,284.5,284.2,284.3,284.4,284.5,284.3,283.9,283.5,283.4,283.1,283.0,282.8,282.6,282.6,282.6,283.0,282.8,282.3,282.3,282.9,283.1,282.9,282.6,283.1,283.5,283.7,284.5,284.6,284.6,284.1,284.1,283.7,283.4,283.4,283.7,283.3,283.1,283.1,283.3,283.8,283.2,282.7,283.2,283.3,283.7,283.6,283.5,283.9,284.3,283.9,284.1,284.5,284.8,284.9,285.2,285.6,285.3,285.0,285.0,285.1,285.0,285.6,285.9,286.6,286.6,287.2
284.0,284.3,284.1,284.2,284.1,284.2,284.0,283.6,284.0,284.2,284.0,283.9,284.1,284.0,283.7,283.6,283.7,283.6,283.4,283.1,282.5,282.5,282.7,282.8,282.7,282.5,282.2,281.7,281.5,281.7,281.6,281.8,282.0,282.3,282.3,282.5,282.9,282.9,282.7,282.9,283.2,283.0,282.7,282.6,282.4,282.6,282.5,282.5,282.4,282.4,282.5,282.5,282.3,282.8,283.2,283.4,283.3,283.0,283.3,283.7,283.6,283.8,283.9,284.2,284.4,284.7,284.9,285.0,283.4,283.6,284.9,285.4,286.2,286.7,287.3,287.4,286.9
283.1,283.8,284.0,283.7,283.9,284.4,284.2,284.0,284.2,284.0,283.3,282.8,283.0,283.1,283.4,283.7,283.1,283.0,283.5,283.5,282.8,282.0,281.8,281.8,281.9,282.0,281.7,281.4,281.2,281.2,281.1,281.5,281.7,282.2,282.2,282.4,282.2,282.2,282.2,282.8,282.8,282.6,282.1,281.6,281.4,281.4,281.6,281.6,281.4,281.3,281.4,281.6,282.0,282.6,282.9,282.7,282.5,282.6,283.1,283.3,283.5,283.2,283.0,283.6,284.5,284.8,284.5,284.4,284.6,278.8,278.1,286.5,286.6,287.0,287.2,287.2,286.9
282.8,283.1,283.1,282.9,283.1,283.5,283.6,283.4,283.0,282.5,282.2,282.6,282.8,282.4,282.7,283.2,282.5,282.3,283.5,283.7,283.2,282.6,282.0,281.6,281.6,281.9,281.7,281.2,281.0,281.0,281.0,281.2,281.2,281.3,281.3,281.6,281.8,282.3,283.1,283.8,283.1,282.2,281.7,281.3,281.4,281.4,281.3,281.3,281.5,281.7,281.6,281.4,281.6,282.1,282.2,282.0,282.0,282.3,282.4,282.2,282.2,282.3,282.5,283.0,283.7,284.2,284.3,284.1,284.2,281.5,281.3,284.8,285.7,285.5,285.6,286.0,285.8
283.0,283.3,283.0,282.7,282.1,281.5,281.6,281.9,281.7,281.5,281.9,282.7,282.7,282.3,281.8,282.1,282.2,282.2,282.7,282.5,282.5,282.3,282.0,282.0,281.8,281.7,281.3,280.9,280.8,280.4,279.8,280.0,280.3,280.7,281.1,281.6,281.7,282.0,282.6,282.6,282.3,281.7,281.6,281.6,281.6,281.5,281.5,281.6,281.7,281.5,281.2,281.4,281.7,282.1,282.1,281.9,281.7,281.7,281.8,281.4,281.4,282.0,282.3,282.8,283.2,283.7,283.9,283.7,283.5,283.9,284.8,285.2,285.1,284.7,284.5,285.1,284.9
282.4,282.5,281.4,280.0,279.0,278.8,279.8,280.8,281.4,282.1,282.2,282.3,282.1,281.6,280.9,280.7,281.0,281.1,281.1,280.9,280.1,279.9,280.9,281.7,281.8,281.3,280.8,280.6,280.9,280.8,280.3,279.8,279.3,279.7,280.6,281.4,281.7,281.8,281.8,281.8,281.8,281.6,281.5,281.7,281.8,281.8,281.7,281.7,281.5,281.5,281.4,281.3,281.3,281.6,281.9,281.7,281.3,281.3,281.4,281.5,281.7,282.0,282.3,282.8,283.1,283.3,283.3,283.5,284.1,284.5,284.5,284.2,283.8,284.2,284.3,284.4,284.4
