nws-json/temp_20190820_06.f000.json
{"header": { "discipline":0, "disciplineName":"Meteorological products", "gribEdition":2, "gribLength":50051, "center":7, "centerName":"US National Weather Service - NCEP(WMC)", "subcenter":0, "refTime":"2019-08-20T06:00:00.000Z", "significanceOfRT":1, "significanceOfRTName":"Start of forecast", "productStatus":0, "productStatusName":"Operational products", "productType":1, "productTypeName":"Forecast products", "productDefinitionTemplate":0, "productDefinitionTemplateName":"Analysis/forecast at horizontal level/layer at a point in time", "parameterCategory":0, "parameterCategoryName":"Temperature", "parameterNumber":0, "parameterNumberName":"Temperature", "parameterUnit":"K", "genProcessType":2, "genProcessTypeName":"Forecast", "forecastTime":0, "surface1Type":1, "surface1TypeName":"Ground or water surface", "surface1Value":0.0, "surface2Type":255, "surface2TypeName":"Missing", "surface2Value":0.0, "gridDefinitionTemplate":0, "gridDefinitionTemplateName":"Latitude_Longitude", "numberPoints":65160, "shape":6, "shapeName":"Earth spherical with radius of 6,371,229.0 m", "gridUnits":"degrees", "resolution":48, "winds":"true", "scanMode":0, "nx":360, "ny":181, "basicAngle":0, "lo1":0.0, "la1":90.0, "lo2":359.0, "la2":-90.0, "dx":1.0, "dy":1.0 }, "data":
[rows 136 to 169 of 181, columns 0 to 76 of 360]
276.5,276.3,276.2,276.6,277.0,276.5,276.3,276.7,277.2,277.5,278.0,278.5,278.7,279.1,278.9,278.0,278.2,278.8,279.1,278.9,278.2,277.9,277.7,277.6,277.4,277.4,277.3,278.2,278.4,277.9,278.9,279.8,278.3,277.4,278.7,279.0,278.5,277.6,276.4,275.9,276.2,277.1,277.5,277.3,277.0,277.1,276.9,276.5,276.0,276.7,277.0,276.3,276.0,275.9,276.3,277.0,277.5,278.0,278.1,278.2,278.5,278.6,278.5,277.9,276.9,276.7,276.8,276.0,276.1,277.1,277.6,277.3,277.6,278.9,280.4,280.7,281.3
276.1,276.3,276.3,276.1,276.1,276.2,276.1,276.2,276.6,276.8,277.3,277.6,277.6,277.7,277.0,276.4,276.4,277.1,277.7,278.1,278.2,278.0,277.2,276.7,276.4,276.3,276.3,276.5,276.7,276.9,278.1,278.8,277.4,276.9,277.8,278.3,278.0,277.3,276.7,276.3,275.9,275.8,275.7,275.9,276.5,276.8,276.7,276.1,275.6,275.8,276.1,276.0,275.9,275.7,275.6,275.8,276.0,276.4,276.5,276.5,276.5,276.9,277.3,277.2,276.4,275.4,275.7,276.2,276.1,276.3,276.5,276.3,276.3,276.9,277.3,277.5,277.2
276.1,276.1,276.1,276.1,275.9,275.8,275.7,275.8,275.8,276.2,276.8,276.3,275.9,276.5,276.4,276.3,276.1,275.9,275.9,276.3,276.5,276.1,275.7,276.0,276.5,276.5,276.3,276.0,276.0,276.7,277.7,277.7,277.1,276.5,276.2,276.0,275.6,275.5,275.8,276.1,275.9,272.1,275.1,274.9,275.2,275.4,275.4,275.4,275.0,274.6,274.9,275.2,275.5,275.7,275.1,275.2,275.8,275.8,275.7,275.9,276.6,276.9,276.2,275.5,275.4,275.1,275.7,275.9,275.8,275.7,276.1,275.7,275.1,275.0,275.1,275.2,275.7
276.1,275.9,275.4,275.3,275.3,275.0,274.7,274.6,274.6,275.0,275.3,275.1,275.1,275.5,276.0,276.3,276.3,276.1,275.5,275.4,275.7,275.3,274.9,275.5,275.5,275.2,274.9,275.0,275.2,276.7,277.2,277.0,276.9,276.1,275.2,274.5,274.2,274.5,275.3,275.2,274.6,274.2,274.4,274.5,274.5,274.6,275.0,275.1,272.3,274.8,274.5,274.7,275.2,275.2,274.7,275.0,275.5,275.3,275.2,276.0,276.4,276.4,275.6,275.0,274.8,274.7,275.1,275.4,275.2,276.3,275.6,275.1,274.6,274.6,274.5,274.6,275.0
274.5,274.5,274.4,274.5,274.6,274.2,274.3,274.7,274.7,274.8,274.8,274.2,274.0,274.4,274.7,275.1,275.3,275.3,275.1,275.0,273.6,275.0,273.8,274.0,274.2,274.2,274.2,274.3,273.6,274.7,275.9,274.1,274.2,274.2,274.3,274.5,274.4,274.6,274.2,274.6,274.4,274.2,274.3,274.1,274.1,274.1,274.2,274.2,274.7,274.6,274.4,274.6,274.2,274.8,274.8,275.0,275.1,274.8,274.8,275.0,275.2,275.2,274.9,274.4,274.5,274.6,274.6,274.7,274.8,272.4,274.8,274.8,274.5,274.2,273.7,273.6,274.2
273.7,274.0,274.0,274.2,274.4,272.8,274.7,274.2,274.0,273.9,274.0,274.0,272.8,272.5,273.1,272.8,273.8,273.9,273.0,272.8,272.7,272.2,272.8,273.2,273.2,273.1,273.5,272.1,273.4,272.6,274.1,273.7,273.8,274.2,274.0,274.2,274.4,274.4,274.2,273.5,273.4,273.5,273.4,273.6,272.0,273.3,273.4,273.8,274.2,274.3,274.3,274.4,274.5,271.8,272.3,272.8,273.1,274.7,274.4,274.6,274.8,274.6,274.3,274.3,274.4,274.5,274.4,274.4,274.5,274.5,274.5,274.4,274.5,274.9,273.9,273.4,272.0
273.3,271.7,273.1,273.0,273.1,273.0,273.9,273.2,273.0,273.4,273.4,273.3,272.6,272.2,272.9,273.1,272.6,272.2,272.7,271.7,272.5,272.3,272.1,271.9,272.2,272.3,272.3,272.4,273.0,273.4,273.8,273.6,273.9,273.3,272.8,273.5,274.0,274.3,273.9,273.7,273.4,273.4,272.9,272.9,272.7,272.5,272.6,273.0,273.7,274.4,274.3,274.1,274.0,274.2,274.3,274.1,274.7,274.2,273.9,274.1,274.2,273.9,273.9,273.8,274.2,274.4,274.4,274.3,274.3,274.2,273.9,274.1,274.0,274.3,273.9,273.7,273.5
271.9,271.9,271.5,271.5,271.5,271.9,272.2,271.6,271.6,271.7,271.7,271.6,271.6,271.5,271.7,271.9,271.8,271.7,271.6,271.6,271.6,271.7,271.9,271.7,272.1,272.0,272.1,272.4,272.8,273.5,273.9,272.2,274.1,274.2,274.1,273.9,273.7,273.4,273.5,273.2,273.0,272.6,272.9,272.7,272.5,271.3,272.2,271.5,273.3,273.7,273.5,273.5,273.7,273.8,273.6,272.6,273.5,273.5,273.5,273.5,273.3,273.2,273.5,273.6,273.7,273.6,273.7,273.7,273.7,273.5,273.3,273.4,273.5,273.6,271.4,273.6,273.6
271.2,271.2,271.2,271.4,271.4,271.4,271.3,271.4,271.4,271.4,271.4,271.4,271.3,270.2,271.3,271.3,271.4,271.5,271.5,271.5,271.5,271.4,271.4,271.3,271.2,271.2,271.6,272.1,272.5,272.9,273.1,273.2,273.3,273.4,272.4,273.8,273.5,273.4,273.3,273.1,273.0,272.7,272.6,272.6,272.4,272.1,272.0,271.9,271.6,273.0,273.1,273.2,272.8,273.0,271.4,273.3,273.1,273.0,272.9,272.9,272.8,273.1,273.5,273.3,273.0,273.1,273.4,273.5,273.5,273.5,273.4,273.3,273.3,273.3,273.5,273.4,273.2
271.2,269.8,269.8,271.2,271.2,271.2,271.2,271.2,270.8,268.4,263.4,263.4,260.9,261.0,267.4,271.2,271.2,271.2,271.2,271.2,271.2,271.2,271.2,271.2,271.4,271.6,271.8,272.6,272.9,272.9,272.8,272.8,272.9,272.8,273.4,273.6,273.3,273.3,273.4,273.2,273.0,272.6,272.1,272.1,271.6,271.8,272.0,272.0,271.9,271.8,272.5,272.4,272.3,272.4,272.8,272.9,272.7,272.8,273.1,273.0,272.9,273.1,273.4,273.0,273.2,273.2,273.2,273.2,273.4,273.8,272.6,272.5,273.5,273.5,272.4,273.3,269.7
268.1,261.4,262.2,264.9,269.6,271.2,265.6,257.1,254.9,253.4,255.1,256.7,260.0,266.9,271.2,271.2,271.2,271.2,271.2,271.2,271.2,271.2,271.2,271.3,271.7,271.9,272.1,272.4,272.4,272.2,272.1,272.1,272.1,272.4,272.8,272.8,272.6,272.5,272.5,272.4,272.3,272.1,271.9,271.9,272.0,272.0,271.6,272.1,272.0,271.9,271.9,271.9,272.0,272.2,272.5,272.8,272.9,272.9,272.9,273.0,272.8,272.8,272.9,273.0,273.1,272.9,272.7,272.8,273.1,273.3,273.2,273.1,272.8,272.5,272.0,271.9,271.9
254.8,252.6,251.9,255.6,255.3,250.6,250.1,250.9,252.1,255.1,257.8,259.2,264.9,269.8,270.7,270.5,271.1,271.0,268.4,269.8,267.0,271.1,271.2,271.2,271.4,271.6,271.7,272.0,272.2,272.2,272.1,271.9,272.0,272.2,272.4,272.5,272.2,272.1,272.0,271.9,271.8,271.5,271.2,271.2,271.4,271.6,271.5,271.4,271.5,271.7,271.8,271.7,271.8,272.1,272.4,272.6,272.1,273.3,273.4,273.0,273.0,272.7,272.6,272.8,273.1,272.9,272.7,273.0,272.4,273.2,272.8,272.4,272.4,272.2,272.0,271.8,271.6
245.8,245.6,245.8,247.6,249.4,249.8,251.2,253.5,255.2,257.9,260.6,268.5,269.1,269.5,269.3,264.1,260.7,258.1,258.1,258.5,263.2,268.0,271.1,271.2,271.2,271.3,271.5,271.6,271.8,271.8,271.8,271.7,271.9,271.9,271.8,271.8,271.9,272.0,272.1,272.0,271.6,271.3,271.2,271.2,271.2,271.2,271.2,271.2,271.3,271.5,271.4,271.4,271.5,271.5,271.7,271.9,272.1,272.4,272.3,271.9,271.8,272.0,272.2,272.4,272.9,272.9,272.5,272.3,271.7,272.2,271.7,271.8,271.3,270.2,271.3,269.6,271.4
244.2,244.4,245.6,247.5,249.1,251.2,251.6,255.0,258.0,262.5,268.0,269.1,269.5,269.6,267.7,261.5,258.0,257.0,255.9,255.7,256.7,261.5,261.3,264.9,268.8,269.6,267.0,268.6,271.2,269.9,271.4,271.2,271.2,271.0,271.3,271.7,271.8,271.7,271.5,271.4,271.5,271.2,271.2,271.2,271.2,271.2,271.2,271.2,271.2,271.2,271.2,271.2,271.2,271.2,271.2,271.2,271.2,271.2,271.4,271.5,271.6,270.6,271.6,270.4,271.9,272.1,271.7,271.4,271.2,271.2,271.2,271.2,265.0,257.4,260.5,265.7,259.9
243.7,243.5,245.8,248.8,251.1,252.7,255.2,259.2,266.9,267.3,267.4,266.9,266.8,266.8,267.5,265.7,261.2,259.7,259.6,258.9,258.7,259.4,260.6,261.5,262.0,262.9,263.3,265.3,265.1,266.2,270.7,270.3,270.6,271.0,271.2,271.7,272.6,272.7,271.3,271.5,271.5,271.5,271.7,271.2,271.2,271.2,271.2,271.2,271.2,271.2,271.2,271.2,271.2,271.2,271.2,271.2,271.2,271.2,265.1,268.6,267.6,267.9,268.6,264.7,264.8,262.7,261.5,262.0,260.1,255.0,258.8,249.9,251.8,249.6,248.4,247.9,248.6
242.5,244.6,247.1,249.4,251.3,254.3,258.0,265.7,265.6,265.2,264.7,264.0,263.3,263.7,264.4,265.4,266.2,267.4,266.3,264.6,264.5,264.7,264.8,265.0,265.4,265.7,266.1,266.9,267.8,271.0,271.2,271.0,271.2,271.7,271.5,271.2,271.0,271.1,271.0,271.0,270.8,270.8,271.0,271.2,271.2,271.0,270.6,270.5,270.3,269.5,268.4,265.6,264.3,266.9,268.5,262.4,257.5,259.7,256.3,253.8,252.4,253.8,254.1,250.8,249.8,249.6,250.3,245.8,243.8,245.0,244.1,244.4,246.0,246.3,246.1,246.1,245.9
242.8,246.1,249.7,251.9,253.9,256.8,264.6,264.0,263.9,262.5,261.8,261.1,261.9,262.7,263.0,263.8,264.5,265.7,267.3,268.5,268.2,268.3,268.3,268.6,268.7,268.7,268.8,268.9,269.1,269.1,269.3,269.4,269.6,269.7,269.9,269.9,270.0,270.1,270.2,270.4,270.5,270.4,270.0,269.5,269.3,268.9,268.3,266.1,264.6,262.1,258.9,256.1,255.0,254.3,252.7,250.6,249.4,250.7,254.3,251.9,250.6,250.4,252.2,250.6,249.3,248.9,245.4,243.3,241.7,242.5,242.3,242.8,244.4,245.7,245.1,244.7,245.2
246.2,248.8,250.2,252.5,257.3,264.0,263.1,262.8,261.2,260.7,260.5,260.7,261.2,262.0,262.4,262.9,263.1,263.7,264.2,264.8,265.9,266.3,266.3,267.0,267.8,268.2,268.4,268.7,268.8,269.0,269.1,269.3,269.5,269.6,269.9,270.1,269.9,269.5,268.9,268.3,267.8,266.8,265.8,265.1,263.7,261.9,260.6,258.1,255.6,253.9,252.3,249.8,247.9,247.6,247.9,246.8,246.2,247.1,247.9,248.2,248.1,247.5,249.5,250.3,251.3,253.1,252.1,245.5,243.5,243.7,244.1,243.7,244.1,246.7,246.6,248.2,249.6
248.0,250.3,252.7,256.0,263.4,262.8,262.3,261.1,260.0,260.1,260.2,259.6,259.6,259.8,260.3,259.8,260.0,259.9,260.4,260.3,260.5,260.7,260.8,261.2,261.2,261.6,261.5,262.3,263.3,263.8,263.2,263.7,264.2,264.2,264.3,264.3,264.2,263.7,263.5,263.1,262.4,261.9,259.9,257.6,256.1,254.1,252.2,250.0,248.6,247.6,246.7,245.6,245.2,245.1,246.9,248.0,246.8,246.0,246.8,248.1,249.6,249.8,249.9,251.8,253.0,252.8,247.9,248.7,249.0,246.4,248.3,247.5,247.9,249.3,252.7,252.1,253.4
249.8,252.3,256.7,262.9,262.2,261.3,260.4,259.0,257.8,257.5,257.3,258.0,257.7,257.7,256.7,256.6,256.5,255.7,255.1,254.6,254.3,254.7,254.5,254.4,255.0,255.1,255.1,254.7,254.6,255.2,255.6,256.6,257.5,258.4,257.9,258.2,257.8,257.3,256.7,255.9,254.8,253.5,252.5,250.5,249.3,247.7,246.7,246.0,245.4,244.4,244.9,243.8,243.0,244.0,244.0,245.6,248.4,250.2,251.3,253.0,253.2,253.3,254.5,255.9,255.3,253.0,253.1,252.5,253.3,252.6,253.0,253.9,254.4,256.6,257.3,261.0,262.2
252.1,262.5,261.5,260.5,258.6,257.5,256.0,255.5,255.4,256.1,255.1,254.6,253.7,253.1,252.6,251.8,250.7,249.6,249.7,249.7,249.5,249.4,248.5,248.3,248.6,248.7,247.7,247.2,247.3,247.4,247.3,247.3,247.5,247.6,248.4,248.8,249.7,249.3,249.1,248.5,247.9,246.9,246.3,244.9,244.8,245.0,244.2,243.3,242.7,242.3,244.4,245.2,244.1,251.0,250.3,254.0,256.4,258.4,259.1,258.9,259.7,259.6,259.5,259.2,258.6,258.2,257.9,257.8,257.4,256.8,259.0,261.1,262.1,262.1,262.4,262.4,263.4
262.3,259.9,257.8,256.2,254.9,253.3,252.2,251.7,251.5,251.6,250.6,249.5,249.6,249.1,249.1,248.8,247.4,247.1,246.5,245.6,244.7,244.2,244.0,243.9,243.9,243.8,244.0,244.1,244.2,244.0,243.3,242.3,240.8,240.7,240.1,240.1,240.7,242.8,243.4,242.4,242.2,241.0,240.8,241.5,241.2,242.6,242.8,242.9,243.2,244.3,245.5,249.8,245.5,245.4,242.3,240.6,256.2,258.0,259.8,259.4,259.6,259.8,259.7,259.5,259.0,258.8,258.7,258.2,258.3,257.9,256.6,254.7,255.5,261.6,260.1,260.7,260.2
258.2,256.4,255.7,253.4,252.0,249.2,248.3,247.5,247.2,248.0,248.9,248.0,245.4,244.5,244.4,244.1,243.5,243.2,242.7,242.0,241.6,241.3,241.2,241.0,240.9,240.4,240.2,240.4,240.8,241.8,243.1,244.0,242.0,240.3,241.3,240.6,240.3,240.5,241.1,240.1,241.3,242.5,243.2,245.1,249.4,249.1,246.2,247.5,246.1,251.2,246.4,242.1,241.7,241.7,243.9,247.6,249.4,248.7,247.4,249.0,249.4,249.5,251.0,252.1,253.9,253.3,254.5,256.5,256.3,255.7,254.3,252.0,251.7,253.5,255.7,259.3,262.5
256.8,253.9,251.2,250.1,249.2,248.6,248.4,248.1,247.8,247.7,247.3,247.4,247.0,246.6,246.9,246.2,246.5,246.1,245.5,246.1,246.1,245.9,246.7,246.1,246.9,246.4,245.6,244.3,241.3,242.3,242.9,243.9,246.4,247.2,243.7,243.6,244.0,241.4,242.6,244.2,246.9,245.7,243.8,243.3,242.0,241.7,241.0,241.4,241.6,242.4,241.0,239.9,241.0,240.4,239.0,238.9,238.7,237.6,237.0,238.7,241.5,242.5,242.1,242.1,245.2,247.4,247.2,246.5,248.5,251.8,252.8,251.8,249.7,249.5,253.1,258.3,260.0
255.4,255.0,255.0,252.7,252.3,251.3,252.6,252.6,251.2,250.5,250.9,251.0,252.8,250.1,248.2,248.1,248.0,249.0,249.9,249.5,251.4,253.8,253.7,254.0,253.5,253.1,254.0,250.3,249.3,249.4,250.2,250.5,250.7,251.2,247.1,245.7,245.1,246.6,246.6,245.0,245.0,243.8,241.1,239.7,237.8,237.1,237.3,237.4,237.5,238.8,239.2,239.8,238.9,237.6,236.1,234.8,235.3,231.1,232.2,232.7,232.4,232.3,234.5,236.8,238.8,242.6,246.5,248.2,249.3,251.8,252.3,251.4,249.5,249.9,254.2,254.8,254.9
257.3,257.7,256.9,255.3,254.2,254.2,254.0,252.6,252.5,252.3,251.8,251.2,249.7,253.7,254.9,254.4,254.0,253.5,253.1,254.4,255.1,251.9,251.8,252.7,255.3,255.4,254.3,253.6,251.8,250.7,247.9,245.9,245.0,243.3,241.9,241.2,240.7,240.2,240.6,241.6,241.7,241.1,239.9,239.1,237.7,235.0,233.9,233.9,235.2,235.3,234.0,233.1,232.7,232.2,231.9,231.0,228.8,227.4,226.5,227.5,228.1,229.7,231.1,233.4,238.1,240.1,243.4,245.4,251.0,251.8,251.0,247.8,247.9,250.9,248.1,248.5,249.5
256.8,254.9,252.2,246.7,245.8,244.2,241.7,241.7,244.8,242.6,240.8,238.8,241.7,239.5,242.9,243.2,245.5,245.7,244.6,245.7,247.6,248.7,249.0,242.7,245.8,244.9,246.6,246.2,242.4,241.3,240.5,240.1,239.4,238.9,237.9,236.9,233.1,232.2,233.5,235.9,236.3,236.5,235.7,234.9,233.8,234.1,233.4,233.0,232.4,231.8,230.7,229.4,228.4,225.3,223.0,222.2,222.4,223.9,226.4,227.8,230.2,231.9,233.5,235.4,238.1,240.9,244.3,249.0,250.8,250.5,246.2,247.4,248.9,247.5,247.9,247.9,247.2
248.5,247.9,245.1,242.9,241.4,240.2,239.3,238.4,237.1,235.5,234.4,233.0,232.3,231.5,230.4,231.0,232.2,232.2,233.0,234.0,235.3,235.3,234.5,233.6,232.8,231.3,229.9,231.6,232.9,233.5,233.5,233.1,231.7,231.3,230.9,230.1,228.5,227.6,226.8,227.6,228.6,229.6,229.5,229.1,228.3,227.6,227.6,227.7,227.1,226.1,223.4,221.4,219.9,220.1,220.6,221.4,222.5,224.1,225.6,227.4,229.9,233.2,235.9,238.6,240.0,243.4,247.3,249.8,240.7,242.1,242.2,246.2,245.9,245.5,244.9,245.6,243.4
244.6,243.4,242.9,241.2,240.4,238.5,235.0,232.7,231.7,230.8,229.4,228.8,227.9,226.7,226.2,226.8,227.3,226.8,226.6,227.1,226.9,226.6,226.8,226.8,226.9,226.3,226.5,227.0,227.4,227.7,227.8,227.8,228.1,227.3,226.3,225.6,225.3,224.7,223.9,222.5,222.1,221.6,221.8,222.0,222.0,222.3,222.5,221.8,220.6,219.7,219.7,219.9,220.0,220.8,222.0,222.8,224.5,226.2,227.0,228.4,231.2,233.8,235.4,237.3,240.2,243.6,246.4,245.7,244.4,242.3,242.9,241.5,240.5,240.3,240.4,241.8,241.3
240.9,240.4,240.2,239.8,238.9,237.0,235.1,232.8,231.4,230.2,228.7,227.0,226.4,226.1,225.9,225.7,225.2,223.7,224.1,224.2,223.8,223.4,223.0,222.9,223.2,223.1,223.4,223.3,223.0,223.0,223.5,223.7,223.6,222.9,222.8,222.3,222.3,221.6,221.0,220.1,219.4,218.3,217.6,217.2,217.3,217.1,217.6,218.0,218.2,218.1,218.2,219.1,219.8,221.2,223.5,225.3,227.4,228.8,230.0,231.8,233.1,236.1,237.4,237.6,239.0,239.4,240.8,240.9,240.2,238.8,237.9,238.0,237.5,236.9,236.8,238.3,237.6
238.8,238.4,238.8,238.8,238.6,237.7,236.2,232.3,230.3,229.0,227.8,226.8,225.5,224.2,223.1,221.6,221.6,222.2,221.2,219.5,221.1,221.1,220.9,220.7,220.2,220.5,220.5,221.0,221.2,221.1,220.4,220.0,219.8,219.6,219.3,219.1,219.1,218.6,218.3,217.9,217.4,217.5,216.7,216.1,215.8,215.7,215.5,215.5,216.8,218.2,218.8,220.1,222.0,223.4,224.6,226.7,228.5,230.0,231.2,231.7,231.8,232.7,232.7,232.7,232.2,232.2,232.0,232.3,232.5,232.5,231.8,230.9,231.5,231.2,231.0,231.5,230.8
240.2,240.3,240.8,240.8,239.8,238.8,236.9,234.5,231.6,230.3,229.4,228.3,228.1,227.8,225.9,224.6,222.8,222.7,222.8,218.8,216.6,213.6,213.9,215.5,215.5,217.1,217.3,218.3,218.6,218.7,218.5,217.9,217.6,217.6,217.4,217.1,216.6,216.5,216.3,216.2,215.9,215.5,215.2,214.8,214.6,215.0,214.7,214.5,214.8,215.7,218.1,219.7,222.2,223.8,225.2,227.3,229.1,230.5,230.9,231.5,231.8,231.6,230.7,229.4,228.9,228.7,228.1,228.1,228.3,228.0,228.4,228.1,228.2,228.7,227.3,227.1,227.1
243.3,242.2,239.8,236.1,234.8,234.8,233.5,232.3,231.4,230.5,229.5,229.6,229.4,229.2,228.2,226.6,225.6,224.6,225.2,225.3,224.2,222.5,219.5,215.6,214.6,214.2,214.2,215.0,216.1,215.7,213.9,214.6,215.7,215.1,214.4,214.4,214.9,215.1,215.0,213.1,213.0,213.5,213.8,213.8,213.7,213.7,214.0,214.1,214.1,214.7,214.9,215.5,218.1,222.1,224.2,225.6,227.5,229.9,230.7,231.2,231.3,230.9,230.4,229.2,227.1,226.5,225.1,224.3,223.5,223.8,224.4,224.6,225.3,226.5,228.3,229.1,229.8
238.6,238.0,238.6,238.3,237.8,236.9,235.9,234.8,233.8,233.1,231.7,231.3,230.5,229.5,228.6,228.1,228.5,229.1,228.9,228.2,227.3,226.0,223.6,221.2,220.8,219.6,219.5,219.5,218.9,218.4,217.1,215.1,212.1,211.7,211.0,211.9,212.1,212.0,212.0,212.5,212.9,211.3,212.2,212.9,213.3,213.5,213.6,213.7,213.9,213.8,213.5,213.7,214.1,214.4,215.7,219.5,221.8,223.7,224.3,226.0,226.5,226.0,225.4,224.9,224.2,224.1,222.5,221.9,221.1,220.4,220.4,221.2,221.7,222.2,223.0,223.4,223.2
