nws-json/temp_20190820_06.f000.json
{"header": { "discipline":0, "disciplineName":"Meteorological products", "gribEdition":2, "gribLength":50051, "center":7, "centerName":"US National Weather Service - NCEP(WMC)", "subcenter":0, "refTime":"2019-08-20T06:00:00.000Z", "significanceOfRT":1, "significanceOfRTName":"Start of forecast", "productStatus":0, "productStatusName":"Operational products", "productType":1, "productTypeName":"Forecast products", "productDefinitionTemplate":0, "productDefinitionTemplateName":"Analysis/forecast at horizontal level/layer at a point in time", "parameterCategory":0, "parameterCategoryName":"Temperature", "parameterNumber":0, "parameterNumberName":"Temperature", "parameterUnit":"K", "genProcessType":2, "genProcessTypeName":"Forecast", "forecastTime":0, "surface1Type":1, "surface1TypeName":"Ground or water surface", "surface1Value":0.0, "surface2Type":255, "surface2TypeName":"Missing", "surface2Value":0.0, "gridDefinitionTemplate":0, "gridDefinitionTemplateName":"Latitude_Longitude", "numberPoints":65160, "shape":6, "shapeName":"Earth spherical with radius of 6,371,229.0 m", "gridUnits":"degrees", "resolution":48, "winds":"true", "scanMode":0, "nx":360, "ny":181, "basicAngle":0, "lo1":0.0, "la1":90.0, "lo2":359.0, "la2":-90.0, "dx":1.0, "dy":1.0 }, "data":
[rows 136 to 169 of 181, columns 154 to 230 of 360]
282.9,282.4,282.4,282.1,282.4,282.9,283.2,282.9,282.7,282.9,283.4,283.8,284.4,272.9,276.5,276.3,277.7,281.3,280.7,281.0,281.1,281.1,281.1,281.2,281.4,281.5,281.7,281.9,282.3,282.8,283.2,283.0,282.7,282.6,282.7,282.2,282.3,282.6,282.6,282.4,282.0,282.0,282.3,282.5,282.6,282.8,282.9,283.0,282.8,282.6,282.4,282.1,281.8,281.4,281.5,281.4,281.6,281.9,281.9,281.7,281.4,281.4,281.6,281.5,281.3,281.0,280.6,280.3,280.5,280.9,280.9,280.7,280.4,280.2,280.2,280.3,280.2
281.7,281.5,281.9,282.2,282.1,282.3,283.1,282.8,282.3,282.5,282.6,282.8,283.0,283.4,277.3,282.8,281.4,280.3,280.4,280.3,280.2,280.4,280.6,280.8,280.8,281.0,281.1,281.4,282.4,283.5,283.5,282.9,282.2,281.7,282.3,282.6,282.4,282.5,282.6,282.6,282.3,282.0,282.2,282.5,282.7,282.8,282.6,282.8,282.8,282.7,282.5,282.4,282.3,281.8,281.4,281.3,281.3,281.7,281.7,281.6,281.3,281.1,281.0,281.0,280.7,280.4,280.2,280.0,280.2,280.3,280.2,280.1,279.9,279.9,279.9,279.8,279.7
281.1,281.2,281.7,281.5,281.2,281.1,281.3,281.3,281.2,281.6,282.6,282.4,282.4,282.5,282.3,281.6,280.7,280.5,280.4,280.3,280.4,280.1,280.0,280.2,280.7,281.0,280.7,280.1,281.0,282.1,282.8,283.1,282.8,282.2,282.0,282.4,282.5,282.3,282.2,282.2,281.9,281.5,282.0,282.6,282.8,282.4,282.4,282.3,282.3,282.4,282.4,282.3,282.3,282.0,281.5,281.4,281.5,281.6,281.5,280.9,280.6,280.4,280.3,280.4,280.3,280.0,279.9,280.0,280.2,280.1,279.9,280.0,280.1,280.2,280.1,280.1,280.0
281.2,281.1,281.2,280.9,280.8,280.8,280.6,280.5,280.5,281.0,282.2,282.0,281.7,281.3,280.5,280.3,280.5,280.6,280.7,280.4,280.3,280.2,279.9,279.5,279.6,280.2,280.0,280.1,280.7,280.7,280.8,282.0,283.0,282.8,282.2,282.2,282.1,282.1,282.1,282.3,282.1,281.2,281.2,282.3,282.5,282.4,282.4,282.5,282.3,282.3,282.4,282.1,281.9,282.1,282.0,281.7,281.5,281.4,281.4,281.2,281.0,280.7,280.4,280.3,280.4,280.4,280.3,280.2,280.2,280.4,280.2,279.9,280.0,280.2,280.3,280.3,280.0
281.2,281.0,280.7,280.6,280.5,280.7,280.7,280.4,280.3,280.6,281.2,281.3,281.1,280.6,280.3,280.1,280.4,280.6,280.5,280.3,280.0,279.9,279.6,279.3,279.0,279.2,279.3,279.7,280.7,280.9,280.5,280.7,281.2,281.2,280.7,280.5,280.5,281.3,282.1,281.9,281.5,281.3,281.2,280.8,280.7,280.6,281.2,281.6,281.5,281.5,281.6,281.3,281.2,281.5,281.6,281.5,281.4,281.3,281.0,280.7,280.8,280.7,280.5,280.4,280.5,280.5,280.4,280.3,280.4,280.6,280.4,280.0,280.1,280.2,280.3,280.1,279.8
280.4,280.2,280.1,280.0,279.9,280.4,280.6,280.1,279.4,279.7,280.6,280.8,280.6,280.4,280.1,279.8,279.9,280.0,279.9,279.8,279.7,279.6,278.9,278.6,278.7,279.0,279.1,279.3,279.6,280.2,280.3,280.5,280.8,281.0,281.0,280.6,280.5,280.9,281.0,280.6,280.6,281.0,280.8,280.1,279.8,279.9,280.2,280.0,279.9,279.9,280.3,280.4,280.6,281.0,281.2,281.3,281.1,280.4,279.6,279.8,280.5,280.9,280.9,280.8,280.5,280.3,280.3,280.5,280.6,280.5,280.2,279.7,279.8,280.0,280.0,280.0,280.1
279.9,279.6,279.1,278.9,279.1,279.7,279.9,279.2,279.1,280.0,280.6,280.5,280.4,280.4,280.0,279.5,279.4,279.4,279.5,279.6,279.4,279.2,278.5,278.5,278.5,278.7,279.0,279.1,279.1,279.5,279.9,280.1,280.4,280.8,280.7,280.2,280.0,280.0,279.9,279.7,280.0,280.0,279.5,279.0,278.9,279.3,279.6,279.6,279.2,278.9,279.3,279.9,280.5,280.8,280.9,280.6,280.0,278.9,278.1,278.1,278.7,279.3,279.6,279.5,279.1,279.1,279.5,279.9,280.3,280.4,280.2,280.0,279.8,279.6,279.2,279.2,279.6
278.6,278.3,278.2,278.1,277.9,277.9,278.3,278.9,279.8,280.8,280.8,280.3,280.3,280.4,280.2,279.9,279.9,279.7,279.5,279.5,279.2,278.5,278.1,278.2,278.2,278.2,278.3,278.6,278.9,279.5,280.1,280.1,280.0,279.7,279.7,279.8,279.9,279.9,279.6,279.1,278.7,278.6,278.5,278.3,278.4,278.8,278.8,279.1,279.1,278.6,277.9,277.8,278.3,278.9,278.7,278.7,278.4,278.5,278.2,277.7,277.3,277.2,277.6,277.5,277.4,277.3,277.1,277.2,277.9,278.2,278.8,278.8,279.1,279.0,278.4,278.2,278.7
277.3,277.4,277.6,277.7,277.3,276.6,276.7,277.4,278.3,279.3,280.0,280.4,280.4,280.3,280.2,280.0,279.7,279.5,279.3,279.1,278.7,278.4,278.0,277.9,278.2,278.3,278.1,278.4,278.9,279.3,279.7,279.3,278.9,279.1,279.2,279.0,278.9,278.4,277.3,276.5,276.5,277.0,277.7,277.9,277.7,277.5,277.7,278.0,277.8,277.0,276.6,277.2,277.1,276.1,275.7,276.3,277.1,277.7,277.8,277.7,277.3,277.2,277.6,277.4,276.6,276.4,276.7,276.8,276.3,276.0,276.0,276.2,276.2,276.6,276.9,277.7,278.2
276.7,277.0,277.4,277.3,276.3,275.6,274.7,274.5,275.1,276.1,278.2,279.5,280.0,280.1,279.9,279.7,279.4,279.1,278.9,278.4,278.3,278.4,278.1,277.9,278.3,278.8,278.5,278.3,278.3,278.7,279.0,278.7,278.2,278.1,278.0,277.4,276.8,276.9,276.6,276.3,276.3,276.7,277.1,276.9,276.4,276.4,276.9,277.0,276.4,275.9,276.5,277.5,276.8,275.4,275.3,275.9,276.3,275.5,274.4,272.9,274.7,276.1,277.2,277.5,277.0,276.2,276.2,276.0,275.7,275.6,275.3,274.8,274.4,274.3,274.8,275.6,276.3
274.9,275.7,276.4,275.9,274.9,273.9,273.7,274.2,274.3,274.8,275.7,277.4,278.2,278.9,279.2,278.9,278.6,278.5,278.5,278.3,278.3,278.5,278.1,277.4,277.5,278.2,278.2,277.9,277.5,277.7,278.0,278.0,278.1,278.1,277.5,276.6,276.4,276.8,276.8,276.5,276.5,276.2,275.6,275.1,274.9,274.8,274.7,274.9,275.2,275.6,275.8,275.7,274.9,274.1,274.1,274.5,274.5,273.9,273.3,272.9,272.6,272.6,273.3,274.3,275.5,275.7,275.7,275.4,275.5,275.4,274.9,274.4,274.3,274.3,274.5,275.0,275.5
273.3,273.5,271.5,273.6,273.7,273.6,273.4,273.6,273.9,274.6,275.2,276.0,276.9,277.5,278.0,278.0,277.8,277.6,277.5,277.5,277.7,277.8,277.6,277.0,276.5,276.3,276.6,277.2,277.5,277.3,276.9,276.7,276.8,276.9,276.4,276.0,275.9,275.8,276.0,275.7,275.6,275.6,274.9,274.5,274.3,274.0,273.7,273.9,274.4,274.5,274.2,273.7,272.9,272.8,272.4,272.5,272.2,272.0,272.1,272.0,271.7,271.4,271.5,271.9,272.1,272.9,274.0,274.0,274.6,274.7,273.8,273.6,274.0,274.3,274.4,274.9,275.6
272.8,272.4,272.0,272.2,273.8,274.1,273.3,273.0,273.5,274.3,275.1,275.4,275.5,275.8,276.5,277.3,277.6,277.5,277.2,277.3,277.5,277.5,277.2,276.8,276.2,276.1,276.2,276.6,277.0,277.1,276.7,276.7,276.7,276.4,275.9,275.7,275.6,275.3,275.2,275.2,275.1,274.9,274.7,274.3,274.1,273.9,273.6,273.3,273.1,273.1,272.8,272.8,272.4,272.0,271.9,271.7,271.3,271.2,271.2,271.2,271.2,271.2,271.2,271.6,271.9,271.9,271.7,271.6,271.9,272.3,272.7,273.3,274.0,274.3,274.1,274.2,274.4
271.8,271.7,271.5,271.7,272.4,273.0,271.6,272.8,273.8,274.5,274.6,274.4,274.6,274.9,275.3,276.4,277.0,277.0,277.0,277.1,276.7,275.8,275.8,275.9,275.9,275.9,275.9,275.5,275.3,275.3,275.6,275.9,276.1,276.0,275.9,275.9,275.8,275.3,275.0,274.5,274.1,273.8,273.6,273.6,273.7,273.5,273.1,273.1,272.9,272.7,272.2,271.6,271.3,271.3,271.2,271.2,271.2,271.2,271.2,271.2,271.2,271.2,271.2,271.2,271.2,271.2,271.2,271.2,271.3,271.7,272.1,272.5,273.1,273.4,273.8,273.8,273.7
271.8,272.0,272.1,272.0,271.9,272.0,272.1,272.1,272.9,273.6,273.7,273.3,273.2,273.7,274.6,275.1,275.2,275.2,275.6,275.7,275.2,274.6,274.5,274.3,274.5,274.6,274.5,274.1,274.2,274.4,274.6,274.6,272.7,274.3,274.4,273.0,274.5,274.2,274.0,273.6,273.4,273.3,273.4,273.3,272.7,272.7,272.5,272.4,272.0,271.6,271.3,271.3,271.2,271.2,271.2,271.2,271.2,271.2,271.2,271.2,271.2,271.2,271.2,271.2,271.2,271.2,271.2,271.2,271.2,271.2,271.2,271.5,272.0,272.4,272.5,272.3,272.7
261.9,261.0,266.3,265.2,270.7,271.8,271.9,270.1,270.6,271.8,272.0,272.0,272.1,272.5,273.2,273.6,273.9,274.2,274.5,274.5,274.4,274.3,274.2,274.0,274.1,273.9,273.6,273.3,273.2,273.4,273.4,273.3,273.2,273.2,273.3,273.4,273.2,272.9,272.5,272.5,272.5,272.7,272.4,271.9,271.6,271.5,271.3,271.2,271.2,271.2,271.2,271.2,270.9,269.0,266.6,266.9,268.2,267.6,271.2,271.2,271.2,271.2,271.2,271.2,271.2,271.2,271.2,271.2,271.2,271.2,271.2,271.2,271.2,271.8,272.1,272.2,272.5
244.6,244.5,251.7,257.7,260.9,262.4,252.6,244.7,246.8,260.1,264.6,264.5,271.4,271.7,272.2,272.4,272.8,273.5,273.8,274.6,274.8,274.6,273.7,273.9,273.5,273.5,271.8,273.0,273.1,272.2,273.0,272.6,272.3,272.0,271.8,271.7,271.8,271.9,271.7,271.7,271.6,271.3,271.2,271.2,271.2,271.2,271.2,271.2,271.2,271.2,271.2,271.2,268.8,264.5,263.5,262.3,263.3,262.9,264.8,265.7,269.6,267.3,271.2,267.3,271.2,271.2,271.2,271.2,271.2,271.2,271.2,271.2,271.2,271.3,271.7,271.9,272.0
243.4,244.6,246.2,244.2,246.7,241.5,241.8,240.6,239.2,238.8,242.1,242.7,249.0,249.3,258.2,265.7,267.4,263.6,266.1,267.1,266.9,268.8,272.4,272.6,272.5,272.6,272.9,272.3,272.4,272.3,272.5,272.1,272.0,271.8,271.6,271.6,270.6,269.5,267.7,267.2,267.7,267.2,266.2,266.7,266.1,265.8,265.9,268.4,266.8,266.3,266.0,265.0,263.3,261.3,257.5,257.1,256.3,255.1,255.8,254.7,256.7,263.6,267.0,270.3,267.2,266.5,269.7,270.3,269.2,270.5,268.9,271.2,271.2,271.2,271.3,271.7,271.9
241.7,241.4,242.4,245.6,240.3,240.2,239.1,237.3,237.3,237.2,239.6,241.5,240.6,243.7,245.4,248.9,251.2,251.5,258.0,259.7,261.2,263.6,267.3,270.1,271.2,271.2,271.2,271.5,272.2,268.7,271.3,270.0,271.0,271.3,271.4,268.1,262.4,257.7,257.1,256.4,257.4,257.4,257.3,255.8,257.3,258.3,258.0,258.5,259.3,257.6,255.0,256.5,254.9,252.8,251.5,251.7,251.6,251.8,252.0,251.9,252.4,251.8,252.5,252.2,253.8,253.7,257.7,261.0,258.0,263.7,263.9,271.2,268.8,271.2,266.6,268.4,271.5
239.4,241.2,239.8,239.5,238.5,237.2,237.2,236.4,236.1,235.9,237.6,238.4,238.8,240.9,243.6,246.7,247.8,250.3,250.0,252.0,254.0,254.5,255.8,256.8,261.8,261.8,260.4,263.7,259.9,264.8,263.4,262.8,259.8,255.3,253.9,254.5,254.1,253.8,254.4,253.7,253.1,252.4,253.1,253.3,252.8,253.5,253.2,253.2,251.2,252.5,252.9,253.1,253.2,253.5,252.5,252.2,253.0,252.9,252.8,252.4,252.4,253.1,252.7,251.3,252.9,252.1,251.3,252.3,253.3,252.6,257.1,265.8,270.3,265.2,269.8,267.7,270.3
238.6,239.4,238.8,238.3,237.5,237.3,236.0,235.6,236.4,235.7,235.6,235.9,236.5,237.3,239.6,242.4,244.2,245.4,247.1,245.9,246.8,249.2,250.7,251.7,251.7,253.0,252.7,254.3,253.6,252.0,252.1,253.0,253.1,252.5,252.2,253.1,252.4,251.7,250.3,250.3,249.5,250.6,251.1,252.4,253.4,252.3,252.2,252.2,253.8,254.2,255.0,256.1,253.6,253.5,255.3,253.7,254.0,252.5,253.5,254.0,253.2,252.5,252.0,252.4,254.1,254.8,253.8,254.1,253.5,252.9,253.0,254.1,255.0,259.3,267.7,270.7,271.2
237.8,240.6,239.5,240.1,239.5,238.1,240.5,237.9,237.8,239.7,236.6,238.7,239.9,240.0,240.8,241.5,242.0,243.8,243.9,245.3,244.4,244.3,245.8,246.0,246.1,248.3,249.3,249.8,250.1,250.6,250.5,250.3,249.0,248.7,248.9,248.9,249.0,250.4,251.5,251.2,250.4,250.3,250.0,251.1,251.6,251.6,253.3,255.1,254.5,254.0,252.3,251.2,252.9,253.0,252.9,252.1,252.5,252.2,253.0,253.1,253.1,252.7,253.3,253.7,253.3,252.2,253.3,253.4,253.3,252.7,253.0,252.0,252.8,255.2,255.3,255.9,262.1
236.0,235.5,235.7,235.6,235.4,237.7,238.7,237.9,238.1,240.4,242.1,239.3,238.1,237.3,237.8,238.6,238.8,239.5,240.2,240.8,241.2,241.3,242.3,242.4,241.9,242.0,243.0,243.8,244.5,245.7,245.2,245.3,245.9,245.1,244.8,244.7,246.1,247.1,248.0,248.0,248.9,250.1,250.3,251.0,252.4,252.0,253.1,253.5,254.0,254.5,253.8,255.4,253.6,254.9,254.8,254.0,252.4,253.6,252.5,252.2,251.4,251.6,252.4,252.7,253.4,254.8,256.0,256.1,256.0,256.1,257.3,255.4,254.9,254.4,254.6,255.3,257.3
239.7,236.2,236.0,235.7,235.8,235.0,234.5,234.7,236.5,236.7,237.0,237.2,237.5,237.8,238.1,238.4,238.8,239.1,239.4,239.7,240.1,241.2,241.4,242.0,242.8,243.6,244.1,245.6,245.6,245.7,245.8,245.7,246.2,246.8,247.6,247.2,247.5,247.9,249.1,249.1,249.9,250.6,251.1,252.3,252.6,251.9,251.6,251.5,252.4,253.3,253.4,253.5,253.8,253.2,252.6,252.3,252.6,253.1,252.8,252.4,249.4,250.4,252.7,253.8,254.7,255.1,255.7,256.6,257.8,261.7,262.5,261.2,261.0,260.6,262.5,265.9,267.1
236.3,235.3,235.0,235.0,234.4,234.6,239.4,236.4,235.9,237.5,237.8,238.5,238.6,238.8,239.3,239.1,239.4,239.5,239.6,241.1,242.8,244.6,244.8,244.3,245.1,245.9,246.6,248.5,250.1,249.5,248.8,247.6,247.0,247.2,245.8,245.9,246.1,248.4,249.1,249.3,250.6,251.8,250.3,251.7,252.7,252.5,246.2,245.8,248.2,250.7,251.2,251.6,251.9,251.9,251.6,251.8,248.6,248.3,249.9,248.6,251.1,253.6,255.0,255.7,255.5,256.6,264.5,266.1,266.1,266.2,266.2,266.3,266.7,265.6,265.0,263.9,264.2
232.7,232.5,232.5,233.2,234.2,231.5,234.7,239.6,238.2,232.9,241.8,241.3,236.4,243.7,243.8,240.4,242.3,245.6,247.7,247.7,248.4,250.3,251.5,252.3,253.1,252.1,251.8,250.4,251.1,253.6,252.5,250.9,250.2,249.2,249.3,249.8,249.8,249.0,248.8,249.5,250.7,250.8,244.0,242.7,243.0,245.8,249.2,253.2,254.4,254.0,251.8,251.0,250.4,249.8,247.3,246.9,247.7,248.5,250.1,254.8,255.1,255.1,257.3,259.4,264.1,263.5,263.3,263.1,263.2,263.3,263.1,262.8,262.1,262.1,261.9,261.6,260.6
228.8,229.3,229.8,230.2,231.5,230.8,232.8,237.4,239.1,236.5,235.1,237.7,237.1,235.7,240.0,239.0,246.8,255.1,254.4,253.3,253.8,254.1,253.8,253.1,253.2,250.3,251.4,252.8,252.7,253.0,252.5,251.8,250.9,251.3,250.9,250.4,250.6,250.0,251.0,252.3,247.3,242.4,241.5,241.7,242.4,243.6,244.7,248.9,251.7,251.0,249.5,248.2,247.2,247.3,246.8,247.2,247.3,247.3,253.2,255.5,256.0,257.4,262.8,263.0,262.9,261.7,259.9,259.8,259.8,259.1,259.2,258.9,258.8,258.5,258.7,258.7,258.3
228.1,227.5,226.3,225.8,225.6,226.4,227.4,232.3,234.7,234.5,231.7,233.2,242.1,246.0,247.8,247.7,252.9,252.6,252.0,251.0,251.7,252.5,252.6,253.7,252.8,249.9,249.1,250.2,251.3,252.3,251.8,250.4,249.5,250.0,250.1,250.8,251.7,252.8,253.5,253.4,249.1,245.1,243.0,242.1,242.4,242.7,243.1,243.9,245.4,246.3,247.1,247.0,246.3,246.9,247.2,248.3,250.7,254.6,256.5,259.9,260.4,261.0,260.9,260.7,259.4,258.8,259.1,259.0,258.9,258.6,258.9,258.1,257.6,256.8,256.1,256.1,256.3
227.0,228.3,227.1,227.0,227.5,228.5,227.1,225.9,231.3,240.6,246.3,252.2,251.5,252.0,249.6,247.2,249.0,248.5,249.9,250.8,251.3,252.2,253.6,252.8,248.9,247.8,247.5,247.8,248.3,248.8,248.5,247.2,247.9,250.0,250.9,250.9,252.3,252.5,253.2,253.6,254.6,255.1,252.3,250.4,250.2,248.6,247.9,247.8,248.3,248.4,248.0,250.2,253.1,253.8,255.7,257.9,259.3,259.3,259.5,260.2,260.5,260.0,258.9,257.2,256.7,256.4,257.1,256.0,255.6,255.0,254.1,254.5,254.9,255.9,253.7,251.9,251.4
230.6,232.2,235.6,237.9,239.7,241.9,245.3,244.2,244.4,248.9,252.5,254.0,253.7,253.6,252.8,252.1,250.7,250.4,251.1,253.7,254.5,254.9,254.0,253.2,251.1,248.7,248.0,248.2,247.2,246.6,246.1,246.1,246.2,247.6,248.7,250.7,252.2,252.8,253.0,253.3,253.5,253.7,253.7,254.6,255.7,256.4,256.4,256.4,256.5,256.3,256.7,256.7,257.6,258.0,256.3,256.4,257.5,257.3,256.6,255.5,255.1,254.7,253.6,254.0,255.2,255.3,255.2,256.9,257.2,257.1,254.7,250.9,250.5,252.3,251.0,250.3,248.9
229.6,231.1,232.5,232.2,234.4,237.7,240.7,244.0,251.6,252.3,254.4,255.0,254.9,253.4,252.6,253.3,253.3,253.9,255.6,256.7,255.7,255.7,255.0,254.1,253.0,252.8,251.7,249.5,246.1,245.1,244.6,244.8,244.7,245.2,245.1,246.4,248.8,250.9,252.1,252.4,252.5,252.3,252.2,252.6,253.0,253.1,253.2,253.7,253.5,253.7,253.9,254.5,254.7,254.9,254.9,255.5,255.4,256.5,256.0,256.9,256.8,255.2,255.0,253.7,253.9,254.8,253.0,249.8,246.5,246.4,242.2,240.9,237.9,237.9,232.3,237.8,240.1
226.6,228.3,230.1,232.5,232.9,233.6,238.5,244.0,247.9,252.4,255.6,257.0,250.7,245.2,246.9,249.3,254.2,258.7,258.0,256.4,257.0,256.7,257.0,256.4,256.9,256.9,255.4,252.6,247.8,246.0,243.8,243.8,244.3,244.2,244.9,244.6,245.6,246.5,246.9,247.4,249.1,250.3,251.2,252.0,252.5,252.3,253.3,252.7,252.3,253.0,252.9,252.6,253.2,254.0,255.8,255.5,254.7,254.3,254.3,253.4,254.9,255.3,254.9,253.3,250.6,248.8,248.6,248.1,247.4,245.6,242.1,240.2,239.5,238.7,238.4,238.6,238.3
227.5,227.8,229.3,228.4,229.4,235.4,236.0,241.4,243.1,245.8,252.7,251.0,255.8,258.4,258.5,257.7,256.5,256.1,255.1,255.0,255.3,256.7,257.1,254.7,253.9,253.1,251.0,249.5,248.5,245.8,244.6,245.7,245.0,245.5,244.1,246.6,245.2,246.9,246.6,245.1,244.7,244.9,246.6,247.4,246.5,244.4,245.9,247.9,250.8,254.4,253.7,255.8,254.8,253.9,252.5,249.4,250.4,250.6,250.4,251.5,250.0,248.8,249.6,249.5,249.8,249.8,250.6,250.6,250.6,249.9,248.0,246.7,246.7,246.4,245.1,243.4,243.5
229.0,231.6,237.7,239.9,243.9,243.8,246.0,250.2,252.0,252.6,253.2,254.1,255.0,255.0,255.2,255.0,255.4,255.4,256.7,258.8,258.2,258.2,257.3,255.2,253.7,253.1,251.4,247.8,248.2,242.3,241.6,242.6,242.9,243.2,243.9,243.3,243.2,242.9,242.9,242.3,242.5,240.2,240.2,245.5,248.6,247.5,247.5,247.7,246.8,245.7,245.1,246.6,248.4,250.8,250.8,246.6,246.9,251.3,251.6,250.9,251.1,250.7,252.3,253.4,254.2,254.8,255.2,255.3,256.0,256.5,256.4,256.2,256.0,255.7,255.5,255.5,254.7
