nws-json/temp_20190820_12.f000.json
{"header": { "discipline":0, "disciplineName":"Meteorological products", "gribEdition":2, "gribLength":50091, "center":7, "centerName":"US National Weather Service - NCEP(WMC)", "subcenter":0, "refTime":"2019-08-20T12:00:00.000Z", "significanceOfRT":1, "significanceOfRTName":"Start of forecast", "productStatus":0, "productStatusName":"Operational products", "productType":1, "productTypeName":"Forecast products", "productDefinitionTemplate":0, "productDefinitionTemplateName":"Analysis/forecast at horizontal level/layer at a point in time", "parameterCategory":0, "parameterCategoryName":"Temperature", "parameterNumber":0, "parameterNumberName":"Temperature", "parameterUnit":"K", "genProcessType":2, "genProcessTypeName":"Forecast", "forecastTime":0, "surface1Type":1, "surface1TypeName":"Ground or water surface", "surface1Value":0.0, "surface2Type":255, "surface2TypeName":"Missing", "surface2Value":0.0, "gridDefinitionTemplate":0, "gridDefinitionTemplateName":"Latitude_Longitude", "numberPoints":65160, "shape":6, "shapeName":"Earth spherical with radius of 6,371,229.0 m", "gridUnits":"degrees", "resolution":48, "winds":"true", "scanMode":0, "nx":360, "ny":181, "basicAngle":0, "lo1":0.0, "la1":90.0, "lo2":359.0, "la2":-90.0, "dx":1.0, "dy":1.0 }, "data":
[rows 26 to 51 of 181, columns 240 to 299 of 360]
275.10684,275.40683,276.00684,275.20685,279.80682,280.10684,279.90683,279.60684,279.00684,279.10684,279.30682,278.70685,278.90683,279.10684,279.00684,279.50684,280.60684,280.60684,280.60684,280.80682,276.50684,281.10684,280.80682,280.10684,280.30682,280.50684,281.20685,281.40683,281.30682,281.10684,280.60684,281.40683,279.60684,280.10684,282.20685,281.40683,281.60684,281.40683,274.50684,274.60684,273.40683,274.70685,274.50684,276.60684,276.40683,275.80682,277.20685,277.90683,287.70685,286.00684,286.00684,286.00684,287.40683,285.40683,281.70685,278.10684,275.20685,276.10684,276.00684,277.00684
275.50684,276.30682,276.00684,275.70685,276.30682,278.50684,281.70685,282.00684,278.10684,280.50684,279.00684,279.80682,278.90683,279.70685,279.80682,280.60684,280.30682,280.00684,275.80682,281.50684,280.30682,280.10684,280.70685,280.70685,280.60684,280.40683,280.40683,280.40683,280.80682,280.10684,278.00684,280.40683,280.70685,280.70685,280.50684,279.90683,281.50684,278.70685,280.30682,278.30682,278.30682,278.40683,277.40683,277.20685,279.40683,280.30682,278.80682,278.60684,277.80682,280.40683,286.10684,285.80682,284.00684,272.30682,277.60684,285.00684,272.30682,275.40683,276.80682,276.40683
269.90683,269.20685,275.70685,273.40683,274.40683,275.70685,281.10684,281.40683,279.10684,278.80682,278.50684,279.90683,280.00684,279.80682,279.60684,280.00684,278.80682,278.70685,278.80682,278.70685,278.30682,278.30682,278.90683,279.20685,279.50684,279.20685,279.00684,274.30682,277.70685,279.20685,279.40683,279.90683,279.60684,280.50684,280.40683,280.40683,281.70685,281.30682,282.10684,282.50684,282.80682,279.80682,283.70685,282.70685,281.90683,281.20685,281.60684,281.00684,277.50684,277.20685,277.20685,275.90683,272.70685,272.90683,274.60684,273.70685,275.00684,278.20685,278.50684,277.90683
273.00684,271.90683,273.70685,274.30682,281.30682,282.30682,281.80682,277.50684,281.40683,278.50684,277.70685,279.30682,279.90683,278.80682,278.90683,279.00684,278.60684,278.20685,278.30682,274.90683,278.50684,278.80682,279.20685,279.30682,279.50684,280.20685,279.20685,280.10684,279.50684,280.20685,279.00684,279.50684,278.80682,279.20685,279.90683,280.80682,281.50684,282.50684,279.80682,280.50684,282.90683,283.70685,283.60684,282.80682,282.40683,281.60684,280.60684,278.70685,276.40683,276.70685,275.40683,275.50684,274.60684,275.20685,274.30682,273.90683,274.70685,274.50684,275.90683,277.10684
277.00684,275.50684,273.70685,275.50684,273.70685,276.90683,275.40683,276.20685,279.60684,278.10684,277.40683,277.00684,279.40683,278.80682,279.00684,278.70685,278.30682,278.50684,278.10684,278.90683,276.10684,279.40683,279.80682,280.10684,280.50684,281.00684,279.20685,279.80682,278.20685,280.00684,281.10684,281.00684,280.00684,279.60684,279.20685,278.80682,280.10684,282.10684,282.70685,280.60684,282.30682,283.90683,283.00684,283.50684,282.60684,281.70685,280.60684,278.80682,278.50684,279.00684,279.10684,275.00684,274.70685,274.70685,274.30682,284.00684,273.80682,275.60684,276.20685,276.80682
278.50684,276.80682,275.90683,276.40683,276.80682,275.30682,275.70685,276.80682,277.50684,281.40683,279.80682,278.60684,278.50684,279.40683,279.30682,279.20685,279.00684,278.50684,278.80682,279.00684,276.20685,276.80682,277.70685,278.20685,278.80682,280.70685,280.40683,280.90683,280.50684,278.80682,278.00684,278.60684,278.70685,278.40683,278.30682,279.10684,279.40683,280.50684,282.60684,283.60684,283.00684,281.50684,282.90683,281.70685,281.70685,282.30682,281.60684,281.40683,280.70685,280.20685,280.00684,274.00684,273.80682,275.30682,273.50684,282.80682,281.00684,276.80682,277.60684,276.80682
277.10684,275.40683,276.00684,277.20685,280.30682,277.80682,278.50684,275.40683,277.20685,278.80682,280.60684,280.00684,278.20685,278.60684,279.60684,278.90683,278.40683,278.20685,277.70685,278.50684,278.40683,278.00684,277.70685,278.20685,278.50684,278.00684,280.20685,281.30682,280.70685,275.90683,274.70685,272.50684,276.70685,277.70685,278.20685,278.60684,278.80682,279.40683,278.20685,279.80682,281.20685,279.50684,281.30682,282.50684,281.50684,282.10684,282.20685,282.40683,281.50684,281.10684,281.00684,280.90683,281.70685,282.00684,280.40683,279.10684,279.80682,279.00684,276.30682,276.80682
279.50684,277.10684,277.80682,277.90683,276.60684,276.40683,275.60684,276.60684,276.60684,276.60684,277.20685,278.20685,278.00684,278.70685,280.20685,278.90683,280.50684,279.70685,277.50684,279.00684,278.60684,278.50684,277.20685,277.20685,278.00684,279.30682,280.60684,281.30682,281.80682,282.20685,281.40683,277.10684,272.40683,273.60684,275.60684,274.10684,278.20685,278.40683,275.50684,274.20685,274.40683,276.60684,278.10684,273.40683,280.60684,280.80682,281.30682,282.10684,281.90683,282.50684,282.70685,283.50684,284.00684,282.50684,280.80682,280.00684,278.80682,279.00684,277.60684,275.60684
279.30682,279.80682,278.60684,279.90683,277.80682,276.90683,276.30682,276.30682,275.90683,276.80682,276.90683,278.30682,278.60684,278.90683,278.30682,279.10684,280.60684,281.00684,280.70685,281.00684,281.00684,280.50684,279.80682,278.20685,279.40683,280.40683,280.70685,280.60684,281.30682,281.60684,281.30682,281.60684,282.00684,276.60684,271.40683,271.50684,274.20685,275.70685,275.40683,273.80682,275.30682,278.80682,278.60684,276.70685,281.40683,281.20685,279.80682,282.70685,283.30682,283.00684,282.90683,284.60684,283.50684,283.70685,282.40683,280.70685,279.60684,278.70685,278.70685,276.70685
280.40683,279.40683,279.30682,281.10684,281.80682,278.60684,278.50684,277.60684,276.70685,276.20685,276.90683,277.00684,277.60684,277.90683,278.50684,275.90683,279.80682,280.20685,280.20685,279.70685,279.80682,281.40683,280.40683,280.60684,279.40683,280.80682,281.30682,280.90683,280.70685,281.20685,281.50684,282.50684,283.10684,283.60684,283.90683,284.10684,284.60684,283.30682,274.90683,277.40683,275.80682,275.80682,283.60684,284.20685,283.30682,283.90683,283.60684,277.30682,284.40683,284.30682,284.50684,286.00684,286.60684,287.20685,286.90683,284.20685,283.70685,282.60684,281.10684,282.40683
276.90683,277.60684,278.40683,280.10684,278.50684,280.20685,282.00684,281.70685,278.40683,276.00684,277.40683,276.80682,278.00684,277.70685,278.70685,278.50684,280.00684,280.30682,281.00684,282.30682,283.60684,280.80682,280.40683,280.10684,280.50684,280.50684,281.00684,280.70685,280.60684,281.20685,281.80682,282.00684,282.70685,283.20685,283.50684,284.20685,285.00684,287.00684,277.50684,274.70685,277.40683,280.30682,285.50684,286.00684,284.60684,284.20685,284.90683,285.30682,283.80682,283.80682,285.10684,285.90683,284.10684,286.90683,285.90683,276.70685,277.50684,284.20685,286.60684,285.30682
276.00684,276.20685,278.20685,278.50684,279.30682,281.00684,281.60684,281.00684,282.20685,280.40683,279.10684,279.40683,277.70685,278.20685,278.20685,278.30682,278.40683,278.40683,279.20685,284.80682,283.40683,281.60684,287.00684,281.30682,280.10684,280.50684,280.50684,286.20685,281.40683,282.00684,282.90683,282.40683,283.20685,284.50684,284.80682,285.20685,285.60684,286.20685,279.60684,287.00684,278.10684,278.60684,285.70685,286.80682,287.00684,286.00684,286.90683,286.60684,285.20685,283.80682,284.40683,284.50684,286.10684,285.10684,285.30682,285.60684,284.60684,286.00684,287.90683,289.30682
280.70685,277.80682,278.00684,275.70685,277.70685,279.40683,280.90683,281.30682,281.20685,281.10684,281.00684,280.70685,280.50684,279.80682,279.10684,278.90683,278.30682,277.80682,278.40683,278.60684,285.10684,280.80682,285.60684,286.90683,281.60684,281.90683,281.30682,281.40683,281.80682,282.60684,283.30682,283.90683,284.50684,285.40683,286.40683,286.50684,287.80682,287.80682,288.20685,279.50684,278.30682,277.60684,286.10684,287.30682,287.40683,287.50684,287.10684,285.50684,286.40683,284.50684,285.00684,286.80682,286.00684,286.60684,286.30682,286.70685,288.60684,286.90683,289.60684,291.30682
281.80682,282.60684,280.10684,278.10684,277.50684,278.50684,280.50684,282.50684,282.90683,284.20685,284.10684,282.80682,281.60684,281.40683,281.10684,280.70685,279.40683,279.40683,279.20685,278.60684,280.40683,281.60684,281.80682,284.00684,283.10684,283.30682,283.50684,283.90683,283.70685,284.00684,285.80682,285.80682,286.60684,285.70685,286.90683,287.40683,287.50684,287.30682,288.10684,289.00684,288.50684,288.50684,287.20685,285.80682,287.10684,287.60684,287.50684,286.60684,286.50684,286.50684,285.30682,286.90683,286.90683,287.10684,287.70685,286.70685,288.20685,291.00684,292.70685,293.10684
281.30682,282.50684,280.10684,279.40683,280.80682,277.90683,280.20685,282.60684,284.40683,284.50684,283.90683,282.80682,282.30682,282.70685,282.00684,282.20685,282.20685,280.40683,279.50684,280.60684,281.70685,282.20685,284.00684,284.70685,283.70685,284.70685,285.30682,286.20685,285.70685,285.60684,285.60684,285.80682,285.80682,285.80682,286.80682,287.70685,288.10684,288.40683,289.00684,288.90683,288.70685,288.80682,289.20685,289.80682,289.30682,287.70685,287.20685,285.30682,284.90683,284.70685,287.70685,288.00684,287.70685,290.50684,288.30682,288.80682,287.30682,289.70685,290.00684,289.30682
279.90683,282.50684,283.70685,282.90683,282.00684,283.40683,278.30682,281.70685,284.30682,284.70685,286.30682,284.80682,284.80682,284.40683,283.20685,283.50684,283.40683,283.10684,282.20685,283.80682,282.70685,284.00684,285.10684,285.60684,284.90683,288.50684,285.80682,285.70685,286.10684,285.70685,286.10684,286.50684,287.10684,288.00684,287.90683,287.40683,287.80682,288.60684,289.00684,288.70685,287.90683,288.70685,289.50684,288.70685,287.80682,288.70685,289.20685,290.90683,287.90683,284.80682,288.30682,290.30682,284.90683,286.90683,287.80682,290.50684,288.60684,290.10684,290.40683,290.20685
286.80682,287.80682,286.20685,284.20685,282.50684,282.80682,282.40683,279.70685,285.60684,287.90683,287.60684,286.20685,287.60684,288.20685,287.90683,287.00684,286.20685,284.20685,284.30682,284.80682,285.00684,285.40683,286.90683,288.60684,292.60684,289.90683,291.40683,290.60684,290.10684,289.90683,288.10684,288.30682,289.20685,287.50684,286.50684,287.60684,288.00684,288.10684,288.00684,287.80682,288.00684,288.60684,288.90683,288.70685,288.50684,288.50684,289.20685,288.70685,288.10684,289.00684,291.00684,288.60684,288.80682,289.20685,287.70685,290.40683,290.10684,291.50684,291.70685,291.20685
287.10684,288.00684,291.10684,286.20685,285.70685,282.70685,283.40683,282.60684,282.10684,281.90683,283.90683,284.50684,289.20685,288.50684,288.50684,288.70685,287.20685,286.70685,287.00684,287.30682,287.10684,290.60684,292.60684,292.50684,293.00684,291.90683,290.70685,290.10684,289.50684,290.30682,290.70685,290.20685,290.70685,288.70685,288.10684,289.00684,286.70685,286.70685,288.10684,288.50684,288.30682,287.50684,288.00684,288.20685,288.50684,288.00684,289.20685,289.70685,290.40683,290.50684,290.50684,288.40683,289.70685,288.30682,292.00684,292.60684,292.30682,292.60684,292.60684,293.00684
289.40683,290.00684,286.80682,286.90683,284.90683,283.50684,283.40683,281.30682,283.00684,283.30682,283.60684,287.80682,289.60684,289.20685,289.50684,290.90683,289.90683,289.70685,290.00684,290.80682,290.70685,291.80682,293.00684,292.50684,293.60684,291.60684,290.00684,289.30682,288.90683,287.50684,287.60684,288.20685,289.00684,288.50684,289.80682,291.50684,289.60684,290.20685,289.80682,289.90683,287.90683,288.20685,288.70685,288.20685,289.10684,289.80682,291.30682,291.20685,289.90683,288.60684,289.40683,289.40683,290.30682,290.70685,291.90683,293.30682,295.10684,293.10684,293.60684,293.70685
285.60684,285.50684,285.20685,288.40683,283.70685,282.10684,282.40683,280.00684,280.70685,280.40683,278.20685,289.90683,283.00684,287.50684,290.10684,289.20685,289.80682,292.90683,292.70685,292.80682,292.70685,292.90683,294.90683,295.50684,293.90683,292.40683,289.50684,290.90683,288.00684,287.60684,286.80682,287.50684,288.40683,292.80682,293.50684,288.30682,288.00684,292.50684,292.40683,294.00684,292.10684,288.10684,288.20685,288.80682,289.80682,289.50684,290.70685,290.90683,289.90683,288.80682,290.60684,291.60684,291.30682,287.50684,287.30682,289.80682,293.70685,293.80682,293.80682,292.70685
285.40683,282.60684,289.20685,290.30682,286.90683,277.40683,280.70685,285.10684,284.30682,286.20685,275.70685,282.30682,292.90683,285.10684,290.80682,290.90683,287.70685,292.20685,295.10684,294.40683,295.20685,293.00684,293.60684,295.70685,294.00684,293.90683,291.70685,289.40683,288.30682,288.20685,288.50684,287.60684,289.30682,294.90683,289.70685,289.20685,290.20685,293.10684,294.10684,291.70685,291.30682,291.60684,291.60684,293.90683,292.00684,290.10684,289.60684,290.00684,290.70685,293.20685,293.10684,288.00684,287.10684,288.60684,292.90683,295.70685,291.50684,292.60684,293.40683,292.60684
288.70685,288.50684,290.90683,286.40683,292.00684,285.10684,285.90683,285.10684,284.10684,280.20685,279.10684,285.50684,290.50684,290.40683,289.50684,290.50684,290.80682,292.60684,291.40683,291.10684,293.80682,292.90683,293.80682,297.20685,295.60684,293.50684,293.70685,292.10684,291.70685,289.60684,290.00684,290.60684,295.50684,296.20685,293.60684,292.10684,292.70685,295.20685,294.00684,293.20685,294.70685,295.50684,292.40683,292.20685,293.80682,291.40683,291.80682,291.30682,293.20685,294.40683,292.20685,291.30682,292.40683,291.30682,289.20685,290.70685,292.40683,293.60684,293.20685,292.70685
277.50684,288.60684,285.50684,289.80682,284.50684,282.90683,284.20685,286.00684,284.00684,280.50684,285.90683,285.30682,288.40683,285.50684,285.10684,291.10684,290.00684,292.10684,291.70685,291.60684,290.70685,292.50684,292.90683,294.00684,296.40683,296.10684,294.30682,294.30682,293.60684,293.50684,293.10684,293.50684,297.30682,298.60684,294.10684,294.10684,294.60684,297.50684,297.50684,297.10684,291.80682,290.60684,291.10684,291.10684,291.90683,291.10684,294.20685,293.90683,294.80682,295.70685,294.40683,294.70685,293.60684,292.30682,293.50684,295.60684,296.80682,296.70685,296.10684,295.30682
278.50684,290.70685,290.10684,288.60684,283.30682,283.20685,291.10684,293.00684,290.70685,284.30682,281.70685,282.70685,286.20685,282.10684,282.90683,286.10684,292.20685,291.30682,290.80682,292.10684,293.90683,298.40683,293.60684,295.40683,295.20685,296.40683,295.40683,294.70685,294.60684,294.90683,295.50684,295.70685,294.80682,294.30682,293.70685,294.50684,294.50684,294.20685,294.00684,294.00684,292.60684,291.90683,293.00684,294.30682,293.20685,293.60684,299.50684,295.80682,295.80682,296.90683,295.40683,293.10684,292.90683,294.10684,297.60684,299.80682,298.50684,297.20685,296.70685,295.60684
282.20685,290.50684,289.00684,287.10684,286.90683,283.70685,289.10684,291.50684,284.80682,281.60684,288.90683,286.00684,282.30682,279.00684,281.10684,289.10684,290.50684,292.40683,292.30682,294.70685,295.60684,296.30682,294.80682,295.70685,299.30682,296.90683,296.80682,296.10684,296.30682,296.30682,296.20685,296.40683,295.30682,296.20685,295.20685,295.30682,294.70685,297.80682,295.10684,294.50684,294.80682,294.20685,295.70685,296.20685,296.30682,301.50684,297.30682,297.70685,298.40683,298.70685,297.90683,299.00684,300.50684,300.40683,300.70685,300.50684,299.90683,299.10684,298.70685,298.60684
287.20685,292.10684,289.10684,283.10684,284.10684,282.00684,288.40683,290.60684,282.10684,288.70685,290.20685,284.50684,281.30682,276.20685,280.60684,285.30682,288.70685,291.70685,293.60684,296.50684,296.80682,298.60684,298.90683,298.00684,298.30682,297.10684,296.20685,296.60684,295.70685,296.20685,296.50684,297.10684,295.90683,296.50684,296.50684,296.20685,296.30682,296.10684,295.20685,294.00684,293.10684,295.70685,297.40683,301.20685,298.50684,297.80682,298.70685,299.10684,299.50684,299.60684,299.60684,299.70685,300.00684,300.00684,299.70685,299.50684,299.80682,300.40683,300.20685,299.80682
