nws-json/temp_20190820_18.f000.json
{"header": { "discipline":0, "disciplineName":"Meteorological products", "gribEdition":2, "gribLength":50114, "center":7, "centerName":"US National Weather Service - NCEP(WMC)", "subcenter":0, "refTime":"2019-08-20T18:00:00.000Z", "significanceOfRT":1, "significanceOfRTName":"Start of forecast", "productStatus":0, "productStatusName":"Operational products", "productType":1, "productTypeName":"Forecast products", "productDefinitionTemplate":0, "productDefinitionTemplateName":"Analysis/forecast at horizontal level/layer at a point in time", "parameterCategory":0, "parameterCategoryName":"Temperature", "parameterNumber":0, "parameterNumberName":"Temperature", "parameterUnit":"K", "genProcessType":2, "genProcessTypeName":"Forecast", "forecastTime":0, "surface1Type":1, "surface1TypeName":"Ground or water surface", "surface1Value":0.0, "surface2Type":255, "surface2TypeName":"Missing", "surface2Value":0.0, "gridDefinitionTemplate":0, "gridDefinitionTemplateName":"Latitude_Longitude", "numberPoints":65160, "shape":6, "shapeName":"Earth spherical with radius of 6,371,229.0 m", "gridUnits":"degrees", "resolution":48, "winds":"true", "scanMode":0, "nx":360, "ny":181, "basicAngle":0, "lo1":0.0, "la1":90.0, "lo2":359.0, "la2":-90.0, "dx":1.0, "dy":1.0 }, "data":
[rows 56 to 83 of 181, columns 0 to 61 of 360]
307.56488,306.06488,301.2649,306.9649,309.56488,309.6649,310.4649,308.3649,306.1649,303.7649,302.8649,301.7649,300.9649,300.8649,300.7649,300.8649,300.8649,300.56488,300.6649,300.4649,300.3649,299.9649,299.06488,298.6649,299.1649,299.3649,299.3649,298.8649,298.56488,298.8649,299.3649,299.9649,300.56488,300.9649,300.8649,301.06488,284.8649,290.2649,294.3649,297.4649,301.06488,301.56488,302.9649,301.8649,304.8649,304.1649,294.2649,294.2649,287.3649,288.7649,291.8649,288.1649,295.8649,294.3649,295.56488,292.3649,298.2649,291.9649,291.6649,288.6649,288.8649,295.9649
307.3649,306.2649,306.9649,308.1649,310.9649,311.7649,310.2649,308.06488,308.6649,305.8649,301.6649,300.06488,299.9649,300.9649,300.8649,300.8649,300.56488,300.4649,300.8649,300.6649,300.4649,300.2649,299.2649,298.9649,299.1649,299.4649,299.4649,299.7649,299.7649,299.56488,299.6649,300.06488,300.8649,301.06488,301.06488,301.7649,291.1649,294.8649,297.3649,297.3649,299.1649,301.6649,303.7649,305.2649,306.8649,305.3649,306.06488,299.2649,294.3649,290.8649,281.9649,287.1649,292.2649,287.56488,293.9649,290.56488,292.3649,292.9649,295.6649,287.56488,285.8649,296.2649
310.8649,310.4649,308.8649,309.9649,310.56488,311.06488,305.56488,307.1649,308.3649,305.6649,306.56488,303.1649,300.8649,296.3649,297.4649,297.56488,300.6649,300.4649,300.6649,300.3649,300.4649,294.1649,296.56488,294.1649,293.8649,298.06488,299.7649,299.9649,300.06488,300.06488,299.8649,300.06488,300.56488,300.9649,301.2649,293.3649,291.3649,296.3649,297.6649,296.56488,298.7649,302.2649,301.9649,303.6649,305.6649,305.7649,306.2649,305.9649,305.4649,303.7649,293.56488,285.6649,288.6649,295.06488,292.3649,293.6649,286.7649,295.06488,296.6649,292.9649,287.8649,298.56488
310.1649,307.1649,308.3649,306.7649,307.7649,308.1649,305.56488,306.9649,306.7649,305.56488,306.9649,302.3649,301.7649,298.6649,300.06488,297.9649,297.1649,296.06488,300.56488,300.06488,299.56488,296.06488,298.7649,299.6649,298.6649,295.06488,294.56488,293.7649,297.2649,300.7649,294.4649,295.4649,297.56488,299.3649,300.3649,293.6649,293.06488,297.2649,299.3649,296.6649,298.2649,301.6649,302.3649,301.06488,303.8649,303.1649,306.06488,305.56488,305.56488,306.2649,300.56488,286.06488,282.8649,286.06488,294.56488,287.56488,288.3649,286.2649,301.06488,296.56488,296.06488,300.4649
310.3649,311.1649,307.8649,307.1649,306.1649,306.6649,307.1649,306.56488,305.56488,304.9649,303.3649,301.4649,300.56488,299.3649,297.7649,298.6649,298.1649,297.4649,295.6649,295.9649,297.06488,298.06488,298.3649,299.8649,297.6649,298.56488,298.06488,299.3649,298.9649,295.9649,295.9649,299.8649,297.4649,294.7649,295.6649,297.56488,294.1649,296.56488,298.1649,300.7649,301.7649,302.4649,303.7649,303.06488,304.56488,303.4649,305.06488,304.6649,304.9649,304.2649,304.7649,298.06488,288.9649,288.4649,286.06488,293.8649,282.7649,285.56488,297.7649,300.4649,291.56488,298.1649
312.7649,310.4649,308.3649,306.4649,305.3649,305.9649,305.3649,305.2649,305.06488,303.9649,301.06488,299.7649,298.8649,298.1649,298.7649,298.3649,299.7649,299.4649,297.6649,298.2649,298.3649,299.9649,301.1649,300.3649,301.1649,301.1649,299.4649,300.8649,298.8649,299.4649,298.9649,300.56488,297.2649,300.2649,291.6649,295.6649,297.9649,298.2649,300.9649,300.7649,300.8649,301.3649,303.56488,302.9649,304.06488,304.2649,303.4649,303.4649,304.4649,304.56488,304.9649,301.2649,302.8649,294.9649,291.6649,288.7649,287.2649,292.06488,284.9649,299.7649,293.56488,287.56488
311.06488,310.2649,309.6649,308.56488,306.3649,304.1649,304.7649,304.06488,302.9649,302.3649,301.06488,299.3649,297.7649,298.56488,299.06488,299.4649,300.56488,298.6649,298.7649,298.1649,299.9649,301.2649,301.3649,299.2649,300.2649,301.4649,301.3649,301.1649,300.56488,299.9649,300.7649,299.3649,295.3649,296.2649,299.4649,303.4649,293.1649,297.4649,297.9649,296.4649,301.06488,303.7649,307.3649,302.3649,303.56488,304.4649,303.1649,303.9649,301.2649,304.9649,304.9649,305.56488,299.7649,306.56488,305.6649,306.56488,303.6649,302.56488,303.06488,297.6649,292.8649,290.06488
311.2649,310.56488,310.7649,310.4649,309.4649,307.06488,305.4649,303.8649,303.6649,302.7649,302.06488,301.4649,300.3649,300.1649,300.7649,300.6649,301.06488,305.9649,300.6649,300.1649,300.3649,301.4649,301.4649,300.8649,301.2649,302.2649,301.56488,302.4649,303.1649,301.06488,299.9649,299.9649,298.3649,298.9649,302.06488,303.1649,296.7649,294.3649,296.1649,295.9649,298.56488,302.06488,302.56488,304.8649,302.8649,303.1649,303.9649,304.1649,300.4649,302.8649,304.9649,305.6649,305.9649,306.4649,299.7649,303.56488,304.3649,302.3649,302.8649,306.9649,304.2649,297.1649
310.1649,312.2649,312.4649,312.4649,312.4649,308.4649,304.7649,302.7649,300.6649,300.2649,300.4649,301.8649,299.7649,299.7649,299.9649,301.06488,300.6649,301.2649,300.3649,299.56488,300.8649,300.06488,300.06488,301.4649,303.06488,303.1649,303.1649,303.6649,303.9649,301.6649,300.7649,300.6649,302.3649,302.06488,296.06488,302.4649,303.3649,296.8649,298.3649,296.8649,297.8649,302.9649,301.6649,303.3649,303.56488,302.8649,301.9649,300.6649,302.1649,303.9649,304.06488,305.8649,306.2649,306.3649,306.06488,305.56488,304.6649,303.9649,298.06488,301.6649,300.7649,302.3649
310.06488,312.9649,312.06488,312.56488,309.3649,308.2649,308.7649,299.4649,304.06488,302.1649,299.4649,302.7649,299.56488,299.9649,301.3649,301.1649,300.8649,300.4649,301.2649,300.8649,301.06488,301.8649,302.3649,303.56488,307.2649,303.7649,306.06488,306.06488,304.4649,304.4649,304.06488,303.2649,301.56488,305.2649,301.2649,302.3649,303.4649,303.56488,296.8649,301.3649,301.06488,301.06488,305.3649,302.56488,303.6649,303.06488,301.2649,300.6649,301.7649,301.8649,304.06488,304.1649,306.06488,306.2649,306.2649,305.7649,302.9649,303.1649,303.4649,302.8649,302.4649,302.1649
309.56488,309.8649,310.6649,310.9649,303.9649,305.7649,303.06488,298.1649,299.56488,303.4649,299.56488,300.8649,298.9649,301.3649,302.7649,302.1649,300.4649,301.7649,303.1649,302.8649,301.8649,303.2649,302.4649,306.3649,304.4649,306.06488,300.8649,301.8649,303.8649,303.7649,303.9649,303.7649,303.4649,306.06488,304.8649,298.4649,303.56488,303.6649,303.06488,299.56488,300.56488,302.8649,301.2649,301.56488,302.2649,301.7649,303.06488,298.56488,302.3649,306.7649,306.2649,304.3649,305.9649,304.06488,302.7649,305.06488,308.3649,301.6649,302.3649,302.06488,301.56488,300.8649
311.06488,310.3649,311.9649,307.9649,308.1649,306.1649,307.1649,299.1649,300.3649,304.9649,301.1649,300.6649,300.9649,302.7649,302.6649,302.9649,302.06488,303.3649,306.7649,305.56488,302.2649,302.7649,302.8649,302.3649,305.2649,303.4649,298.06488,305.2649,306.9649,308.8649,311.1649,311.56488,310.6649,306.6649,306.06488,301.1649,303.3649,303.4649,303.56488,303.4649,296.1649,302.8649,303.1649,303.4649,303.7649,303.6649,303.2649,301.8649,305.1649,309.7649,309.1649,309.3649,308.4649,311.4649,307.06488,310.9649,307.6649,305.7649,303.06488,299.2649,301.3649,300.06488
310.7649,312.7649,311.06488,308.3649,312.8649,307.7649,307.9649,302.8649,305.1649,303.4649,308.1649,304.06488,303.4649,301.1649,301.1649,301.8649,300.6649,301.1649,301.9649,296.1649,301.8649,303.3649,304.1649,306.8649,306.2649,307.6649,304.9649,307.1649,309.9649,309.1649,309.1649,309.56488,310.3649,310.6649,309.9649,307.3649,305.8649,303.4649,303.3649,303.3649,302.1649,301.6649,304.6649,305.6649,301.3649,301.9649,300.1649,302.8649,307.1649,309.9649,309.7649,309.2649,308.8649,310.4649,308.3649,306.7649,305.4649,302.9649,300.8649,299.3649,299.3649,300.56488
314.9649,313.56488,310.8649,309.6649,308.3649,308.56488,308.56488,307.2649,306.9649,305.7649,308.1649,304.4649,302.06488,300.56488,300.7649,302.6649,301.06488,297.1649,298.8649,302.7649,302.3649,302.3649,307.9649,307.1649,306.9649,308.2649,306.9649,309.8649,309.7649,309.4649,308.06488,312.6649,310.7649,310.6649,312.1649,307.1649,308.56488,307.06488,303.3649,303.2649,307.8649,302.4649,301.6649,307.9649,301.9649,303.4649,302.1649,304.56488,306.6649,307.9649,310.2649,313.2649,310.8649,311.56488,307.56488,309.56488,306.6649,298.8649,298.7649,297.3649,298.7649,299.7649
313.56488,313.3649,311.3649,309.9649,309.1649,308.56488,306.8649,306.8649,306.1649,302.7649,307.2649,303.56488,304.56488,299.06488,305.2649,304.8649,304.8649,302.06488,300.3649,302.2649,304.8649,307.4649,305.06488,304.9649,308.4649,306.8649,307.3649,306.7649,308.4649,309.2649,309.4649,311.06488,311.06488,312.2649,312.3649,309.7649,308.2649,308.3649,303.1649,302.9649,302.06488,311.2649,302.56488,304.1649,302.9649,304.56488,303.4649,304.6649,306.4649,310.7649,309.06488,309.6649,310.9649,310.1649,310.56488,307.8649,300.8649,297.1649,295.4649,296.6649,297.7649,298.6649
312.7649,312.7649,311.8649,310.4649,312.56488,311.4649,312.56488,313.2649,304.4649,300.8649,306.7649,306.1649,306.56488,304.9649,307.2649,307.9649,303.3649,302.3649,301.9649,301.1649,301.4649,303.06488,303.06488,305.7649,304.8649,306.8649,305.06488,306.2649,305.6649,308.8649,308.2649,310.06488,308.8649,308.2649,310.56488,308.8649,304.56488,305.9649,302.6649,302.56488,302.06488,301.7649,307.4649,301.9649,294.7649,302.2649,301.8649,307.4649,308.8649,310.6649,312.6649,309.7649,310.3649,310.06488,307.6649,303.06488,297.7649,297.06488,294.56488,296.06488,296.7649,298.2649
311.8649,312.06488,310.6649,310.3649,310.9649,310.2649,312.6649,313.56488,304.1649,300.9649,306.56488,307.3649,307.4649,305.3649,305.8649,304.9649,303.2649,302.1649,304.06488,303.56488,301.56488,300.4649,301.06488,302.06488,304.2649,308.3649,307.8649,306.9649,307.56488,307.2649,307.8649,310.06488,308.56488,307.1649,309.7649,306.3649,303.06488,301.1649,306.3649,302.9649,302.9649,302.1649,310.06488,300.1649,301.56488,303.06488,304.6649,307.8649,306.7649,308.6649,308.9649,305.06488,304.4649,305.56488,303.2649,299.9649,298.06488,294.06488,295.56488,296.06488,296.9649,298.56488
310.2649,310.4649,309.7649,309.6649,309.4649,310.4649,312.1649,311.9649,309.8649,306.4649,307.4649,303.8649,305.7649,304.9649,304.8649,305.3649,306.3649,305.7649,305.56488,304.8649,303.1649,302.3649,300.6649,300.6649,304.06488,307.4649,307.3649,306.06488,306.4649,306.06488,305.2649,307.56488,308.4649,308.3649,307.2649,306.9649,302.2649,303.06488,305.8649,305.56488,303.2649,302.3649,302.1649,308.56488,298.06488,300.7649,306.3649,303.6649,304.7649,305.4649,304.06488,299.8649,299.4649,300.4649,299.2649,297.6649,296.3649,296.4649,296.06488,296.06488,296.7649,298.4649
310.56488,308.8649,307.8649,308.2649,309.9649,307.9649,306.8649,305.3649,307.2649,307.2649,307.1649,306.06488,305.8649,304.6649,304.06488,304.1649,305.3649,304.3649,304.3649,304.4649,303.06488,303.3649,300.3649,301.56488,301.3649,305.4649,304.8649,305.06488,303.1649,301.3649,304.7649,303.9649,306.6649,305.3649,305.06488,304.56488,304.1649,302.8649,299.1649,308.7649,303.6649,302.9649,302.56488,308.2649,293.2649,302.3649,303.2649,304.56488,304.7649,308.4649,307.3649,302.4649,300.6649,296.56488,297.1649,296.9649,297.4649,297.4649,297.1649,297.06488,297.2649,298.4649
306.6649,307.2649,308.06488,308.1649,305.9649,306.1649,302.4649,304.4649,304.7649,304.9649,303.2649,304.3649,305.6649,303.56488,303.6649,300.56488,303.7649,303.9649,301.1649,300.1649,300.06488,299.9649,296.3649,302.2649,301.3649,302.3649,304.1649,304.3649,301.2649,302.1649,303.2649,303.1649,305.4649,302.6649,303.7649,302.9649,304.2649,298.56488,297.06488,292.2649,308.9649,303.4649,303.1649,307.2649,298.56488,299.56488,305.7649,303.06488,300.3649,300.3649,303.3649,297.1649,295.8649,295.4649,295.9649,296.7649,297.6649,297.9649,298.06488,297.9649,297.8649,297.9649
302.7649,304.1649,304.4649,304.2649,304.06488,301.9649,302.3649,302.1649,302.1649,300.4649,299.4649,299.2649,300.2649,301.56488,298.8649,301.1649,299.06488,300.4649,298.56488,297.8649,296.9649,296.56488,296.2649,298.56488,299.1649,303.3649,308.06488,305.9649,302.6649,300.4649,301.1649,300.9649,302.2649,302.1649,303.2649,302.2649,297.3649,293.56488,292.3649,290.7649,304.6649,303.2649,303.56488,302.9649,295.1649,299.1649,301.3649,304.06488,301.6649,298.6649,299.3649,299.2649,297.7649,297.4649,297.9649,298.56488,298.3649,298.06488,298.06488,298.1649,298.1649,298.1649
298.9649,300.06488,300.8649,299.3649,299.4649,297.7649,297.9649,297.06488,298.6649,299.06488,300.06488,299.56488,300.6649,298.3649,298.3649,299.8649,297.2649,297.3649,298.8649,299.3649,298.4649,296.8649,297.06488,297.7649,294.06488,301.6649,306.1649,305.7649,305.1649,300.6649,300.7649,298.56488,301.56488,300.56488,299.1649,297.06488,295.06488,292.2649,285.9649,294.1649,301.7649,310.8649,307.6649,303.9649,307.3649,307.06488,299.56488,299.56488,299.6649,299.9649,300.8649,301.7649,299.3649,297.9649,298.3649,298.8649,298.6649,298.4649,298.4649,298.8649,298.7649,298.56488
297.9649,296.8649,296.9649,297.7649,298.2649,297.2649,295.6649,295.1649,295.4649,297.56488,297.4649,298.8649,298.4649,299.8649,296.6649,297.6649,295.9649,297.3649,296.1649,295.2649,296.9649,296.3649,297.2649,296.7649,297.2649,299.8649,302.6649,304.56488,303.8649,297.1649,296.2649,294.6649,300.7649,300.7649,297.1649,295.9649,294.56488,299.9649,286.4649,286.9649,303.06488,307.06488,308.1649,304.6649,301.2649,300.4649,300.7649,300.7649,300.7649,300.1649,300.56488,301.7649,299.1649,297.56488,297.7649,298.2649,298.3649,298.6649,299.06488,299.2649,298.9649,299.06488
298.3649,297.3649,295.3649,295.56488,295.7649,295.6649,294.7649,294.3649,294.2649,294.2649,295.7649,296.7649,295.8649,296.06488,295.6649,296.4649,297.2649,297.06488,296.3649,295.2649,295.8649,296.3649,297.2649,296.8649,297.6649,298.1649,297.7649,300.1649,301.9649,297.2649,296.06488,296.2649,297.7649,296.8649,295.6649,294.4649,292.8649,284.3649,285.06488,281.4649,293.2649,307.3649,307.8649,307.7649,302.06488,301.3649,301.4649,305.06488,299.1649,304.2649,297.1649,300.56488,296.7649,297.56488,298.2649,298.2649,298.1649,299.06488,299.6649,299.4649,299.1649,299.6649
297.06488,296.9649,295.9649,295.6649,296.06488,295.2649,296.1649,294.8649,293.4649,292.2649,295.56488,296.4649,296.9649,294.2649,294.6649,295.06488,295.2649,294.9649,294.7649,295.06488,296.06488,296.6649,295.7649,295.4649,295.2649,295.7649,297.06488,298.6649,297.7649,296.4649,296.7649,295.9649,297.4649,296.8649,296.06488,290.9649,292.56488,285.8649,289.6649,288.6649,293.4649,305.2649,304.3649,298.56488,302.56488,301.4649,304.4649,303.4649,300.8649,301.4649,301.8649,296.3649,297.4649,297.9649,298.06488,297.56488,297.6649,298.9649,299.56488,299.2649,299.06488,299.6649
297.1649,295.56488,296.2649,295.56488,295.6649,296.3649,296.3649,296.2649,295.4649,293.9649,297.2649,297.4649,296.7649,295.3649,295.06488,294.56488,294.7649,294.7649,294.6649,295.4649,295.6649,296.6649,295.6649,294.2649,293.7649,293.56488,295.56488,298.2649,297.6649,296.7649,296.1649,297.06488,296.6649,296.2649,295.2649,288.6649,289.6649,288.3649,284.2649,284.6649,298.9649,288.3649,291.8649,295.8649,299.56488,302.1649,299.06488,302.7649,300.9649,299.3649,297.6649,297.7649,298.56488,298.56488,298.4649,297.9649,297.6649,298.8649,299.3649,299.1649,299.06488,299.6649
297.56488,296.06488,297.1649,296.7649,295.8649,294.56488,296.2649,296.6649,296.7649,297.1649,296.8649,296.2649,294.3649,293.4649,292.6649,293.56488,295.3649,294.6649,295.06488,295.06488,295.6649,293.9649,293.06488,293.4649,292.3649,292.9649,294.6649,294.8649,295.06488,297.6649,296.3649,297.1649,297.56488,296.7649,296.2649,287.9649,284.56488,286.4649,283.1649,287.2649,287.3649,298.7649,300.4649,299.7649,297.9649,298.56488,299.6649,300.7649,299.4649,298.6649,297.8649,298.6649,298.3649,298.4649,298.56488,298.3649,297.9649,298.9649,299.2649,299.4649,299.6649,299.9649
297.6649,296.8649,297.4649,296.8649,296.4649,295.4649,296.1649,296.4649,296.56488,297.9649,295.7649,291.06488,291.6649,292.4649,292.1649,292.2649,293.1649,293.3649,293.8649,295.06488,294.8649,294.6649,293.3649,293.3649,293.2649,293.7649,292.8649,294.2649,295.4649,296.06488,296.7649,295.06488,295.9649,296.4649,296.56488,290.1649,289.56488,286.9649,287.06488,281.8649,282.3649,295.4649,300.3649,301.1649,299.1649,299.1649,302.1649,304.2649,304.06488,299.2649,298.2649,298.6649,298.56488,298.7649,298.56488,298.3649,298.2649,299.06488,299.4649,299.9649,300.2649,300.4649
