nws-json/temp_20190821_06.f000.json
{"header": { "discipline":0, "disciplineName":"Meteorological products", "gribEdition":2, "gribLength":50002, "center":7, "centerName":"US National Weather Service - NCEP(WMC)", "subcenter":0, "refTime":"2019-08-21T06:00:00.000Z", "significanceOfRT":1, "significanceOfRTName":"Start of forecast", "productStatus":0, "productStatusName":"Operational products", "productType":1, "productTypeName":"Forecast products", "productDefinitionTemplate":0, "productDefinitionTemplateName":"Analysis/forecast at horizontal level/layer at a point in time", "parameterCategory":0, "parameterCategoryName":"Temperature", "parameterNumber":0, "parameterNumberName":"Temperature", "parameterUnit":"K", "genProcessType":2, "genProcessTypeName":"Forecast", "forecastTime":0, "surface1Type":1, "surface1TypeName":"Ground or water surface", "surface1Value":0.0, "surface2Type":255, "surface2TypeName":"Missing", "surface2Value":0.0, "gridDefinitionTemplate":0, "gridDefinitionTemplateName":"Latitude_Longitude", "numberPoints":65160, "shape":6, "shapeName":"Earth spherical with radius of 6,371,229.0 m", "gridUnits":"degrees", "resolution":48, "winds":"true", "scanMode":0, "nx":360, "ny":181, "basicAngle":0, "lo1":0.0, "la1":90.0, "lo2":359.0, "la2":-90.0, "dx":1.0, "dy":1.0 }, "data":
[rows 130 to 155 of 181, columns 300 to 359 of 360]
282.70172,281.30173,280.40173,279.30173,278.30173,280.80173,285.20172,288.10175,288.80173,288.70172,288.20172,287.30173,287.50174,286.50174,285.60175,284.80173,285.00174,284.50174,284.40173,284.60175,285.90173,286.80173,286.60175,285.60175,285.00174,285.30173,286.10175,286.50174,286.20172,285.90173,285.70172,285.50174,285.60175,285.80173,285.50174,284.70172,284.60175,284.40173,284.40173,284.80173,284.60175,284.10175,284.10175,284.00174,284.00174,283.80173,284.10175,283.90173,283.70172,283.50174,283.30173,283.00174,283.20172,283.40173,283.20172,282.70172,282.60175,282.60175,282.60175,282.70172
281.50174,279.80173,279.40173,278.50174,279.30173,283.90173,287.40173,288.10175,287.50174,287.10175,286.80173,286.00174,284.90173,283.80173,283.50174,283.50174,283.30173,283.40173,284.00174,284.70172,286.10175,287.00174,285.80173,284.80173,284.60175,284.00174,283.60175,284.40173,285.40173,285.50174,284.70172,283.40173,283.90173,285.40173,285.70172,284.90173,284.60175,284.50174,284.20172,284.20172,284.10175,283.60175,283.30173,283.30173,283.30173,283.10175,282.60175,282.90173,283.40173,283.00174,282.30173,282.30173,282.60175,282.60175,282.50174,282.30173,282.00174,282.10175,282.30173,282.60175
280.40173,279.20172,278.20172,277.90173,279.30173,282.50174,286.60175,287.30173,287.00174,286.40173,285.80173,284.70172,283.60175,283.00174,283.10175,282.70172,282.30173,282.20172,282.30173,283.10175,283.90173,284.60175,284.50174,284.00174,283.60175,282.50174,281.70172,282.20172,283.00174,283.10175,282.40173,281.10175,281.40173,283.60175,284.90173,284.00174,283.50174,283.70172,283.90173,283.50174,283.00174,282.50174,282.30173,282.30173,282.70172,282.90173,282.20172,282.30173,282.80173,282.70172,282.00174,282.20172,282.40173,282.20172,282.40173,282.20172,282.10175,282.10175,281.90173,282.10175
278.90173,277.80173,277.80173,278.60175,278.70172,281.50174,285.10175,285.50174,285.30173,284.90173,284.40173,283.10175,282.40173,282.60175,283.00174,282.60175,282.10175,281.70172,281.30173,281.70172,282.40173,283.10175,283.50174,283.00174,282.00174,280.40173,279.40173,280.00174,281.50174,282.40173,281.90173,281.60175,282.50174,283.30173,283.40173,282.70172,282.30173,282.20172,282.00174,281.60175,281.70172,282.20172,281.80173,281.00174,281.40173,281.70172,282.10175,282.10175,281.60175,281.50174,281.80173,282.00174,282.00174,281.60175,281.70172,281.60175,281.40173,281.20172,281.30173,281.50174
278.60175,277.30173,277.60175,278.40173,278.90173,280.90173,284.10175,284.80173,284.00174,283.10175,282.00174,281.40173,281.70172,282.10175,282.00174,281.70172,281.40173,281.00174,280.90173,281.70172,282.50174,282.60175,281.90173,280.80173,280.40173,280.20172,279.20172,278.40173,280.10175,282.10175,281.90173,280.70172,281.30173,281.80173,281.10175,281.30173,281.20172,281.30173,280.80173,280.20172,280.10175,280.60175,280.70172,280.10175,279.90173,280.10175,279.80173,280.10175,281.10175,281.60175,282.00174,281.70172,281.10175,280.40173,281.20172,281.80173,281.70172,281.40173,281.10175,281.00174
278.00174,276.90173,276.40173,277.50174,278.70172,279.50174,281.60175,283.30173,283.10175,282.30173,281.70172,281.30173,281.20172,281.00174,281.10175,281.00174,280.70172,280.20172,280.30173,280.70172,280.80173,280.20172,280.00174,280.20172,280.40173,280.20172,279.50174,278.40173,279.20172,280.70172,280.10175,279.00174,278.70172,278.70172,278.80173,279.50174,280.40173,280.70172,280.00174,279.40173,279.20172,279.20172,279.60175,279.60175,279.40173,278.70172,277.70172,277.30173,277.30173,278.00174,278.90173,278.90173,278.20172,277.80173,278.90173,280.40173,280.40173,280.20172,280.00174,279.30173
276.90173,276.10175,275.60175,276.50174,278.00174,278.90173,280.20172,281.50174,281.60175,281.30173,281.20172,281.50174,281.20172,280.80173,280.70172,280.70172,280.70172,280.50174,280.50174,280.50174,280.30173,280.00174,279.80173,280.30173,280.20172,279.60175,278.80173,278.40173,279.40173,280.30173,278.90173,277.30173,277.80173,278.50174,277.80173,277.70172,279.10175,279.10175,278.60175,278.10175,277.80173,277.80173,278.00174,278.00174,278.30173,277.90173,277.50174,276.60175,275.60175,276.00174,276.20172,275.90173,276.10175,276.30173,276.50174,276.30173,276.30173,276.40173,277.60175,277.50174
276.50174,275.90173,275.60175,276.20172,277.90173,279.60175,280.90173,281.60175,281.70172,281.30173,281.60175,282.10175,281.50174,280.40173,280.20172,280.70172,280.60175,280.00174,279.70172,279.50174,279.70172,279.60175,279.50174,279.70172,279.40173,279.10175,278.70172,277.90173,278.30173,279.20172,278.20172,276.80173,276.80173,276.90173,276.50174,275.80173,275.80173,275.90173,276.00174,276.20172,277.20172,278.40173,278.00174,277.00174,276.50174,276.90173,277.00174,276.40173,275.70172,275.60175,275.30173,274.90173,275.30173,275.20172,275.30173,275.70172,275.50174,275.30173,275.90173,276.00174
276.30173,276.10175,276.00174,276.20172,277.00174,278.30173,280.00174,281.10175,281.20172,280.70172,280.70172,280.90173,280.70172,279.60175,279.30173,280.20172,280.20172,279.60175,278.90173,278.70172,279.20172,279.50174,279.20172,278.80173,277.80173,277.20172,277.20172,276.40173,276.20172,276.10175,275.80173,275.20172,274.90173,275.00174,274.90173,275.10175,274.70172,274.20172,273.90173,274.60175,275.70172,276.50174,276.20172,275.40173,275.80173,276.50174,276.80173,276.20172,275.40173,275.20172,275.10175,274.70172,274.10175,274.20172,274.80173,275.80173,275.90173,275.70172,275.80173,275.80173
276.80173,276.60175,276.60175,276.80173,276.40173,276.00174,276.60175,278.20172,279.50174,279.10175,278.70172,278.00174,277.60175,277.10175,277.80173,278.40173,277.60175,276.10175,275.60175,276.00174,275.90173,275.40173,275.50174,274.60175,273.90173,274.10175,274.40173,274.50174,274.50174,274.70172,274.60175,274.60175,274.50174,274.40173,273.90173,274.10175,274.00174,274.00174,274.20172,274.40173,274.40173,274.30173,274.40173,274.60175,273.40173,275.30173,275.40173,275.30173,274.80173,274.60175,274.30173,273.80173,273.90173,274.00174,274.20172,274.70172,274.70172,274.70172,275.10175,275.60175
276.90173,276.60175,276.70172,276.50174,276.30173,276.10175,276.00174,275.50174,275.30173,275.30173,275.10175,275.20172,274.80173,274.50174,274.30173,274.20172,273.90173,273.80173,273.90173,273.40173,272.10175,272.60175,273.60175,273.50174,273.00174,273.00174,273.30173,273.70172,273.70172,273.70172,273.80173,273.60175,273.30173,273.50174,273.50174,273.90173,273.90173,273.50174,273.60175,274.10175,272.40173,274.40173,274.30173,274.60175,274.80173,274.90173,274.60175,274.20172,274.30173,272.30173,273.80173,273.60175,273.70172,273.40173,273.30173,273.20172,272.90173,272.90173,273.30173,273.70172
275.80173,275.90173,276.30173,276.50174,276.00174,275.70172,275.70172,275.10175,274.70172,274.70172,274.90173,275.30173,275.50174,275.00174,274.30173,273.90173,273.90173,273.70172,273.50174,272.50174,271.90173,272.30173,272.60175,272.70172,272.50174,272.70172,272.20172,272.30173,272.40173,272.80173,272.90173,272.50174,272.00174,272.40173,272.80173,273.40173,273.60175,273.30173,273.10175,273.40173,273.70172,273.70172,273.70172,273.70172,274.00174,274.50174,274.30173,273.80173,273.90173,273.70172,273.30173,273.20172,273.20172,273.00174,272.90173,272.80173,272.40173,272.60175,272.80173,273.30173
273.40173,273.00174,276.10175,276.20172,275.50174,275.20172,275.00174,274.80173,274.60175,274.90173,275.00174,274.90173,274.80173,274.50174,274.10175,273.70172,272.80173,272.30173,272.30173,272.30173,272.00174,272.00174,271.80173,271.50174,271.80173,272.20172,271.90173,271.70172,271.50174,271.70172,271.90173,271.50174,271.60175,272.10175,272.60175,272.90173,273.10175,273.20172,272.40173,273.20172,273.40173,273.50174,272.80173,273.40173,273.10175,273.80173,273.50174,273.30173,273.00174,273.00174,272.60175,271.90173,271.60175,271.80173,272.30173,272.20172,272.10175,272.70172,272.90173,273.10175
275.90173,276.00174,275.70172,275.50174,275.20172,275.00174,275.10175,275.10175,275.10175,275.40173,275.70172,275.30173,274.20172,273.40173,272.60175,271.90173,271.20172,271.20172,271.20172,271.40173,271.60175,271.60175,271.60175,271.50174,271.50174,272.00174,272.30173,271.80173,271.80173,271.90173,271.90173,271.90173,272.20172,272.10175,272.00174,272.20172,272.40173,272.40173,272.30173,272.30173,272.50174,272.90173,273.20172,273.20172,272.80173,272.80173,272.70172,272.40173,272.80173,272.40173,271.90173,271.40173,271.30173,271.70172,271.90173,272.10175,272.30173,272.10175,272.00174,272.00174
274.90173,274.80173,274.90173,275.40173,275.50174,275.40173,275.30173,275.50174,275.80173,275.80173,275.60175,274.90173,274.30173,274.20172,273.80173,273.00174,272.30173,271.30173,271.30173,271.20172,271.20172,271.20172,271.30173,271.30173,272.30173,271.90173,271.90173,271.50174,271.40173,271.30173,271.30173,271.20172,271.40173,271.60175,271.70172,271.80173,271.90173,271.70172,271.50174,271.50174,272.00174,272.40173,272.50174,272.50174,272.30173,272.30173,272.20172,272.10175,272.20172,272.20172,271.80173,271.60175,271.60175,271.60175,271.50174,271.60175,271.70172,271.80173,271.70172,271.60175
274.50174,274.40173,274.40173,274.70172,274.70172,274.80173,274.80173,275.00174,275.20172,275.00174,274.50174,273.80173,273.30173,273.00174,273.10175,273.10175,272.90173,272.40173,271.30173,271.30173,271.20172,271.20172,271.20172,272.10175,270.70172,272.10175,271.70172,271.30173,271.30173,271.20172,270.60175,271.20172,271.20172,271.20172,271.20172,271.20172,271.20172,271.20172,271.20172,271.20172,271.20172,271.30173,271.50174,271.40173,271.50174,271.50174,271.60175,271.60175,271.80173,271.90173,271.80173,271.50174,271.40173,271.20172,271.20172,271.20172,271.30173,271.30173,271.30173,271.50174
273.40173,273.80173,273.90173,273.50174,272.80173,272.60175,272.90173,273.50174,274.40173,274.50174,273.80173,273.00174,272.40173,271.80173,272.40173,272.80173,272.60175,272.20172,271.70172,271.30173,271.20172,271.20172,271.20172,271.20172,271.60175,271.70172,271.40173,271.40173,271.20172,271.20172,269.60175,265.60175,265.00174,264.90173,263.40173,271.20172,271.20172,271.20172,271.20172,271.20172,271.20172,271.20172,271.20172,271.20172,271.20172,271.20172,271.20172,271.20172,271.20172,271.40173,271.50174,271.40173,271.30173,271.20172,271.20172,271.20172,270.90173,270.60175,270.60175,269.80173
273.20172,272.30173,272.30173,271.80173,271.20172,271.20172,271.30173,271.90173,272.30173,272.30173,271.30173,271.20172,271.20172,271.40173,271.80173,272.10175,271.90173,271.70172,271.60175,269.60175,271.20172,271.20172,266.90173,271.20172,269.70172,271.70172,266.80173,269.50174,263.90173,263.50174,270.90173,264.50174,251.10173,248.70174,247.50174,250.10173,260.40173,263.90173,271.20172,271.20172,271.20172,271.20172,271.20172,271.20172,271.20172,271.20172,271.20172,271.20172,271.10175,268.60175,263.70172,266.20172,270.90173,270.10175,269.30173,268.70172,269.90173,268.70172,268.50174,268.50174
271.20172,271.20172,271.20172,271.20172,271.20172,271.20172,271.90173,272.20172,271.60175,271.40173,271.20172,271.20172,271.20172,270.20172,269.90173,269.90173,265.80173,266.80173,262.50174,261.30173,265.60175,262.20172,256.30173,255.90173,254.80173,255.90173,255.40173,252.50174,251.60173,253.50174,250.00174,249.90173,249.00174,248.00174,247.20174,247.10173,249.30173,259.50174,271.20172,269.10175,270.20172,271.20172,270.60175,271.10175,262.90173,258.30173,261.20172,262.30173,251.00174,252.80173,249.50174,253.20174,257.70172,269.60175,269.20172,267.80173,267.70172,268.60175,267.50174,267.70172
271.20172,271.20172,271.20172,271.20172,271.20172,271.20172,271.20172,271.20172,271.20172,270.00174,266.30173,265.70172,262.40173,266.50174,263.90173,261.50174,259.20172,258.80173,256.10175,255.80173,254.60173,253.90173,252.80173,251.60173,250.70174,250.00174,249.60173,249.20174,249.30173,248.70174,249.10173,248.90173,249.00174,248.70174,248.60173,248.60173,249.40173,259.90173,253.60173,249.10173,249.10173,249.30173,248.20174,244.70174,241.10173,239.80173,239.80173,238.00174,237.60173,237.50174,244.60173,250.60173,257.00174,268.30173,268.40173,267.70172,266.70172,267.90173,266.80173,266.30173
270.90173,270.40173,271.20172,271.20172,270.30173,271.00174,269.70172,269.50174,269.00174,264.60175,261.30173,260.30173,259.40173,258.60175,261.90173,257.20172,255.80173,255.50174,254.70174,252.00174,251.30173,250.00174,249.60173,247.20174,246.50174,245.80173,246.20174,247.10173,247.10173,246.70174,247.40173,247.20174,247.10173,246.70174,247.10173,247.30173,247.10173,245.70174,246.80173,246.70174,246.40173,245.40173,244.60173,243.30173,239.90173,238.50174,237.50174,237.40173,237.00174,237.70174,240.20174,249.00174,254.20174,263.70172,268.70172,268.40173,266.90173,267.10175,266.70172,266.20172
270.50174,271.10175,271.20172,270.10175,267.80173,268.80173,262.10175,262.80173,264.30173,263.30173,261.80173,257.80173,256.80173,254.40173,254.60173,254.60173,253.90173,252.40173,249.80173,248.70174,247.80173,246.50174,245.20174,244.90173,244.40173,244.40173,244.50174,245.20174,245.50174,245.40173,244.70174,244.40173,243.70174,243.90173,244.10173,244.20174,243.20174,242.40173,242.40173,242.60173,243.20174,243.70174,242.80173,240.90173,238.20174,237.70174,236.50174,236.10173,236.20174,235.60173,239.60173,247.30173,253.00174,256.80173,268.50174,268.20172,267.10175,267.90173,267.10175,264.90173
271.20172,270.90173,260.70172,263.90173,260.80173,261.10175,260.00174,258.90173,257.20172,255.70174,254.60173,254.40173,252.20174,252.80173,251.10173,251.30173,249.30173,247.90173,247.10173,245.90173,244.50174,244.10173,243.30173,243.50174,244.40173,244.20174,245.10173,245.40173,244.50174,243.90173,244.80173,244.40173,241.70174,240.90173,238.30173,237.50174,234.40173,235.80173,235.90173,236.30173,236.20174,236.10173,235.10173,235.20174,235.30173,235.20174,235.20174,236.00174,235.80173,236.40173,241.80173,247.70174,253.60173,256.90173,267.50174,267.50174,267.60175,268.20172,267.20172,265.40173
266.70172,264.40173,264.00174,264.40173,266.90173,263.20172,258.10175,256.50174,255.00174,252.40173,251.50174,250.50174,249.00174,248.60173,247.50174,247.60173,246.50174,245.60173,245.70174,243.90173,243.40173,243.60173,244.50174,242.60173,241.30173,242.50174,243.40173,244.20174,246.60173,244.70174,240.30173,238.50174,235.40173,233.70174,234.00174,236.00174,237.40173,240.30173,243.70174,244.90173,246.10173,247.00174,243.90173,241.60173,240.50174,239.70174,237.60173,237.00174,236.70174,240.40173,245.80173,251.80173,254.50174,258.70172,266.90173,267.60175,267.80173,267.50174,267.50174,267.30173
259.50174,257.50174,259.70172,260.70172,258.20172,258.20172,256.70172,254.10173,252.70174,251.20174,250.00174,248.10173,247.30173,246.30173,246.30173,244.70174,243.60173,243.50174,242.90173,242.90173,242.70174,242.10173,240.20174,239.60173,239.00174,239.40173,239.70174,240.90173,240.70174,238.60173,235.90173,234.00174,233.80173,234.40173,235.90173,238.40173,240.00174,241.10173,242.00174,243.30173,245.30173,247.80173,250.20174,251.00174,248.80173,243.60173,241.70174,239.60173,241.10173,246.30173,251.10173,254.00174,256.40173,261.90173,267.30173,268.60175,267.40173,264.00174,262.10175,258.70172
258.70172,260.10175,262.60175,261.30173,257.30173,255.70174,253.60173,252.40173,250.90173,249.50174,247.70174,245.80173,245.40173,244.60173,244.20174,243.40173,242.90173,241.90173,242.00174,242.20174,243.00174,240.80173,238.50174,237.80173,236.70174,236.40173,236.00174,235.90173,235.50174,233.90173,234.00174,234.00174,234.30173,234.80173,236.90173,237.20174,238.60173,240.40173,240.90173,243.00174,245.00174,246.80173,249.20174,251.40173,250.80173,249.20174,249.00174,249.00174,251.10173,252.30173,254.70174,256.80173,261.80173,261.20172,260.00174,258.70172,257.70172,255.80173,255.40173,253.70174
