nws-json/temp2019082100.f000.json
{"header": { "discipline":0, "disciplineName":"Meteorological products", "gribEdition":2, "gribLength":49984, "center":7, "centerName":"US National Weather Service - NCEP(WMC)", "subcenter":0, "refTime":"2019-08-21T00:00:00.000Z", "significanceOfRT":1, "significanceOfRTName":"Start of forecast", "productStatus":0, "productStatusName":"Operational products", "productType":1, "productTypeName":"Forecast products", "productDefinitionTemplate":0, "productDefinitionTemplateName":"Analysis/forecast at horizontal level/layer at a point in time", "parameterCategory":0, "parameterCategoryName":"Temperature", "parameterNumber":0, "parameterNumberName":"Temperature", "parameterUnit":"K", "genProcessType":2, "genProcessTypeName":"Forecast", "forecastTime":0, "surface1Type":1, "surface1TypeName":"Ground or water surface", "surface1Value":0.0, "surface2Type":255, "surface2TypeName":"Missing", "surface2Value":0.0, "gridDefinitionTemplate":0, "gridDefinitionTemplateName":"Latitude_Longitude", "numberPoints":65160, "shape":6, "shapeName":"Earth spherical with radius of 6,371,229.0 m", "gridUnits":"degrees", "resolution":48, "winds":"true", "scanMode":0, "nx":360, "ny":181, "basicAngle":0, "lo1":0.0, "la1":90.0, "lo2":359.0, "la2":-90.0, "dx":1.0, "dy":1.0 }, "data":
[rows 130 to 155 of 181, columns 300 to 359 of 360]
282.55023,281.25024,280.55023,279.65024,278.35025,280.85025,285.15024,288.05023,288.85025,288.75024,288.25024,287.45026,287.55023,286.65024,285.75024,285.05023,285.15024,284.75024,284.65024,284.75024,285.85025,286.95026,286.65024,285.55023,285.05023,285.35025,286.25024,286.55023,286.35025,286.05023,285.95026,285.75024,285.85025,285.95026,285.45026,284.75024,284.65024,284.45026,284.45026,284.75024,284.45026,284.15024,284.15024,284.15024,284.05023,283.85025,284.05023,283.95026,283.75024,283.55023,283.35025,283.05023,283.15024,283.45026,283.25024,282.85025,282.75024,282.75024,282.65024,282.85025
281.15024,279.75024,279.45026,278.65024,279.35025,284.05023,287.55023,288.25024,287.55023,287.15024,286.75024,286.05023,285.15024,284.15024,283.85025,283.75024,283.55023,283.55023,284.15024,284.75024,286.15024,286.95026,285.75024,284.85025,284.55023,284.05023,283.65024,284.55023,285.45026,285.55023,284.85025,283.55023,284.05023,285.45026,285.75024,285.05023,284.75024,284.55023,284.15024,284.15024,284.15024,283.85025,283.45026,283.35025,283.35025,283.05023,282.65024,282.85025,283.25024,283.05023,282.25024,282.25024,282.55023,282.65024,282.65024,282.45026,282.05023,282.15024,282.35025,282.55023
280.25024,279.25024,278.35025,278.05023,279.45026,282.65024,286.75024,287.35025,287.15024,286.55023,285.95026,284.85025,283.85025,283.25024,283.15024,282.85025,282.35025,282.25024,282.45026,283.15024,283.95026,284.65024,284.55023,284.05023,283.75024,282.55023,281.75024,282.25024,283.05023,283.25024,282.45026,281.25024,281.55023,283.75024,284.95026,284.15024,283.65024,283.85025,284.05023,283.55023,283.15024,282.65024,282.35025,282.35025,282.65024,282.85025,282.25024,282.15024,282.65024,282.55023,281.95026,282.25024,282.45026,282.25024,282.45026,282.35025,282.15024,282.15024,281.85025,282.05023
278.85025,277.95026,277.85025,278.75024,278.85025,281.55023,285.15024,285.65024,285.35025,284.95026,284.45026,283.05023,282.45026,282.75024,283.15024,282.65024,282.25024,281.75024,281.35025,281.75024,282.35025,283.05023,283.55023,283.15024,282.05023,280.45026,279.45026,280.05023,281.55023,282.55023,282.05023,281.65024,282.65024,283.35025,283.55023,282.75024,282.35025,282.25024,282.15024,281.75024,281.85025,282.25024,281.85025,281.05023,281.45026,281.65024,282.05023,281.95026,281.55023,281.45026,281.75024,281.95026,282.05023,281.65024,281.85025,281.85025,281.55023,281.35025,281.35025,281.55023
278.65024,277.35025,277.75024,278.25024,278.85025,280.85025,284.05023,284.85025,284.05023,283.05023,281.95026,281.45026,281.75024,282.05023,282.05023,281.75024,281.35025,280.95026,280.95026,281.75024,282.45026,282.55023,281.95026,280.85025,280.45026,280.15024,279.25024,278.55023,280.15024,282.15024,281.85025,280.85025,281.35025,281.85025,281.25024,281.25024,281.25024,281.35025,280.85025,280.25024,280.15024,280.65024,280.85025,280.15024,279.95026,280.05023,279.75024,279.95026,281.05023,281.45026,281.85025,281.65024,281.05023,280.45026,281.35025,282.05023,282.05023,281.55023,281.15024,281.05023
277.95026,276.65024,276.55023,277.35025,278.65024,279.55023,281.65024,283.25024,283.05023,282.35025,281.65024,281.35025,281.15024,281.05023,281.05023,281.05023,280.75024,280.15024,280.25024,280.75024,280.65024,280.25024,279.95026,280.15024,280.35025,280.15024,279.45026,278.35025,279.15024,280.75024,280.05023,279.05023,278.75024,278.75024,278.85025,279.55023,280.45026,280.75024,280.15024,279.45026,279.25024,279.25024,279.65024,279.75024,279.55023,278.75024,277.65024,277.25024,277.25024,277.85025,278.75024,278.85025,278.15024,277.85025,279.25024,280.75024,280.75024,280.45026,280.15024,279.45026
276.85025,276.15024,275.75024,276.75024,277.95026,278.85025,280.15024,281.45026,281.55023,281.25024,281.25024,281.45026,281.25024,280.85025,280.65024,280.65024,280.55023,280.45026,280.45026,280.45026,280.25024,279.85025,279.75024,280.15024,280.25024,279.55023,278.85025,278.35025,279.35025,280.25024,278.85025,277.25024,277.75024,278.45026,277.85025,277.75024,279.25024,279.15024,278.75024,278.15024,277.85025,277.85025,278.05023,278.05023,278.35025,277.95026,277.55023,276.55023,275.55023,275.85025,276.05023,275.85025,275.95026,276.35025,276.65024,276.45026,276.45026,276.45026,277.65024,277.55023
276.55023,275.85025,275.85025,276.25024,277.85025,279.45026,280.85025,281.45026,281.65024,281.35025,281.65024,282.05023,281.55023,280.55023,280.25024,280.75024,280.55023,280.05023,279.55023,279.45026,279.65024,279.55023,279.45026,279.75024,279.45026,279.05023,278.65024,277.95026,278.35025,279.15024,278.15024,276.75024,276.75024,276.95026,276.55023,275.75024,275.95026,275.95026,276.05023,276.25024,277.35025,278.45026,278.05023,277.05023,276.65024,276.95026,277.05023,276.35025,275.65024,275.55023,275.15024,274.85025,275.25024,275.25024,275.25024,275.75024,275.55023,275.45026,276.05023,276.15024
276.65024,276.35025,276.25024,276.35025,277.15024,278.25024,279.95026,281.05023,281.15024,280.65024,280.75024,280.85025,280.75024,279.65024,279.25024,280.15024,280.25024,279.55023,278.85025,278.65024,279.05023,279.35025,279.05023,278.75024,277.75024,277.15024,277.15024,276.35025,276.05023,276.05023,275.75024,275.05023,274.85025,274.95026,274.85025,275.05023,274.65024,274.25024,273.95026,274.75024,275.85025,276.65024,276.35025,275.45026,275.85025,276.55023,276.85025,276.05023,275.25024,275.05023,274.95026,274.45026,274.05023,274.25024,274.85025,275.95026,276.05023,275.95026,275.95026,275.95026
277.05023,276.75024,276.85025,276.85025,276.45026,276.15024,276.65024,278.25024,279.45026,279.25024,278.75024,278.05023,277.65024,277.15024,277.85025,278.35025,277.55023,276.05023,275.55023,275.95026,275.85025,275.45026,275.35025,274.55023,273.85025,274.05023,274.35025,274.45026,274.55023,274.75024,274.65024,274.55023,274.45026,274.35025,273.85025,273.95026,273.95026,274.05023,274.35025,274.55023,274.55023,274.45026,274.45026,274.85025,273.45026,275.25024,275.35025,275.25024,274.75024,274.55023,274.15024,273.75024,273.85025,274.15024,274.25024,274.75024,274.85025,274.85025,275.25024,275.75024
277.05023,276.85025,276.75024,276.65024,276.35025,276.15024,276.05023,275.55023,275.25024,275.25024,275.25024,275.25024,274.95026,274.65024,274.45026,274.35025,273.95026,273.85025,273.95026,273.45026,272.15024,272.55023,273.55023,273.45026,272.95026,272.95026,273.15024,273.65024,273.65024,273.65024,273.75024,273.45026,273.25024,273.55023,273.45026,273.85025,273.85025,273.45026,273.65024,274.15024,273.05023,274.45026,274.45026,274.75024,274.85025,274.85025,274.55023,274.25024,274.25024,272.15024,273.65024,273.45026,273.45026,273.35025,273.25024,273.35025,273.05023,272.95026,273.45026,273.85025
276.05023,276.15024,276.45026,276.55023,276.15024,275.85025,275.75024,275.15024,274.75024,274.75024,274.95026,275.35025,275.55023,275.15024,274.35025,274.05023,273.85025,273.75024,273.55023,272.55023,271.95026,272.35025,272.55023,272.65024,272.35025,272.55023,272.15024,272.15024,272.35025,272.75024,272.85025,272.45026,271.95026,272.35025,272.75024,273.35025,273.55023,273.25024,273.05023,273.45026,273.85025,273.95026,273.85025,273.95026,274.15024,274.65024,274.35025,273.95026,273.95026,273.65024,273.25024,273.05023,273.05023,272.55023,272.85025,272.75024,272.55023,272.75024,272.95026,273.35025
274.15024,273.95026,276.15024,276.25024,275.65024,275.25024,275.15024,274.85025,274.65024,275.05023,275.15024,274.95026,274.85025,274.55023,274.15024,273.75024,272.85025,272.45026,272.35025,272.25024,271.95026,271.95026,271.75024,271.45026,271.75024,272.05023,271.75024,271.55023,271.35025,271.55023,271.75024,271.45026,271.45026,272.05023,272.55023,272.75024,273.05023,273.05023,272.35025,273.15024,273.55023,273.75024,272.95026,273.65024,273.35025,273.95026,273.65024,273.25024,273.05023,273.05023,272.65024,271.95026,271.55023,271.75024,272.05023,272.15024,272.15024,272.95026,273.05023,273.15024
276.15024,276.05023,275.85025,275.55023,275.35025,275.15024,275.15024,275.15024,275.15024,275.45026,275.75024,275.35025,274.25024,273.45026,272.65024,271.95026,271.25024,271.15024,271.15024,271.45026,271.65024,271.65024,271.65024,271.45026,271.45026,271.95026,271.95026,271.45026,271.65024,271.75024,271.75024,271.75024,272.05023,271.95026,271.95026,272.15024,272.35025,272.35025,272.25024,272.25024,272.55023,272.95026,273.35025,273.35025,273.05023,273.05023,272.85025,272.65024,272.85025,272.65024,272.05023,271.55023,271.35025,271.55023,271.85025,272.05023,272.25024,272.25024,272.15024,272.05023
274.95026,274.85025,275.15024,275.55023,275.55023,275.55023,275.45026,275.65024,275.85025,275.85025,275.75024,274.95026,274.35025,274.15024,273.75024,272.95026,272.25024,271.25024,271.15024,271.15024,271.15024,271.25024,271.25024,271.35025,272.25024,271.75024,271.55023,271.15024,271.15024,271.15024,271.15024,271.15024,271.35025,271.45026,271.55023,271.65024,271.85025,271.75024,271.45026,271.45026,271.95026,272.45026,272.55023,272.65024,272.45026,272.45026,272.45026,272.25024,272.35025,272.25024,271.95026,271.65024,271.55023,271.55023,271.45026,271.55023,271.65024,271.65024,271.75024,271.65024
274.55023,274.55023,274.65024,274.85025,274.95026,274.95026,274.95026,275.15024,275.35025,275.05023,274.55023,273.75024,273.35025,273.05023,273.05023,273.05023,272.85025,272.25024,271.25024,271.15024,271.15024,271.15024,271.25024,272.15024,271.05023,272.15024,271.55023,271.15024,271.15024,271.15024,270.35025,271.15024,271.15024,271.15024,271.15024,271.15024,271.15024,271.15024,271.15024,271.15024,271.15024,271.35025,271.55023,271.55023,271.65024,271.65024,271.85025,271.95026,272.05023,272.05023,271.85025,271.55023,271.35025,271.25024,271.15024,271.15024,271.25024,271.25024,271.35025,271.45026
273.35025,273.85025,273.95026,273.55023,272.85025,272.75024,273.05023,273.65024,274.55023,274.55023,273.85025,272.95026,272.35025,271.65024,272.25024,272.45026,272.45026,272.05023,271.65024,271.25024,271.15024,271.15024,271.15024,271.25024,271.65024,271.65024,271.45026,271.35025,271.15024,271.15024,269.05023,264.05023,263.75024,263.55023,260.45026,271.15024,271.15024,271.15024,271.15024,271.15024,271.15024,271.15024,271.15024,271.15024,271.15024,271.15024,271.15024,271.15024,271.45026,271.65024,271.55023,271.35025,271.25024,271.15024,271.15024,271.15024,270.85025,270.75024,270.65024,270.25024
273.05023,272.35025,272.45026,271.75024,271.15024,271.15024,271.45026,272.05023,272.45026,272.35025,271.35025,271.15024,271.15024,271.35025,271.65024,271.75024,271.55023,271.55023,271.55023,270.75024,271.15024,271.15024,269.95026,271.15024,270.75024,271.85025,268.65024,270.05023,264.85025,263.55023,270.95026,263.15024,249.15024,245.95024,245.85025,249.35025,259.75024,263.45026,271.15024,271.15024,271.15024,271.15024,271.15024,271.15024,271.15024,271.15024,271.15024,271.15024,271.25024,271.15024,270.65024,270.65024,270.65024,269.85025,268.95026,267.85025,269.35025,267.05023,266.15024,267.55023
271.15024,271.15024,271.15024,271.15024,271.15024,271.15024,272.15024,272.35025,271.75024,271.45026,271.25024,271.25024,271.25024,270.95026,270.95026,270.95026,269.15024,269.25024,267.55023,266.55023,268.05023,265.95026,262.05023,260.65024,259.15024,259.25024,258.45026,254.45024,252.15024,253.15024,248.05025,246.75024,246.35025,245.15024,243.75024,243.95024,246.55025,258.25024,271.15024,268.95026,270.05023,271.15024,270.25024,271.05023,260.65024,258.15024,262.25024,265.65024,262.35025,270.05023,270.05023,269.75024,269.35025,269.15024,269.05023,266.95026,265.65024,267.95026,267.05023,266.65024
271.15024,271.15024,271.15024,271.15024,271.15024,271.15024,271.15024,271.15024,271.15024,270.55023,268.35025,268.35025,266.35025,268.75024,267.15024,265.25024,263.65024,263.65024,261.55023,260.85025,260.15024,259.15024,257.85025,256.15024,253.95024,252.75024,251.55025,249.95024,249.25024,248.05025,247.45024,246.95024,246.55025,245.15024,244.35025,243.95024,245.05025,258.05023,251.75024,246.45024,244.05025,242.45024,241.25024,240.45024,238.45024,237.55025,243.35025,246.85025,253.35025,256.35025,259.75024,269.25024,269.15024,268.85025,268.75024,268.45026,269.15024,268.65024,267.35025,265.75024
271.05023,270.85025,271.15024,271.15024,270.65024,271.05023,270.35025,270.15024,269.85025,267.05023,264.75024,264.05023,263.55023,262.85025,265.15024,262.15024,261.75024,261.05023,261.55023,260.35025,258.75024,256.65024,255.15024,252.75024,251.05025,249.75024,248.85025,248.55025,248.15024,247.35025,247.25024,246.65024,246.15024,246.15024,246.25024,245.95024,245.55025,243.75024,244.55025,243.35025,242.25024,239.85025,238.25024,236.95024,236.45024,236.85025,237.85025,242.55025,248.75024,253.95024,256.55023,263.45026,268.85025,269.05023,268.95026,269.15024,269.15024,268.65024,267.85025,266.65024
269.95026,271.05023,271.15024,270.15024,268.45026,269.25024,265.15024,266.75024,267.25024,266.45026,265.65024,262.95026,261.85025,260.05023,260.55023,261.05023,260.85025,260.35025,258.65024,256.75024,255.55025,253.55025,251.75024,250.55025,249.15024,248.05025,247.15024,247.95024,247.85025,248.15024,247.35025,246.95024,245.85025,245.45024,245.75024,245.85025,245.15024,243.55025,242.45024,241.75024,240.05025,236.25024,235.05025,235.05025,235.25024,236.25024,237.55025,241.05025,244.55025,250.05025,254.15024,256.95026,267.55023,268.65024,268.95026,268.75024,268.85025,268.45026,268.15024,267.75024
271.15024,269.75024,264.65024,267.35025,264.75024,263.95026,263.75024,263.15024,261.95026,261.25024,260.45026,259.85025,258.45026,259.25024,258.25024,258.05023,256.55023,254.95024,253.65024,253.25024,251.65024,250.45024,248.75024,247.65024,247.75024,247.55025,247.85025,247.35025,247.15024,246.75024,245.95024,246.15024,244.65024,244.45024,243.55025,243.25024,242.75024,242.85025,241.75024,236.45024,234.85025,234.95024,235.05025,236.05025,237.25024,237.75024,239.35025,242.45024,245.35025,248.65024,253.05025,256.55023,262.35025,268.95026,268.95026,269.25024,270.35025,268.95026,265.65024,260.45026
268.15024,266.55023,267.05023,267.35025,266.45026,265.55023,262.05023,260.15024,259.55023,257.55023,257.05023,256.45026,255.55025,254.85025,253.25024,252.95024,251.65024,251.05025,251.05025,249.25024,248.25024,247.85025,248.55025,248.15024,246.75024,246.55025,246.15024,246.45024,246.65024,245.55025,245.25024,244.25024,243.75024,242.75024,242.05025,241.45024,239.95024,234.45024,233.85025,235.15024,237.45024,239.45024,241.05025,245.35025,249.05025,249.05025,248.15024,249.95024,249.45024,250.05025,252.75024,257.65024,262.55023,268.45026,264.15024,262.55023,258.75024,257.05023,256.15024,254.65024
256.75024,262.05023,265.55023,261.55023,261.85025,260.35025,257.95026,256.95026,256.45026,255.35025,254.65024,253.45024,252.25024,250.45024,249.75024,248.25024,247.85025,247.85025,247.35025,247.05025,246.25024,245.25024,245.15024,245.45024,245.05025,244.85025,244.65024,245.05025,245.35025,245.25024,244.85025,244.05025,243.15024,241.85025,239.95024,236.25024,233.15024,232.65024,235.55025,238.25024,243.05025,245.75024,246.75024,248.75024,251.85025,251.95024,252.05025,252.65024,254.55025,255.65024,256.85025,261.25024,257.95026,257.15024,255.65024,254.55025,253.25024,251.85025,250.85025,248.65024
260.45026,262.45026,265.05023,261.95026,257.85025,255.85025,255.65024,255.05025,253.85025,252.75024,251.35025,250.25024,249.25024,247.65024,247.15024,246.65024,246.45024,245.75024,244.85025,244.35025,244.35025,243.65024,243.65024,243.45024,243.95024,245.25024,245.85025,246.15024,246.65024,246.65024,246.55025,243.75024,241.35025,236.95024,234.75024,232.15024,232.45024,234.15024,236.35025,240.05025,243.15024,243.85025,245.25024,246.65024,249.25024,250.45024,251.45024,252.15024,252.15024,253.25024,253.35025,253.15024,252.35025,252.05025,251.65024,250.55025,249.55025,247.15024,246.35025,244.85025
