nws-json/temp_20190823_00.f000.json
{"header": { "discipline":0, "disciplineName":"Meteorological products", "gribEdition":2, "gribLength":49979, "center":7, "centerName":"US National Weather Service - NCEP(WMC)", "subcenter":0, "refTime":"2019-08-23T00:00:00.000Z", "significanceOfRT":1, "significanceOfRTName":"Start of forecast", "productStatus":0, "productStatusName":"Operational products", "productType":1, "productTypeName":"Forecast products", "productDefinitionTemplate":0, "productDefinitionTemplateName":"Analysis/forecast at horizontal level/layer at a point in time", "parameterCategory":0, "parameterCategoryName":"Temperature", "parameterNumber":0, "parameterNumberName":"Temperature", "parameterUnit":"K", "genProcessType":2, "genProcessTypeName":"Forecast", "forecastTime":0, "surface1Type":1, "surface1TypeName":"Ground or water surface", "surface1Value":0.0, "surface2Type":255, "surface2TypeName":"Missing", "surface2Value":0.0, "gridDefinitionTemplate":0, "gridDefinitionTemplateName":"Latitude_Longitude", "numberPoints":65160, "shape":6, "shapeName":"Earth spherical with radius of 6,371,229.0 m", "gridUnits":"degrees", "resolution":48, "winds":"true", "scanMode":0, "nx":360, "ny":181, "basicAngle":0, "lo1":0.0, "la1":90.0, "lo2":359.0, "la2":-90.0, "dx":1.0, "dy":1.0 }, "data":
[rows 68 to 101 of 181, columns 154 to 230 of 360]
303.1,303.2,302.7,303.1,302.9,302.8,302.7,303.0,303.1,303.0,302.7,302.6,302.7,302.8,302.8,302.9,302.8,302.7,302.6,302.6,302.5,302.4,302.3,302.2,302.2,302.2,302.0,301.7,301.9,301.9,301.7,301.8,301.8,301.6,301.5,301.7,301.6,301.5,301.4,301.5,301.6,301.5,301.3,301.1,300.9,301.0,301.6,301.1,300.3,300.6,300.7,300.6,300.3,300.6,300.5,300.1,299.9,299.5,298.9,298.9,298.9,298.9,298.8,298.3,297.8,297.9,297.7,297.5,297.1,296.9,296.9,296.7,296.8,296.8,296.8,297.2,297.5
303.1,303.0,303.4,303.6,303.4,303.4,303.3,303.3,302.8,302.7,302.7,302.7,302.7,302.8,302.8,302.9,302.8,302.7,302.5,302.4,302.6,302.5,302.3,302.2,302.2,302.1,302.1,301.9,302.0,301.8,301.8,302.0,302.1,301.8,301.8,302.0,302.0,301.7,301.6,301.6,301.7,301.7,301.5,301.3,301.1,301.3,301.5,301.6,301.1,306.0,300.8,300.7,300.6,300.6,300.2,300.0,299.9,299.6,299.0,298.9,299.1,299.1,298.8,298.2,297.8,298.0,298.0,297.5,297.0,297.2,297.3,297.4,297.5,297.8,297.9,298.0,297.7
303.6,303.8,303.5,303.5,303.4,303.4,303.3,303.1,302.7,302.4,302.5,302.7,302.5,302.7,302.7,302.7,302.4,302.4,302.4,302.4,302.5,302.4,302.3,302.3,302.3,302.3,302.3,302.1,302.1,302.1,302.1,302.3,302.2,302.0,302.0,302.1,302.0,302.0,301.9,301.9,301.8,301.8,301.6,301.6,301.5,301.6,301.6,301.4,301.8,301.2,301.6,301.1,300.7,300.7,300.3,299.8,299.7,299.5,299.3,299.2,299.5,299.1,298.6,298.3,298.3,298.5,298.4,298.1,298.0,298.0,298.1,298.4,298.6,298.6,298.4,298.1,297.6
303.5,303.3,303.2,303.4,303.4,303.3,303.0,302.8,302.4,302.4,302.5,302.5,302.3,302.3,302.4,302.4,302.1,302.3,302.4,302.3,302.2,302.2,302.2,302.2,302.2,302.3,302.3,302.2,302.2,302.0,302.1,302.3,302.4,302.2,302.2,302.1,302.1,302.1,301.9,301.7,301.7,301.6,301.6,301.6,301.6,301.6,301.5,301.1,300.8,302.1,301.7,300.4,300.5,300.5,300.3,300.0,299.6,299.6,299.7,299.8,300.0,299.4,299.0,298.9,298.8,298.8,298.9,299.2,299.1,298.9,298.9,299.0,299.2,298.8,298.6,298.1,298.1
303.2,303.2,303.1,303.1,303.1,302.9,302.8,302.7,302.4,302.3,302.3,302.3,302.1,302.1,302.1,302.1,302.1,302.2,302.2,302.1,302.0,302.0,302.0,302.1,302.2,302.3,302.1,302.1,302.1,302.0,301.9,302.1,302.2,302.2,302.3,302.2,302.2,302.1,301.9,301.6,301.5,301.5,301.4,301.5,301.4,301.5,301.2,301.0,300.8,300.6,300.6,300.7,300.8,300.6,300.5,300.1,299.9,299.9,300.1,300.1,300.1,299.9,299.7,299.6,299.4,299.3,299.7,299.6,299.4,299.6,299.7,299.4,299.4,299.2,299.2,299.0,299.2
302.8,302.8,302.9,302.9,302.9,302.9,302.9,302.8,302.4,302.2,302.2,302.1,302.1,302.0,302.2,302.1,302.2,302.0,302.0,302.2,302.2,302.0,302.1,302.2,302.3,302.3,302.2,302.2,302.2,302.1,302.1,302.2,302.2,302.1,302.2,302.1,302.1,301.9,301.6,301.4,301.4,301.4,301.4,301.4,301.4,301.3,301.1,301.0,300.8,300.6,300.7,301.0,300.9,300.8,300.7,300.5,300.3,300.0,300.1,300.3,300.3,300.2,300.2,300.1,300.1,300.2,300.3,300.1,300.3,300.3,300.1,299.7,299.8,299.9,299.8,299.9,300.1
302.5,302.5,302.6,302.6,302.7,302.7,302.7,302.6,302.4,302.1,302.1,302.1,302.3,302.0,302.0,302.0,302.0,301.9,302.0,302.2,302.2,302.2,302.3,302.4,302.5,302.4,302.4,302.4,302.3,302.2,302.2,302.2,302.2,302.1,302.0,301.9,301.8,301.7,301.5,301.5,301.4,301.3,301.4,301.4,301.3,301.4,301.4,301.2,300.9,300.8,301.0,301.2,301.0,300.9,300.7,300.9,300.8,300.6,300.4,300.7,300.6,300.7,300.6,300.7,300.6,300.7,300.6,300.6,300.6,300.4,300.3,300.0,300.1,300.2,300.4,300.2,300.4
302.6,302.4,302.4,302.5,302.6,302.6,302.6,302.6,302.5,302.4,302.3,302.2,302.2,302.1,301.9,302.0,302.1,302.1,302.2,302.1,302.0,302.1,302.3,302.5,302.5,302.4,302.4,302.4,302.3,302.4,302.3,302.1,302.0,302.1,302.0,301.8,301.8,301.7,301.5,301.6,301.5,301.5,301.6,301.6,301.4,301.4,301.4,301.3,301.3,301.1,301.2,301.3,301.1,301.0,300.9,301.1,301.1,301.0,301.0,301.0,300.9,301.0,301.3,301.3,301.2,301.2,301.1,301.0,301.0,300.7,300.2,300.2,300.1,300.0,300.3,300.3,300.1
302.5,302.4,302.4,302.5,302.6,302.7,302.7,302.7,302.7,302.6,302.3,302.4,302.2,302.1,302.1,302.2,302.2,302.4,302.4,302.3,302.3,302.3,302.4,302.4,302.4,302.4,302.4,302.4,302.4,302.4,302.2,302.1,302.0,301.9,301.9,301.9,301.8,301.7,301.6,301.8,301.9,301.8,301.8,301.7,301.6,301.4,301.3,301.4,301.6,301.6,301.6,301.4,301.3,301.2,301.4,301.5,301.5,301.5,301.4,301.4,301.5,301.5,301.4,301.7,301.5,301.3,301.2,301.2,301.4,301.4,301.5,301.2,300.4,300.7,303.5,300.8,300.5
302.7,302.6,302.5,302.6,302.7,302.7,302.9,302.9,302.9,302.7,302.7,302.6,302.5,302.4,302.3,302.4,302.2,302.3,302.5,302.6,302.4,302.4,302.4,302.4,302.4,302.5,302.4,302.4,302.4,302.3,302.2,302.1,301.9,301.9,302.0,302.0,301.9,301.9,301.8,301.7,301.8,301.9,301.9,301.8,301.7,301.6,301.5,301.6,301.6,301.9,301.9,301.6,301.4,301.4,301.6,301.9,301.9,301.7,301.7,301.6,301.6,301.8,303.1,303.8,302.6,305.0,301.6,302.1,301.5,301.6,301.4,301.2,301.1,301.1,301.4,301.2,301.1
302.7,302.8,302.7,302.7,302.6,302.6,302.8,302.8,302.8,302.7,302.7,302.9,302.7,302.4,302.3,302.5,302.5,302.3,302.5,302.6,302.5,302.5,302.4,302.3,302.4,302.5,302.5,302.6,302.6,302.5,302.4,302.3,302.1,302.1,302.2,302.0,301.9,302.0,302.0,301.8,302.1,302.1,302.1,302.1,301.9,301.8,301.7,301.7,301.8,302.0,302.0,302.0,302.1,302.3,302.2,302.5,302.9,302.2,301.9,301.8,302.9,302.2,302.3,302.6,302.1,301.9,301.6,301.4,301.6,301.8,301.9,301.7,301.5,301.8,301.8,301.3,301.2
302.8,303.0,303.0,302.9,302.8,302.7,302.6,302.8,302.4,302.7,302.9,302.9,303.0,302.6,302.7,302.7,302.8,302.6,302.6,302.5,302.5,302.4,302.4,302.4,302.5,302.5,302.8,302.9,302.8,302.7,302.6,302.4,302.3,302.5,302.3,302.1,302.0,302.4,302.5,302.6,302.7,302.7,302.6,302.2,302.2,302.2,302.1,302.1,302.0,302.1,302.1,302.2,302.5,302.8,304.2,305.5,303.6,303.6,302.8,305.5,302.0,302.1,302.2,301.9,301.8,301.7,301.8,301.8,301.7,301.7,301.8,301.6,301.6,301.7,301.7,301.4,301.2
302.8,302.9,302.9,303.0,302.8,302.9,302.6,302.8,302.7,302.6,303.0,303.0,302.8,302.8,302.6,302.7,302.8,302.6,302.6,302.6,302.4,302.4,302.5,302.5,302.6,302.7,302.8,302.8,302.9,302.8,302.6,302.5,302.4,302.5,302.2,302.2,302.4,302.9,302.8,302.8,303.0,302.7,302.5,302.5,302.6,302.4,302.4,302.8,303.5,304.0,303.6,305.5,303.5,302.8,303.4,303.6,303.5,303.8,303.6,302.2,302.1,302.1,302.0,301.8,301.7,301.8,301.9,301.8,301.6,301.3,301.5,301.6,301.6,301.5,301.5,301.4,301.2
302.8,302.8,302.9,302.9,302.8,302.8,302.8,302.8,302.7,303.0,303.4,303.0,303.1,303.0,302.8,302.9,302.8,302.6,302.7,302.8,302.6,302.5,302.6,302.6,302.7,302.7,302.7,302.8,302.8,302.7,302.6,302.5,302.5,302.3,302.5,302.4,302.6,302.7,302.7,302.9,302.9,302.7,302.3,302.2,302.2,302.4,302.5,303.4,303.8,302.9,302.9,302.9,303.4,303.7,303.9,303.1,302.0,301.7,301.6,302.0,302.1,302.2,302.1,301.9,302.0,301.9,301.8,301.6,301.5,301.4,301.5,301.7,301.6,301.6,301.5,301.5,301.4
302.8,302.9,302.8,302.8,303.2,303.3,303.4,303.1,302.9,303.0,303.5,303.7,302.9,303.1,302.9,302.7,302.7,302.6,302.6,302.6,302.6,302.7,302.4,302.7,302.7,302.6,302.8,302.8,302.6,302.5,302.4,302.3,302.4,302.2,302.7,303.3,302.6,302.5,302.6,302.8,302.6,302.7,302.5,302.3,302.0,302.1,302.4,302.5,302.6,302.5,302.7,302.8,303.4,303.5,303.0,302.4,301.9,301.8,301.8,302.0,301.9,302.1,302.1,302.2,302.2,301.9,301.5,301.5,301.6,301.5,301.6,301.6,301.5,301.4,301.6,301.4,301.4
302.5,302.6,302.9,303.1,303.3,303.5,303.7,303.7,303.1,303.9,303.9,303.2,303.4,302.8,303.2,303.0,302.8,302.7,302.7,302.5,303.3,303.7,303.1,302.9,302.7,302.5,302.6,302.7,302.6,302.6,302.6,302.4,302.4,302.7,302.8,302.8,302.6,302.6,302.5,302.6,302.6,302.8,302.7,302.5,302.2,302.3,302.3,302.3,302.4,302.4,302.7,303.6,303.1,302.6,302.2,302.3,302.1,302.0,301.8,301.8,301.8,302.0,302.0,302.2,302.2,301.8,301.5,301.3,301.3,301.3,301.3,301.5,301.3,301.4,301.7,301.5,301.5
302.5,302.6,302.9,303.1,303.4,303.5,303.9,304.5,303.6,303.7,303.7,303.3,303.5,303.7,303.2,303.2,303.2,302.9,302.8,302.7,302.9,303.1,303.4,303.4,302.8,302.6,302.7,302.7,302.5,302.5,302.6,302.5,302.5,302.7,302.9,302.7,302.7,302.6,302.6,302.5,302.6,302.7,302.5,302.3,302.2,302.3,302.1,302.2,302.2,302.2,302.2,302.2,302.3,302.1,301.9,302.0,302.0,301.9,301.7,301.5,301.5,301.4,301.6,301.7,301.8,301.6,301.1,301.0,300.9,300.8,300.9,300.9,301.1,301.6,301.6,301.5,301.5
302.5,302.6,302.7,303.2,303.4,303.4,304.0,303.6,303.6,303.4,303.0,303.1,303.5,303.6,303.1,303.3,303.2,303.1,302.9,302.7,303.1,303.0,303.1,303.0,302.9,303.2,303.2,302.9,302.6,302.5,302.6,302.4,302.4,302.6,302.8,302.6,302.5,302.5,302.4,302.3,302.2,302.2,302.1,302.0,301.9,301.9,301.9,301.9,301.9,301.8,301.8,301.8,301.8,301.6,301.6,301.7,301.8,301.4,301.2,300.8,300.6,300.6,300.5,301.0,301.2,301.1,300.7,300.4,300.0,299.9,300.0,300.4,301.0,301.1,301.2,301.4,301.4
302.5,302.7,302.7,302.7,302.9,302.9,303.9,303.9,303.5,303.5,303.8,303.7,303.8,303.9,303.2,303.2,303.0,303.1,303.0,303.0,303.4,303.1,303.2,303.9,303.5,303.2,303.2,302.8,302.6,302.5,302.5,302.3,302.3,302.5,302.6,302.5,302.4,302.2,302.0,302.0,301.9,301.8,301.6,301.5,301.4,301.5,301.5,301.5,301.4,301.4,301.3,301.4,301.3,301.2,301.1,301.2,301.2,300.9,300.4,299.9,299.9,299.9,300.0,300.4,300.4,300.4,299.9,299.6,299.3,299.2,299.7,300.3,300.8,301.0,300.9,301.0,300.8
302.5,302.6,302.5,302.6,302.8,302.9,304.4,303.7,302.9,303.1,303.7,303.7,303.9,303.7,303.3,303.2,303.2,303.3,303.2,303.4,303.5,303.4,303.4,303.5,303.5,303.4,303.0,302.8,302.6,302.4,302.3,302.2,302.3,302.4,302.4,302.2,302.0,301.8,301.7,301.6,301.5,301.2,301.1,301.0,301.0,301.0,301.0,301.0,301.0,300.9,301.0,301.1,301.2,301.1,301.0,300.8,300.7,300.4,299.9,299.5,299.5,299.7,300.0,299.8,299.7,299.4,299.1,298.5,298.8,299.2,299.8,300.2,300.6,300.8,300.9,300.4,300.1
302.6,302.6,302.5,302.5,302.7,302.8,304.0,303.8,303.2,303.2,303.7,303.8,303.8,303.7,303.4,303.4,303.4,303.5,303.4,303.5,303.6,303.4,303.4,303.3,303.4,303.2,303.1,303.0,302.8,302.3,302.3,302.2,302.3,302.4,302.2,301.9,301.6,301.5,301.6,301.5,301.3,301.2,300.9,300.9,300.9,301.0,300.8,300.7,300.7,300.8,300.9,301.0,301.1,301.0,301.0,300.8,300.5,300.2,299.7,299.3,299.5,299.7,299.7,299.5,299.2,298.8,298.3,298.3,298.4,298.9,299.6,299.8,299.9,300.2,299.9,299.7,299.7
302.6,302.6,302.4,302.4,302.5,303.0,303.7,303.8,303.3,303.2,303.5,304.1,303.7,303.6,303.6,303.5,303.6,303.6,303.4,303.5,303.6,303.5,303.4,303.3,303.2,303.0,302.9,302.9,302.9,302.4,302.2,302.1,302.1,302.2,302.1,301.7,301.5,301.4,301.4,301.3,301.1,300.9,300.6,300.6,300.7,300.6,300.4,300.2,300.4,300.4,300.4,300.5,300.5,300.5,300.6,300.6,300.3,299.9,299.3,298.9,299.0,299.2,299.3,299.0,298.6,298.3,298.1,298.1,298.3,298.7,299.3,299.5,299.4,299.3,299.3,298.8,298.8
302.8,302.8,302.7,302.7,302.9,303.1,303.2,303.1,303.1,303.0,303.3,303.5,303.6,303.7,303.6,303.7,303.7,303.5,303.5,303.6,303.7,303.5,303.4,303.3,303.2,303.0,302.9,302.8,302.7,302.4,302.2,302.1,302.1,302.1,302.0,301.7,301.5,301.3,301.2,301.0,300.8,300.6,300.3,300.3,300.4,300.3,300.1,300.0,299.9,299.7,299.7,299.7,299.7,299.7,299.7,299.8,299.6,299.3,299.1,298.8,298.7,298.8,298.9,298.7,298.5,298.3,298.3,298.3,298.1,298.0,298.3,298.5,298.2,298.1,297.9,297.8,297.8
302.6,302.8,302.8,302.7,303.0,303.4,303.5,303.4,303.3,303.4,303.3,303.5,303.6,303.7,303.7,303.7,303.8,303.6,303.4,303.6,303.7,303.7,303.5,303.4,303.3,303.1,303.0,302.9,302.7,302.5,302.3,302.3,302.2,302.0,302.0,301.8,301.7,301.4,301.4,301.3,301.0,300.8,300.6,300.4,300.5,300.5,300.5,300.4,300.1,299.8,299.8,299.7,299.7,299.8,299.8,299.8,299.9,299.6,299.5,299.3,299.0,298.8,298.8,298.7,298.8,298.7,299.0,298.9,298.5,298.1,298.1,297.9,297.7,297.4,297.3,297.4,297.6
302.5,302.7,302.8,302.8,303.1,303.4,303.6,303.5,303.4,303.5,303.5,303.6,303.8,303.8,303.6,303.6,303.8,303.6,303.6,303.8,303.8,303.7,303.7,303.4,303.3,303.2,303.2,303.0,302.7,302.4,302.4,302.4,302.2,302.1,302.1,302.1,301.9,301.7,301.5,301.4,301.2,301.1,300.9,300.8,300.8,301.0,300.9,300.8,300.6,300.4,300.3,300.2,300.3,300.4,300.6,300.5,300.3,300.0,300.0,299.9,299.5,299.1,299.1,299.1,299.3,299.4,299.6,299.5,299.1,298.5,298.2,297.9,297.7,297.5,297.4,297.6,297.9
302.6,302.6,302.6,302.9,303.2,303.3,303.4,303.7,303.6,303.5,303.6,303.6,303.8,303.6,303.5,303.6,303.6,303.6,303.6,303.7,303.7,303.7,303.6,303.5,303.3,303.3,303.2,302.9,302.6,302.5,302.4,302.4,302.1,302.1,302.2,302.0,301.9,301.6,301.6,301.5,301.4,301.3,301.2,301.1,301.1,301.1,301.1,300.8,300.7,300.5,300.5,300.6,300.6,300.6,300.7,300.5,300.2,300.0,300.0,299.9,299.7,299.6,299.6,299.6,299.6,299.6,299.7,299.7,299.2,298.8,298.6,298.5,298.4,298.2,298.3,298.4,298.7
302.5,302.4,302.5,302.8,303.2,303.4,303.6,303.6,303.7,303.5,303.6,303.5,303.6,303.4,303.5,303.6,303.6,303.6,303.6,303.7,303.6,303.5,303.6,303.6,303.4,303.5,303.2,302.9,302.8,302.7,302.5,302.3,302.1,302.0,302.1,301.9,301.8,301.7,301.6,301.5,301.5,301.5,301.4,301.4,301.3,301.4,301.3,301.1,301.0,300.7,300.7,300.8,300.8,300.8,300.8,300.3,300.3,300.1,300.0,299.9,299.9,299.7,299.7,299.7,299.8,299.7,299.7,299.6,299.5,299.2,299.0,298.9,298.8,298.8,298.7,298.8,299.0
302.2,302.2,302.3,303.0,303.0,303.3,303.4,303.3,303.3,303.3,303.4,303.4,303.3,303.3,303.4,303.4,303.4,303.5,303.5,303.5,303.5,303.5,303.6,303.5,303.4,303.5,303.2,303.1,303.1,302.9,302.6,302.3,302.3,302.1,302.1,301.9,301.9,301.7,301.6,301.6,301.6,301.5,301.6,301.6,301.6,301.5,301.4,301.2,301.0,300.9,300.9,300.8,300.9,300.9,300.7,300.5,300.5,300.3,300.2,300.2,300.1,300.0,300.0,300.0,300.0,299.9,299.9,299.7,299.6,299.4,299.1,299.0,299.0,299.0,299.0,298.9,298.9
302.0,294.3,302.3,302.5,302.7,303.0,303.2,303.1,303.3,303.2,303.2,303.1,303.0,303.1,303.3,303.3,303.4,303.4,303.3,303.4,303.4,303.3,303.2,303.3,303.2,303.4,303.4,303.2,302.9,302.7,302.6,302.4,302.4,302.1,302.1,302.1,302.0,302.0,301.9,301.8,301.6,301.5,301.7,301.8,301.6,301.6,301.5,301.4,301.1,301.0,301.1,300.9,301.0,301.0,300.8,300.7,300.5,300.4,300.3,300.3,300.5,300.4,300.4,300.4,300.3,300.1,300.0,300.1,299.8,299.5,299.3,299.2,299.1,299.2,299.2,299.2,299.0
301.7,301.8,302.0,297.3,302.3,302.8,303.1,303.1,303.5,303.3,302.8,302.9,302.9,303.0,303.1,303.3,303.3,303.3,303.2,303.3,303.3,303.3,303.2,303.3,303.2,303.5,303.4,303.3,302.8,302.8,302.8,302.5,302.4,302.3,302.4,302.3,302.3,302.4,302.2,302.2,302.0,301.9,301.9,301.9,301.8,301.6,301.6,301.5,301.2,301.0,301.1,301.0,301.0,301.1,300.9,300.7,300.6,300.5,300.5,300.6,300.6,300.6,300.6,300.3,300.2,300.3,300.3,300.2,300.0,299.8,299.7,299.6,299.5,299.5,299.5,299.5,299.3
301.0,301.2,301.7,297.6,301.7,301.6,302.7,302.9,303.3,302.6,302.5,302.5,302.5,302.7,302.7,302.9,303.1,303.1,303.1,302.8,302.8,303.1,303.2,303.3,303.2,303.3,303.2,303.0,302.8,302.8,302.8,302.7,302.5,302.5,302.6,302.4,302.3,302.4,302.4,302.3,302.3,302.3,302.3,302.2,302.0,301.8,301.8,301.7,301.4,301.3,301.3,301.1,301.1,301.1,300.9,300.7,300.7,300.7,300.8,300.8,300.8,300.8,300.6,300.5,300.5,300.4,300.4,300.1,299.9,299.8,299.9,299.9,299.8,299.6,299.7,299.6,299.5
301.0,301.1,301.2,301.0,301.0,301.9,302.5,300.3,302.5,302.2,302.2,302.2,302.1,302.4,302.6,302.7,302.8,302.9,302.9,302.8,302.8,303.0,303.0,303.0,302.9,302.8,302.8,302.8,302.8,302.6,302.7,302.7,302.5,302.5,302.6,302.5,302.4,302.4,302.4,302.4,302.3,302.3,302.3,302.1,301.9,302.0,301.9,301.8,301.6,301.6,301.6,301.2,301.2,301.2,301.0,301.0,300.8,300.9,300.8,300.7,300.8,300.9,300.9,300.8,300.8,300.7,300.6,300.2,300.2,300.2,300.1,300.1,300.0,299.8,299.7,299.5,299.4
300.6,300.7,300.9,300.8,300.7,301.3,301.7,302.0,302.0,301.5,301.5,301.7,301.7,301.9,302.2,302.3,302.4,302.5,302.4,302.7,302.7,302.8,302.9,302.9,302.8,302.6,302.4,302.4,302.5,302.5,302.4,302.3,302.2,302.3,302.5,302.4,302.3,302.3,302.2,302.1,302.2,302.3,302.2,302.1,301.9,301.8,301.9,301.7,301.5,301.6,301.5,301.2,301.2,301.1,301.1,301.0,300.9,300.8,300.8,300.8,300.8,301.0,300.9,300.9,300.8,300.7,300.6,300.6,300.4,300.5,300.3,300.2,300.0,299.9,299.7,299.5,299.2
299.9,300.1,300.7,300.9,300.8,301.0,301.4,301.2,301.2,301.2,301.1,301.2,301.3,301.5,301.9,301.8,302.0,302.2,302.1,302.2,302.4,302.5,302.6,302.8,302.8,302.5,302.4,302.2,302.3,302.3,302.1,301.9,301.8,302.1,302.3,302.3,302.2,302.1,302.0,301.8,302.1,302.1,302.0,301.8,301.8,301.9,301.8,301.6,301.5,301.4,301.5,301.2,301.2,301.1,301.1,301.0,300.9,300.8,300.9,300.8,300.7,300.8,300.7,300.7,300.7,300.6,300.3,300.3,300.3,300.2,300.1,300.1,299.8,299.9,299.7,299.6,299.4
