nws-json/temp_20190823_06.f000.json
{"header": { "discipline":0, "disciplineName":"Meteorological products", "gribEdition":2, "gribLength":50241, "center":7, "centerName":"US National Weather Service - NCEP(WMC)", "subcenter":0, "refTime":"2019-08-23T06:00:00.000Z", "significanceOfRT":1, "significanceOfRTName":"Start of forecast", "productStatus":0, "productStatusName":"Operational products", "productType":1, "productTypeName":"Forecast products", "productDefinitionTemplate":0, "productDefinitionTemplateName":"Analysis/forecast at horizontal level/layer at a point in time", "parameterCategory":0, "parameterCategoryName":"Temperature", "parameterNumber":0, "parameterNumberName":"Temperature", "parameterUnit":"K", "genProcessType":2, "genProcessTypeName":"Forecast", "forecastTime":0, "surface1Type":1, "surface1TypeName":"Ground or water surface", "surface1Value":0.0, "surface2Type":255, "surface2TypeName":"Missing", "surface2Value":0.0, "gridDefinitionTemplate":0, "gridDefinitionTemplateName":"Latitude_Longitude", "numberPoints":65160, "shape":6, "shapeName":"Earth spherical with radius of 6,371,229.0 m", "gridUnits":"degrees", "resolution":48, "winds":"true", "scanMode":0, "nx":360, "ny":181, "basicAngle":0, "lo1":0.0, "la1":90.0, "lo2":359.0, "la2":-90.0, "dx":1.0, "dy":1.0 }, "data":
[rows 0 to 25 of 181, columns 120 to 179 of 360]
269.54022,269.54022,269.54022,269.54022,269.54022,269.54022,269.54022,269.54022,269.54022,269.54022,269.54022,269.54022,269.54022,269.54022,269.54022,269.54022,269.54022,269.54022,269.54022,269.54022,269.54022,269.54022,269.54022,269.54022,269.54022,269.54022,269.54022,269.54022,269.54022,269.54022,269.54022,269.54022,269.54022,269.54022,269.54022,269.54022,269.54022,269.54022,269.54022,269.54022,269.54022,269.54022,269.54022,269.54022,269.54022,269.54022,269.54022,269.54022,269.54022,269.54022,269.54022,269.54022,269.54022,269.54022,269.54022,269.54022,269.54022,269.54022,269.54022,269.54022
268.14023,268.04022,268.04022,268.04022,268.04022,268.04022,268.14023,268.14023,268.14023,268.14023,268.54022,268.14023,268.14023,268.14023,268.14023,268.14023,268.14023,268.14023,268.14023,268.14023,268.64023,268.64023,268.64023,268.84024,268.84024,268.84024,268.84024,268.84024,268.94025,268.94025,268.94025,268.94025,268.94025,268.94025,268.94025,268.94025,268.74023,268.74023,268.74023,268.74023,268.74023,268.74023,268.84024,268.94025,268.94025,268.94025,268.94025,268.94025,268.94025,268.94025,269.04022,269.14023,269.14023,269.14023,269.14023,269.14023,269.14023,269.14023,269.34024,269.44025
271.24023,271.24023,271.24023,271.24023,271.24023,271.24023,271.24023,271.24023,271.24023,271.14023,271.14023,271.14023,271.14023,270.94025,270.44025,270.24023,270.24023,270.24023,270.44025,270.54022,270.34024,270.34024,270.34024,270.34024,270.34024,270.34024,270.34024,270.54022,270.64023,270.64023,270.54022,270.44025,270.44025,270.44025,270.44025,270.44025,270.44025,270.44025,270.44025,270.54022,270.54022,270.54022,270.54022,270.44025,270.44025,270.44025,270.44025,270.24023,270.14023,270.14023,270.04022,270.04022,270.04022,270.14023,270.24023,270.24023,270.24023,270.24023,270.24023,270.24023
270.14023,269.84024,269.84024,269.84024,269.84024,269.84024,269.84024,269.94025,269.94025,269.94025,269.54022,270.04022,270.04022,269.54022,269.54022,270.04022,269.74023,269.54022,269.54022,269.54022,269.54022,269.54022,269.54022,269.54022,269.44025,269.94025,269.94025,269.94025,269.94025,269.94025,269.94025,270.04022,269.94025,269.94025,269.94025,269.94025,270.04022,270.04022,270.34024,270.34024,270.34024,269.94025,270.24023,269.94025,269.94025,269.84024,269.94025,269.94025,269.84024,269.84024,269.64023,269.54022,269.54022,269.94025,269.94025,269.84024,269.84024,269.84024,269.94025,270.14023
270.14023,270.04022,269.94025,269.94025,269.94025,270.04022,269.94025,269.94025,270.04022,269.94025,270.24023,270.04022,270.14023,270.24023,270.14023,270.14023,270.34024,270.34024,270.24023,270.24023,270.34024,270.34024,270.14023,270.24023,270.24023,270.34024,270.34024,270.34024,270.34024,270.34024,270.34024,270.34024,270.24023,270.44025,270.44025,270.34024,270.34024,270.24023,270.34024,270.84024,271.64023,271.64023,271.74023,271.24023,271.24023,270.14023,270.14023,269.54022,269.54022,269.24023,269.14023,269.04022,268.64023,268.64023,268.54022,268.54022,268.44025,268.44025,268.44025,268.74023
272.34024,272.54022,272.34024,272.54022,272.44025,272.54022,272.54022,272.44025,272.54022,272.54022,272.54022,272.54022,272.64023,272.64023,272.74023,272.74023,272.64023,272.64023,272.64023,272.64023,272.64023,272.64023,272.64023,272.64023,272.64023,272.64023,272.64023,272.64023,272.54022,272.64023,272.64023,272.64023,272.64023,272.64023,272.54022,272.64023,272.74023,272.84024,272.84024,272.84024,272.94025,272.84024,272.84024,272.74023,272.64023,272.54022,272.44025,272.34024,272.24023,272.04022,271.84024,271.84024,271.54022,271.34024,271.24023,270.64023,270.44025,270.34024,270.44025,269.94025
272.44025,272.44025,272.44025,272.54022,272.54022,272.54022,272.54022,272.54022,272.44025,272.54022,272.54022,272.44025,272.44025,272.44025,272.44025,272.44025,272.54022,272.54022,272.44025,272.64023,272.54022,272.74023,272.74023,272.74023,272.74023,272.64023,272.64023,272.44025,272.54022,272.54022,272.54022,272.54022,272.64023,272.54022,272.74023,272.74023,272.74023,272.74023,272.84024,272.84024,272.84024,272.84024,272.94025,272.94025,272.94025,272.94025,272.94025,272.94025,272.84024,272.74023,272.64023,272.64023,272.64023,272.54022,272.34024,272.14023,272.14023,272.04022,271.84024,271.74023
272.14023,272.24023,272.44025,272.34024,272.44025,272.34024,272.84024,272.24023,272.24023,272.24023,272.34024,272.64023,272.44025,272.64023,272.14023,272.34024,272.44025,272.44025,272.64023,272.84024,272.84024,272.64023,272.64023,272.54022,272.74023,272.74023,272.64023,272.84024,272.84024,272.74023,272.74023,272.84024,272.94025,272.74023,272.94025,272.74023,272.84024,272.84024,272.84024,272.74023,272.74023,272.84024,272.84024,272.84024,272.84024,272.84024,272.84024,272.84024,272.84024,272.84024,272.84024,272.84024,272.84024,272.74023,272.84024,272.74023,272.64023,272.44025,272.54022,272.44025
272.44025,272.84024,272.54022,272.54022,272.64023,272.64023,272.74023,272.64023,271.64023,272.04022,272.24023,272.54022,271.64023,271.54022,271.54022,271.54022,272.94025,272.34024,271.94025,271.64023,271.64023,271.64023,271.64023,271.54022,271.64023,271.84024,272.14023,272.54022,272.94025,272.54022,272.74023,272.74023,272.64023,272.84024,272.84024,272.94025,272.94025,272.84024,272.84024,272.84024,273.04022,272.74023,272.84024,272.84024,272.74023,272.84024,272.84024,272.84024,272.84024,272.64023,272.74023,272.84024,272.84024,272.84024,272.84024,272.94025,272.94025,273.04022,272.74023,272.54022
271.94025,271.94025,271.94025,272.14023,272.24023,272.24023,272.24023,272.04022,271.84024,271.84024,271.74023,271.64023,271.64023,271.74023,271.94025,271.74023,271.84024,273.54022,273.54022,273.34024,272.74023,272.64023,272.74023,272.44025,271.74023,271.64023,271.64023,271.74023,271.64023,272.04022,272.14023,272.24023,272.14023,272.24023,272.34024,272.44025,272.84024,272.84024,272.94025,272.84024,273.04022,273.04022,272.84024,272.74023,272.74023,272.64023,272.64023,272.64023,272.74023,272.74023,272.84024,272.84024,272.74023,272.64023,272.84024,272.84024,272.84024,272.84024,272.94025,273.04022
272.34024,272.04022,271.74023,271.74023,271.44025,271.34024,271.84024,271.74023,271.74023,271.54022,272.74023,272.94025,274.24023,274.24023,274.64023,274.84024,275.04022,275.04022,274.84024,274.74023,274.24023,274.04022,274.04022,273.84024,273.64023,273.74023,272.74023,272.64023,272.24023,271.64023,271.74023,271.44025,271.44025,271.24023,271.64023,271.74023,272.04022,272.04022,271.54022,271.54022,271.74023,271.94025,272.04022,271.94025,271.54022,271.84024,272.04022,272.84024,271.64023,271.64023,272.04022,272.34024,272.54022,272.74023,272.84024,272.64023,272.84024,272.94025,272.94025,272.94025
271.84024,272.44025,272.74023,271.84024,271.94025,273.04022,273.04022,273.04022,273.04022,273.04022,273.74023,273.14023,273.24023,273.14023,272.94025,275.54022,275.44025,275.44025,275.44025,275.44025,275.44025,275.44025,275.54022,275.54022,274.34024,274.34024,273.64023,273.74023,273.84024,272.84024,272.04022,272.74023,272.14023,272.04022,272.04022,272.44025,272.14023,271.74023,272.14023,272.04022,271.84024,271.94025,271.64023,271.34024,271.34024,271.54022,271.84024,271.84024,271.64023,271.84024,271.84024,272.14023,272.54022,272.84024,272.84024,272.74023,272.84024,272.94025,272.94025,272.94025
275.04022,274.84024,274.64023,274.44025,274.14023,274.14023,274.94025,274.04022,275.74023,275.24023,274.44025,275.74023,275.94025,276.04022,276.04022,277.14023,277.44025,277.24023,276.84024,276.64023,276.14023,275.94025,275.94025,275.84024,275.24023,275.24023,275.34024,275.84024,275.84024,275.84024,274.84024,274.84024,274.54022,273.24023,271.84024,273.64023,274.14023,273.84024,273.64023,273.54022,273.64023,272.04022,272.04022,272.14023,271.44025,271.64023,271.44025,271.44025,271.44025,271.84024,271.84024,271.44025,271.74023,271.84024,272.14023,272.74023,272.84024,272.74023,272.94025,272.94025
277.04022,276.94025,276.54022,276.34024,276.24023,276.14023,276.04022,276.34024,276.84024,277.24023,277.74023,279.44025,279.44025,279.04022,278.84024,278.74023,278.14023,277.64023,278.64023,278.94025,277.84024,277.24023,276.64023,276.44025,276.34024,276.14023,276.14023,276.04022,275.94025,274.84024,274.94025,274.84024,274.74023,274.54022,274.34024,273.94025,273.74023,271.74023,271.74023,271.84024,272.94025,272.04022,272.04022,273.14023,272.14023,271.84024,271.44025,271.44025,271.44025,272.74023,272.74023,272.64023,272.04022,271.94025,272.24023,272.54022,272.74023,272.34024,272.14023,272.14023
276.54022,276.64023,278.94025,278.94025,278.74023,278.84024,279.64023,280.94025,280.94025,280.94025,280.94025,280.94025,280.44025,278.14023,278.14023,277.94025,277.64023,279.84024,286.44025,289.04022,279.14023,276.34024,283.84024,276.94025,276.74023,275.84024,275.34024,275.54022,275.44025,275.44025,275.14023,274.34024,274.24023,273.94025,272.14023,272.24023,271.54022,271.54022,272.94025,271.54022,271.34024,271.84024,271.54022,271.54022,272.54022,273.24023,273.64023,273.94025,273.94025,273.84024,273.74023,273.54022,273.44025,273.24023,272.84024,272.64023,271.54022,272.04022,271.94025,271.44025
280.04022,280.04022,280.94025,280.74023,280.74023,281.44025,281.64023,281.54022,281.84024,281.84024,281.54022,278.54022,278.64023,278.24023,278.54022,278.44025,278.04022,277.74023,287.34024,286.44025,282.84024,274.14023,276.24023,283.34024,276.84024,275.44025,275.24023,277.44025,283.84024,284.84024,283.84024,275.34024,275.54022,275.64023,275.74023,275.04022,274.84024,273.74023,272.94025,272.74023,271.54022,271.84024,271.74023,271.54022,272.14023,271.64023,271.44025,271.24023,271.34024,271.74023,273.34024,273.44025,273.24023,271.24023,271.24023,271.24023,272.44025,271.24023,271.54022,271.64023
278.14023,277.84024,278.14023,277.94025,277.74023,277.94025,279.24023,279.94025,279.24023,279.64023,280.04022,280.34024,280.64023,280.14023,280.04022,279.84024,279.64023,278.84024,278.34024,277.94025,277.64023,282.74023,276.54022,276.34024,276.14023,275.94025,275.64023,275.44025,275.54022,275.64023,275.74023,275.84024,275.74023,275.74023,275.64023,275.14023,274.14023,274.54022,271.44025,271.54022,271.44025,272.24023,273.04022,272.94025,273.54022,271.54022,271.44025,271.34024,271.84024,272.34024,272.64023,272.74023,272.94025,272.54022,272.64023,272.14023,273.04022,272.94025,273.04022,273.14023
281.94025,281.24023,281.34024,276.94025,285.24023,284.84024,285.54022,278.34024,285.24023,284.04022,280.24023,280.34024,280.74023,280.44025,280.54022,280.14023,279.64023,279.24023,278.84024,278.24023,277.44025,276.94025,276.54022,276.24023,276.14023,276.04022,276.14023,275.94025,275.84024,275.84024,276.04022,276.04022,276.14023,276.04022,275.84024,275.74023,274.74023,273.44025,272.64023,271.44025,272.04022,271.84024,271.44025,272.34024,272.64023,272.44025,272.54022,272.64023,272.94025,273.04022,272.54022,272.04022,271.94025,271.64023,271.54022,271.54022,271.54022,271.44025,272.34024,273.64023
283.14023,287.24023,289.84024,291.94025,293.44025,290.24023,288.44025,287.44025,287.24023,278.14023,278.54022,278.74023,278.84024,278.64023,278.64023,278.34024,278.24023,278.14023,277.54022,276.94025,290.34024,290.24023,289.04022,286.74023,285.14023,284.34024,275.34024,282.24023,282.64023,280.64023,275.84024,276.04022,276.14023,276.24023,276.24023,276.14023,275.94025,275.84024,275.94025,276.04022,274.54022,274.34024,272.24023,272.84024,272.44025,272.04022,271.84024,272.94025,273.14023,273.14023,272.74023,271.44025,272.44025,273.24023,273.54022,271.44025,273.14023,273.54022,273.94025,274.04022
290.04022,289.74023,288.74023,288.34024,288.74023,292.94025,293.44025,293.14023,290.14023,290.84024,290.14023,277.84024,292.54022,294.04022,293.14023,293.04022,293.64023,294.74023,295.14023,294.34024,294.74023,295.24023,295.74023,293.24023,291.34024,287.54022,285.84024,283.34024,286.64023,288.94025,289.94025,290.44025,281.64023,275.14023,276.54022,281.44025,288.04022,280.84024,278.94025,275.84024,276.04022,275.94025,275.84024,274.44025,274.44025,273.94025,273.94025,273.84024,273.74023,273.54022,273.54022,274.14023,273.64023,273.64023,273.74023,274.64023,274.34024,274.34024,274.24023,278.34024
292.94025,294.94025,295.64023,298.14023,292.44025,295.64023,293.74023,288.04022,286.64023,289.84024,294.24023,293.84024,295.44025,296.84024,294.94025,293.84024,297.34024,298.14023,296.74023,295.94025,292.94025,293.34024,296.24023,297.54022,296.64023,293.94025,293.54022,292.54022,289.54022,288.34024,290.44025,290.34024,290.24023,290.04022,290.14023,289.74023,287.34024,286.64023,283.94025,282.94025,275.04022,275.04022,275.04022,274.74023,274.94025,275.04022,274.34024,274.64023,275.44025,275.34024,275.44025,283.94025,282.04022,274.14023,275.34024,274.04022,274.04022,275.54022,276.34024,274.24023
294.54022,295.24023,292.84024,290.94025,293.24023,286.24023,289.44025,289.84024,288.14023,287.14023,294.94025,295.34024,295.14023,295.14023,296.64023,298.34024,296.64023,297.74023,297.24023,296.34024,295.24023,297.14023,296.94025,298.04022,295.64023,295.04022,293.94025,292.64023,292.14023,290.74023,294.04022,294.24023,292.94025,292.34024,292.54022,291.84024,292.64023,290.44025,290.44025,289.04022,283.34024,291.54022,291.94025,288.34024,288.54022,287.54022,286.04022,286.14023,285.34024,279.54022,275.54022,276.74023,285.64023,286.34024,284.14023,283.94025,281.64023,282.04022,282.74023,280.94025
285.34024,284.04022,287.24023,288.84024,289.84024,291.04022,292.94025,291.54022,292.04022,287.34024,293.64023,295.84024,297.04022,297.54022,297.44025,295.84024,298.74023,293.94025,295.24023,292.34024,296.44025,299.14023,297.64023,299.74023,302.14023,301.74023,299.64023,300.04022,294.34024,292.74023,292.14023,292.84024,292.64023,292.44025,293.94025,280.34024,294.34024,293.34024,292.64023,292.14023,292.24023,293.64023,293.94025,292.74023,290.54022,290.94025,290.04022,288.24023,286.84024,285.64023,286.34024,286.14023,285.44025,284.54022,286.04022,284.94025,285.54022,284.54022,282.74023,283.14023
294.04022,292.24023,297.14023,295.34024,297.64023,289.84024,286.74023,289.44025,292.74023,292.34024,298.74023,296.94025,297.74023,296.64023,299.64023,296.94025,297.24023,300.84024,299.34024,296.04022,292.74023,298.44025,300.64023,299.54022,293.54022,294.64023,297.74023,297.04022,294.84024,293.94025,295.34024,295.84024,293.04022,294.44025,295.94025,297.04022,296.44025,293.94025,292.64023,293.24023,294.14023,291.74023,292.64023,293.44025,292.04022,292.44025,289.64023,287.64023,287.64023,288.04022,286.44025,285.94025,284.94025,284.94025,287.54022,287.24023,286.84024,287.04022,285.44025,286.54022
293.44025,296.44025,297.44025,297.84024,275.74023,288.24023,286.14023,285.14023,287.74023,290.84024,288.84024,294.74023,297.14023,297.14023,297.64023,294.94025,294.04022,294.44025,294.24023,289.54022,293.34024,289.64023,299.94025,300.44025,303.34024,301.74023,297.04022,293.14023,294.64023,299.54022,301.44025,302.64023,299.54022,298.64023,295.54022,295.14023,295.44025,295.44025,293.54022,293.64023,292.64023,292.64023,291.14023,289.74023,290.24023,289.94025,289.14023,289.24023,287.74023,287.64023,287.44025,287.14023,287.04022,287.44025,288.14023,285.64023,286.94025,286.04022,285.84024,286.64023
291.24023,292.54022,291.74023,297.94025,295.24023,282.04022,292.64023,296.74023,292.44025,288.94025,289.44025,293.44025,292.14023,293.34024,292.94025,294.04022,294.74023,294.44025,295.14023,293.94025,292.04022,292.84024,290.94025,297.14023,292.74023,291.64023,286.94025,295.24023,289.34024,295.64023,300.64023,301.24023,301.24023,298.84024,297.44025,300.04022,299.24023,296.84024,294.94025,294.34024,294.94025,294.74023,292.14023,291.84024,291.74023,290.34024,289.04022,289.24023,288.64023,288.84024,289.54022,289.94025,289.04022,287.44025,281.04022,287.74023,286.84024,285.84024,286.04022,284.44025
