nws-json/temp2019082118.f000.json
{"header": { "discipline":0, "disciplineName":"Meteorological products", "gribEdition":2, "gribLength":49835, "center":7, "centerName":"US National Weather Service - NCEP(WMC)", "subcenter":0, "refTime":"2019-08-21T18:00:00.000Z", "significanceOfRT":1, "significanceOfRTName":"Start of forecast", "productStatus":0, "productStatusName":"Operational products", "productType":1, "productTypeName":"Forecast products", "productDefinitionTemplate":0, "productDefinitionTemplateName":"Analysis/forecast at horizontal level/layer at a point in time", "parameterCategory":0, "parameterCategoryName":"Temperature", "parameterNumber":0, "parameterNumberName":"Temperature", "parameterUnit":"K", "genProcessType":2, "genProcessTypeName":"Forecast", "forecastTime":0, "surface1Type":1, "surface1TypeName":"Ground or water surface", "surface1Value":0.0, "surface2Type":255, "surface2TypeName":"Missing", "surface2Value":0.0, "gridDefinitionTemplate":0, "gridDefinitionTemplateName":"Latitude_Longitude", "numberPoints":65160, "shape":6, "shapeName":"Earth spherical with radius of 6,371,229.0 m", "gridUnits":"degrees", "resolution":48, "winds":"true", "scanMode":0, "nx":360, "ny":181, "basicAngle":0, "lo1":0.0, "la1":90.0, "lo2":359.0, "la2":-90.0, "dx":1.0, "dy":1.0 }, "data":
[rows 52 to 77 of 181, columns 60 to 119 of 360]
300.06366,299.86368,297.56366,299.26367,300.26367,298.86368,294.06366,291.36368,292.76367,290.46368,286.66367,272.76367,281.96368,275.46368,282.26367,279.16367,283.16367,294.96368,297.66367,295.76367,296.66367,297.36368,297.46368,295.26367,294.36368,290.36368,289.66367,277.86368,277.76367,280.76367,281.86368,286.86368,287.06366,287.06366,285.66367,286.36368,281.66367,278.36368,280.56366,277.46368,278.06366,277.86368,282.36368,291.46368,291.46368,293.26367,291.16367,292.36368,293.36368,293.46368,291.26367,286.46368,293.06366,287.86368,290.86368,290.66367,290.86368,291.26367,294.46368,293.96368
293.86368,296.76367,297.76367,296.86368,294.86368,295.66367,297.16367,297.06366,293.96368,287.86368,283.86368,277.26367,276.86368,279.16367,265.96368,259.26367,280.36368,282.76367,283.16367,289.26367,287.06366,291.96368,295.56366,290.06366,286.46368,271.66367,273.66367,274.86368,279.06366,279.26367,280.86368,278.46368,278.56366,286.46368,286.26367,286.36368,288.86368,286.06366,288.56366,283.56366,281.96368,281.76367,281.36368,282.66367,287.96368,289.96368,291.86368,289.96368,290.76367,291.06366,293.16367,290.86368,293.66367,291.46368,293.56366,294.26367,291.66367,292.56366,290.36368,290.26367
288.26367,292.86368,295.76367,296.26367,289.06366,286.66367,283.76367,283.56366,280.36368,284.56366,277.86368,277.26367,288.16367,276.06366,282.66367,256.66367,256.36368,271.16367,275.06366,273.06366,273.36368,274.46368,274.26367,271.86368,270.86368,274.66367,277.06366,281.16367,280.36368,280.56366,280.86368,275.46368,273.26367,279.46368,279.56366,282.36368,281.76367,280.76367,281.66367,280.96368,280.96368,285.16367,284.46368,286.96368,288.86368,288.96368,286.16367,289.76367,290.16367,290.06366,290.56366,290.36368,292.06366,291.16367,294.06366,293.26367,292.46368,292.16367,289.66367,293.66367
289.56366,295.36368,290.66367,285.76367,281.86368,274.16367,273.76367,273.86368,275.56366,287.16367,282.76367,289.56366,289.16367,286.86368,271.36368,273.76367,281.86368,268.26367,273.96368,272.96368,276.26367,273.96368,276.16367,275.36368,277.46368,278.06366,277.66367,281.86368,280.66367,280.86368,280.56366,281.56366,280.96368,281.16367,278.96368,279.06366,277.66367,279.36368,278.96368,278.66367,280.46368,278.76367,280.36368,281.46368,282.56366,287.56366,287.66367,289.16367,289.66367,292.16367,293.26367,294.06366,293.16367,295.76367,295.46368,292.66367,292.46368,294.76367,294.66367,292.66367
290.36368,297.06366,290.46368,278.26367,275.56366,274.46368,277.66367,279.36368,277.96368,290.26367,286.56366,294.56366,304.16367,294.66367,283.36368,282.96368,268.56366,279.16367,275.66367,276.66367,275.36368,278.96368,278.06366,278.86368,278.46368,279.16367,281.06366,281.76367,280.66367,279.26367,280.16367,280.06366,282.66367,280.36368,277.26367,276.96368,278.66367,274.76367,274.66367,278.56366,279.56366,280.86368,281.66367,281.26367,284.36368,286.46368,288.26367,289.06366,289.16367,290.36368,291.96368,292.16367,292.96368,295.16367,295.06366,294.66367,294.96368,293.26367,293.26367,290.96368
288.76367,296.46368,291.36368,288.36368,279.26367,285.26367,284.66367,281.06366,292.96368,291.86368,299.86368,306.16367,305.86368,300.16367,298.36368,292.06366,280.76367,269.36368,273.16367,279.46368,276.66367,280.26367,284.76367,284.66367,284.36368,282.46368,280.46368,283.96368,283.26367,282.36368,280.96368,278.86368,276.96368,276.76367,277.26367,276.76367,276.16367,279.86368,278.96368,278.06366,278.46368,280.56366,281.56366,281.96368,282.16367,288.06366,291.16367,292.76367,292.56366,291.86368,294.06366,295.26367,295.46368,296.36368,295.06366,295.16367,295.16367,294.56366,293.46368,291.96368
286.56366,299.06366,297.96368,293.06366,291.46368,290.46368,289.16367,289.76367,290.76367,295.06366,304.76367,308.06366,307.76367,304.16367,301.36368,298.56366,300.86368,282.86368,275.66367,277.96368,277.96368,280.96368,283.66367,280.76367,284.36368,284.06366,282.96368,285.46368,285.96368,289.66367,284.46368,280.06366,275.76367,276.56366,277.86368,276.96368,279.76367,279.56366,279.76367,277.66367,280.36368,281.16367,281.56366,280.76367,287.06366,291.56366,292.96368,294.76367,293.06366,289.06366,293.96368,294.36368,297.86368,295.56366,294.66367,296.06366,297.46368,295.96368,294.46368,293.86368
294.86368,298.46368,298.86368,294.96368,295.16367,291.86368,296.16367,290.66367,294.16367,298.26367,299.46368,308.66367,306.46368,305.16367,302.86368,299.76367,297.66367,293.16367,286.36368,272.06366,278.26367,280.76367,277.46368,273.86368,283.56366,281.56366,282.76367,284.56366,278.26367,280.76367,277.36368,276.66367,274.56366,274.26367,274.46368,276.96368,277.56366,278.96368,277.56366,280.56366,276.96368,280.36368,281.26367,280.96368,296.36368,294.76367,296.06366,298.46368,296.96368,297.76367,292.36368,293.46368,296.96368,296.16367,297.46368,296.66367,291.66367,296.16367,295.46368,296.06366
290.66367,297.76367,299.16367,295.46368,294.36368,294.26367,298.36368,295.96368,303.96368,301.76367,301.76367,306.76367,304.86368,305.76367,305.26367,301.96368,300.46368,298.26367,297.96368,287.76367,287.46368,274.36368,280.16367,279.86368,280.56366,275.06366,277.66367,278.86368,276.66367,275.66367,271.26367,275.46368,274.66367,274.76367,277.26367,283.66367,278.36368,283.26367,279.46368,281.16367,277.16367,279.76367,283.16367,294.16367,295.46368,295.66367,298.76367,298.96368,297.96368,292.06366,289.96368,294.16367,297.26367,297.26367,297.76367,296.76367,297.96368,295.26367,294.76367,293.56366
292.86368,288.56366,296.26367,297.26367,296.06366,300.16367,295.36368,297.66367,310.06366,305.06366,308.56366,308.06366,308.76367,308.26367,307.86368,307.56366,302.76367,300.96368,298.76367,298.86368,297.06366,291.36368,282.96368,282.46368,280.36368,277.26367,279.56366,279.16367,283.66367,280.16367,277.76367,287.36368,279.26367,277.86368,277.96368,289.76367,283.66367,279.86368,279.96368,281.86368,277.56366,281.56366,282.16367,289.36368,295.26367,296.86368,298.56366,296.56366,292.26367,293.96368,294.46368,295.76367,297.76367,298.26367,295.56366,293.46368,298.46368,296.76367,295.66367,296.06366
293.66367,291.36368,287.86368,299.36368,296.76367,300.96368,297.06366,303.36368,306.56366,305.86368,308.36368,308.66367,308.26367,306.26367,304.56366,303.46368,303.86368,302.16367,300.66367,300.66367,297.76367,298.06366,296.96368,293.16367,294.66367,291.96368,281.96368,263.56366,265.36368,276.66367,278.96368,277.16367,279.66367,281.86368,290.96368,295.06366,297.56366,282.86368,284.46368,282.56366,279.76367,283.06366,287.66367,287.36368,291.16367,293.46368,294.16367,292.26367,293.66367,294.56366,296.76367,295.56366,296.86368,297.76367,295.86368,298.16367,297.86368,296.56366,293.46368,294.36368
303.56366,296.66367,300.56366,299.66367,300.56366,299.56366,299.76367,304.26367,306.26367,304.66367,306.66367,306.46368,306.76367,303.26367,301.06366,301.16367,300.96368,301.66367,301.16367,301.56366,299.06366,297.66367,297.66367,298.26367,299.26367,300.76367,299.36368,291.86368,292.16367,292.36368,293.36368,292.76367,290.66367,298.06366,300.86368,299.26367,293.26367,290.66367,293.76367,283.96368,286.66367,285.06366,289.96368,291.96368,288.86368,288.76367,291.86368,292.16367,292.86368,293.66367,295.06366,295.96368,297.46368,298.66367,297.06366,299.16367,295.86368,294.46368,298.36368,291.06366
301.26367,302.46368,301.96368,303.86368,301.46368,301.56366,302.66367,302.36368,305.06366,302.26367,305.26367,304.56366,304.16367,301.66367,298.56366,299.16367,301.26367,299.96368,299.06366,301.66367,299.66367,298.96368,298.86368,299.16367,300.66367,303.06366,302.26367,301.26367,301.66367,302.36368,302.76367,300.06366,298.96368,299.06366,297.96368,290.46368,296.16367,294.66367,292.96368,286.76367,286.76367,287.86368,292.06366,288.06366,287.96368,290.56366,290.46368,291.96368,292.86368,293.16367,292.66367,295.56366,295.26367,297.26367,291.36368,298.46368,295.86368,294.76367,295.86368,294.16367
302.16367,301.86368,301.76367,301.06366,300.86368,301.06366,300.86368,302.06366,302.56366,301.66367,303.46368,303.26367,302.16367,297.86368,296.46368,297.06366,299.06366,296.96368,298.06366,297.76367,297.86368,297.96368,299.26367,299.36368,300.76367,302.06366,300.66367,301.66367,301.26367,301.56366,301.66367,301.46368,301.06366,297.26367,292.86368,298.06366,298.06366,297.96368,289.36368,290.06366,288.76367,288.36368,290.66367,287.86368,286.46368,291.96368,294.36368,294.76367,294.36368,296.76367,296.36368,294.36368,293.36368,293.16367,295.16367,295.16367,295.86368,293.16367,294.66367,300.56366
301.26367,300.66367,300.96368,301.16367,301.16367,301.36368,301.16367,301.06366,301.86368,302.06366,303.06366,302.96368,301.06366,298.46368,298.96368,296.26367,296.86368,297.26367,298.36368,295.76367,295.56366,295.86368,295.76367,298.66367,297.56366,296.76367,299.56366,300.26367,301.36368,300.66367,302.16367,300.66367,298.26367,295.46368,293.06366,297.56366,298.66367,298.06366,292.86368,290.96368,289.56366,289.66367,290.26367,289.76367,287.86368,290.76367,295.06366,296.16367,296.06366,297.16367,295.46368,298.06366,298.26367,296.96368,295.56366,297.06366,296.56366,295.76367,299.66367,300.56366
301.16367,299.86368,299.86368,300.36368,300.76367,300.86368,301.26367,301.36368,301.36368,300.76367,300.96368,300.76367,300.56366,298.76367,297.56366,296.06366,295.96368,296.16367,296.86368,296.36368,295.46368,292.96368,295.66367,295.86368,294.36368,297.26367,299.56366,300.16367,300.46368,300.06366,300.96368,301.16367,297.76367,294.26367,296.56366,298.26367,297.96368,291.56366,293.56366,292.36368,289.76367,290.36368,290.66367,289.26367,290.86368,293.36368,293.86368,294.96368,298.36368,298.16367,298.26367,296.96368,298.16367,305.36368,304.76367,296.16367,297.76367,299.96368,300.16367,300.56366
299.46368,300.46368,300.36368,300.36368,300.86368,300.86368,301.16367,301.26367,301.36368,301.96368,298.96368,297.86368,300.76367,299.46368,297.36368,298.96368,297.46368,296.86368,295.16367,295.76367,295.76367,294.46368,298.86368,299.16367,298.56366,297.46368,298.26367,300.86368,300.66367,300.86368,302.06366,301.96368,298.66367,295.76367,295.66367,300.16367,298.86368,294.16367,292.86368,292.36368,290.66367,293.16367,292.46368,293.56366,292.36368,296.86368,295.06366,296.66367,296.16367,298.66367,297.26367,296.46368,297.16367,299.06366,301.66367,301.06366,301.26367,301.16367,301.26367,301.26367
298.96368,299.76367,299.36368,299.56366,300.06366,300.46368,300.66367,300.66367,300.86368,301.86368,303.86368,297.16367,301.76367,297.46368,295.36368,297.16367,297.26367,298.86368,297.66367,297.36368,295.76367,297.26367,297.46368,298.46368,298.16367,299.26367,301.06366,302.66367,303.06366,302.76367,302.56366,302.26367,301.96368,297.56366,292.96368,298.26367,297.46368,292.26367,292.66367,293.06366,292.96368,291.56366,293.06366,292.36368,293.36368,294.56366,298.36368,299.26367,303.66367,303.46368,299.66367,302.16367,302.36368,302.66367,302.46368,301.86368,301.26367,300.96368,301.16367,301.16367
297.76367,298.46368,298.66367,298.66367,299.36368,299.86368,300.06366,300.26367,300.36368,300.76367,301.76367,301.56366,301.26367,296.96368,295.36368,296.26367,295.96368,296.56366,297.16367,297.56366,296.96368,295.66367,295.16367,297.96368,294.56366,299.76367,301.76367,302.96368,302.76367,302.36368,302.26367,302.06366,301.86368,301.56366,297.06366,297.96368,296.36368,293.56366,294.06366,293.56366,295.76367,293.36368,293.96368,293.26367,291.46368,294.16367,300.56366,303.86368,303.36368,303.26367,301.26367,302.26367,302.66367,302.56366,302.36368,301.86368,301.36368,301.26367,301.36368,301.66367
296.76367,298.16367,298.46368,298.16367,298.96368,299.46368,299.76367,300.36368,300.56366,300.16367,300.56366,300.66367,300.76367,298.76367,296.36368,296.66367,296.56366,296.66367,297.36368,296.56366,297.66367,296.56366,295.66367,294.06366,297.36368,301.86368,302.26367,302.46368,302.36368,302.26367,302.06366,301.86368,301.86368,301.56366,298.56366,297.66367,295.96368,293.16367,294.36368,295.86368,294.66367,294.36368,294.16367,292.26367,292.36368,296.46368,304.06366,303.36368,302.56366,296.06366,296.26367,302.16367,302.56366,302.56366,302.36368,302.16367,301.86368,301.66367,301.76367,302.06366
296.96368,298.66367,298.36368,298.06366,298.56366,299.26367,299.56366,300.16367,300.26367,299.96368,300.36368,300.56366,300.56366,297.76367,295.16367,297.26367,296.16367,295.06366,296.26367,296.86368,297.46368,297.36368,295.36368,299.36368,301.76367,301.86368,301.76367,302.06366,302.16367,302.26367,302.06366,301.86368,301.66367,301.46368,301.36368,296.76367,296.06366,294.96368,294.16367,294.56366,295.96368,295.06366,296.26367,297.26367,297.06366,294.56366,297.06366,303.26367,302.86368,302.36368,302.26367,302.66367,302.86368,302.66367,302.36368,302.16367,301.96368,301.66367,301.86368,302.16367
296.86368,298.56366,298.76367,298.36368,298.66367,299.16367,299.36368,299.56366,299.76367,299.96368,300.16367,300.46368,300.46368,300.26367,293.36368,296.16367,297.56366,296.66367,294.96368,296.76367,297.56366,298.36368,298.16367,301.46368,302.06366,302.16367,302.06366,302.16367,302.26367,302.16367,301.96368,301.76367,301.46368,301.36368,301.36368,297.16367,296.96368,301.26367,296.06366,296.06366,297.56366,294.26367,296.66367,296.86368,296.56366,296.46368,295.76367,299.26367,303.36368,303.16367,302.66367,302.66367,302.46368,302.26367,302.06366,301.86368,301.66367,301.76367,301.96368,302.06366
297.36368,298.56366,299.46368,299.26367,299.06366,299.36368,299.56366,299.66367,299.86368,300.06366,300.06366,300.46368,300.66367,300.46368,293.96368,296.06366,296.86368,296.66367,297.26367,295.26367,297.36368,297.86368,301.46368,301.86368,302.16367,302.16367,302.36368,302.26367,302.16367,301.76367,301.66367,301.56366,301.26367,301.26367,301.26367,296.86368,301.46368,301.36368,295.96368,291.76367,298.56366,296.96368,296.46368,298.06366,297.26367,296.86368,294.86368,291.96368,295.76367,303.16367,302.46368,301.66367,301.66367,301.76367,301.66367,301.56366,301.56366,301.76367,301.86368,301.86368
297.86368,298.06366,299.16367,299.36368,299.36368,299.86368,300.26367,300.06366,300.36368,301.06366,300.36368,300.46368,300.66367,300.66367,299.16367,294.26367,295.46368,297.06366,297.76367,297.86368,300.06366,301.76367,301.76367,301.86368,301.96368,301.86368,301.96368,301.86368,301.46368,301.16367,301.36368,301.46368,301.26367,301.26367,301.16367,301.26367,301.26367,301.26367,295.36368,294.66367,300.06366,297.66367,297.36368,297.86368,297.76367,296.96368,294.86368,294.46368,289.96368,300.66367,302.16367,301.26367,301.26367,301.36368,301.36368,301.46368,301.66367,301.76367,301.76367,301.76367
298.16367,298.26367,298.76367,299.36368,299.56366,299.86368,300.26367,300.36368,300.36368,300.66367,300.36368,300.46368,300.46368,300.46368,299.96368,294.16367,294.66367,296.16367,296.06366,297.86368,300.46368,301.76367,302.16367,301.96368,301.96368,301.66367,301.56366,301.66367,301.26367,301.26367,301.46368,301.46368,301.16367,301.26367,301.36368,301.36368,301.26367,301.26367,301.56366,296.16367,298.16367,298.66367,297.16367,297.86368,296.66367,296.96368,296.06366,295.86368,294.36368,297.36368,302.16367,301.06366,301.16367,301.46368,301.36368,301.56366,301.56366,301.76367,301.86368,301.86368
298.66367,298.56366,298.96368,299.36368,299.76367,300.06366,300.36368,300.56366,300.56366,300.56366,300.36368,300.46368,300.36368,300.46368,300.26367,296.36368,293.16367,294.56366,294.56366,297.56366,301.26367,301.06366,301.96368,301.86368,301.86368,301.76367,301.76367,301.76367,301.16367,301.36368,301.56366,301.56366,301.36368,300.86368,301.56366,301.46368,301.36368,301.46368,301.66367,294.96368,299.66367,298.76367,296.26367,298.16367,302.26367,297.56366,296.86368,296.26367,295.66367,297.86368,302.36368,301.36368,301.16367,301.26367,301.56366,301.66367,301.66367,301.76367,301.86368,301.96368
