nws-json/temp_20190823_06.f000.json
{"header": { "discipline":0, "disciplineName":"Meteorological products", "gribEdition":2, "gribLength":50241, "center":7, "centerName":"US National Weather Service - NCEP(WMC)", "subcenter":0, "refTime":"2019-08-23T06:00:00.000Z", "significanceOfRT":1, "significanceOfRTName":"Start of forecast", "productStatus":0, "productStatusName":"Operational products", "productType":1, "productTypeName":"Forecast products", "productDefinitionTemplate":0, "productDefinitionTemplateName":"Analysis/forecast at horizontal level/layer at a point in time", "parameterCategory":0, "parameterCategoryName":"Temperature", "parameterNumber":0, "parameterNumberName":"Temperature", "parameterUnit":"K", "genProcessType":2, "genProcessTypeName":"Forecast", "forecastTime":0, "surface1Type":1, "surface1TypeName":"Ground or water surface", "surface1Value":0.0, "surface2Type":255, "surface2TypeName":"Missing", "surface2Value":0.0, "gridDefinitionTemplate":0, "gridDefinitionTemplateName":"Latitude_Longitude", "numberPoints":65160, "shape":6, "shapeName":"Earth spherical with radius of 6,371,229.0 m", "gridUnits":"degrees", "resolution":48, "winds":"true", "scanMode":0, "nx":360, "ny":181, "basicAngle":0, "lo1":0.0, "la1":90.0, "lo2":359.0, "la2":-90.0, "dx":1.0, "dy":1.0 }, "data":
[rows 130 to 155 of 181, columns 120 to 179 of 360]
283.44025,283.54022,283.74023,283.44025,283.34024,283.34024,283.74023,284.34024,283.54022,282.94025,283.44025,283.54022,283.64023,283.44025,283.44025,284.04022,284.44025,283.94025,284.04022,284.44025,284.94025,285.14023,285.44025,285.54022,284.04022,284.54022,284.64023,284.94025,283.84024,285.84024,285.84024,286.04022,286.04022,286.84024,286.54022,286.44025,286.74023,286.94025,286.94025,286.44025,285.74023,285.84024,286.14023,285.84024,285.84024,285.74023,285.94025,285.84024,285.74023,286.04022,286.24023,286.34024,286.24023,285.84024,285.64023,283.34024,276.74023,285.44025,286.04022,285.84024
283.14023,283.04022,283.04022,282.84024,282.84024,282.84024,282.94025,283.24023,282.94025,282.64023,282.84024,283.24023,283.34024,283.24023,283.04022,283.54022,283.84024,283.74023,283.74023,283.74023,283.94025,284.14023,284.34024,284.54022,284.54022,283.04022,283.84024,284.24023,284.64023,286.04022,286.24023,286.64023,286.64023,286.14023,285.44025,285.34024,285.84024,286.24023,286.24023,285.94025,285.24023,284.84024,285.24023,285.44025,285.64023,285.54022,285.44025,285.54022,285.54022,285.74023,285.84024,285.94025,285.44025,278.84024,282.64023,278.94025,279.74023,285.94025,285.94025,285.04022
282.54022,282.44025,282.14023,282.14023,282.04022,281.74023,281.74023,281.94025,282.04022,282.24023,282.84024,282.94025,282.74023,282.74023,282.94025,283.54022,283.64023,283.84024,283.64023,283.14023,283.34024,283.94025,284.04022,283.94025,284.14023,284.34024,277.74023,280.84024,284.84024,286.04022,286.34024,286.54022,286.54022,285.94025,285.04022,284.84024,284.64023,284.64023,285.34024,285.44025,284.94025,285.04022,284.94025,285.14023,285.14023,284.74023,284.64023,285.04022,285.24023,285.54022,285.84024,285.64023,277.24023,271.14023,282.74023,284.94025,285.44025,285.64023,285.84024,285.14023
282.04022,282.14023,282.04022,281.84024,281.64023,281.64023,281.94025,281.84024,281.74023,281.94025,282.34024,282.44025,282.24023,282.34024,282.74023,283.04022,282.84024,282.84024,283.04022,282.84024,282.74023,282.84024,283.24023,283.64023,283.64023,284.14023,281.44025,282.74023,284.84024,285.14023,284.64023,284.74023,285.14023,284.74023,284.14023,284.04022,284.24023,284.14023,284.34024,284.04022,283.54022,283.94025,284.04022,284.04022,284.34024,284.14023,284.14023,284.74023,285.14023,285.24023,284.84024,273.44025,273.54022,278.34024,284.24023,284.74023,284.74023,284.74023,284.24023,284.34024
281.94025,281.74023,281.54022,281.64023,281.84024,281.84024,281.64023,281.54022,281.64023,282.04022,282.44025,282.44025,282.14023,281.94025,282.24023,282.44025,282.24023,282.24023,282.64023,282.64023,282.44025,282.64023,282.84024,283.34024,283.54022,283.34024,283.64023,284.54022,284.94025,284.64023,283.84024,283.54022,284.04022,283.84024,283.14023,282.94025,283.14023,283.64023,283.54022,283.24023,283.04022,283.14023,283.44025,283.74023,283.94025,284.44025,284.54022,284.84024,285.04022,276.94025,262.44025,277.14023,279.04022,282.64023,282.74023,283.94025,283.54022,283.14023,282.84024,282.84024
281.84024,281.84024,281.54022,281.44025,281.54022,281.54022,281.54022,281.54022,281.44025,281.54022,281.94025,282.04022,281.74023,281.74023,281.94025,282.04022,282.04022,282.24023,282.34024,282.54022,282.64023,282.74023,282.84024,283.04022,283.14023,283.54022,284.04022,284.14023,283.84024,283.44025,283.44025,283.34024,283.34024,283.44025,282.84024,282.44025,282.24023,282.24023,282.64023,282.84024,282.64023,282.44025,282.84024,283.34024,283.54022,283.94025,284.64023,284.84024,274.24023,271.74023,275.64023,279.14023,281.94025,281.04022,280.74023,281.24023,281.44025,281.44025,281.94025,282.04022
280.94025,281.54022,281.64023,281.34024,281.24023,281.44025,281.44025,281.44025,281.44025,281.34024,281.54022,281.64023,281.74023,281.84024,281.94025,281.94025,282.24023,282.34024,281.94025,281.84024,282.14023,282.24023,282.44025,282.34024,282.14023,282.54022,283.24023,283.34024,283.14023,282.84024,282.84024,282.34024,282.14023,282.54022,282.24023,281.74023,281.64023,281.54022,281.64023,282.24023,282.74023,282.44025,282.24023,282.54022,283.14023,283.74023,284.34024,276.44025,279.84024,278.14023,279.14023,281.54022,280.54022,280.64023,280.84024,281.04022,281.14023,281.54022,281.94025,282.04022
279.84024,280.84024,281.44025,281.24023,281.04022,280.94025,281.04022,281.34024,281.34024,281.34024,281.44025,281.34024,281.34024,281.64023,281.74023,281.64023,281.64023,281.74023,281.54022,281.34024,281.54022,281.94025,282.44025,281.94025,281.14023,281.04022,282.04022,282.44025,282.44025,282.34024,282.34024,281.84024,281.34024,281.34024,281.24023,280.84024,281.24023,281.54022,281.54022,281.84024,282.84024,282.74023,282.24023,282.44025,282.64023,283.04022,283.14023,283.54022,278.84024,283.24023,281.64023,280.34024,280.14023,280.04022,280.14023,280.34024,280.54022,280.84024,281.14023,281.14023
280.24023,280.34024,280.54022,280.54022,280.54022,280.24023,280.34024,281.04022,281.34024,281.24023,281.24023,280.94025,281.24023,281.44025,281.34024,281.24023,281.44025,281.64023,281.44025,281.24023,281.44025,281.74023,281.94025,281.74023,281.14023,280.94025,281.34024,281.64023,281.54022,281.14023,281.44025,281.64023,281.24023,280.74023,280.44025,280.44025,280.84024,280.94025,280.74023,280.84024,281.24023,281.44025,281.34024,281.84024,282.74023,282.74023,282.74023,282.74023,282.54022,281.84024,280.84024,280.44025,280.14023,280.04022,280.14023,280.14023,279.94025,279.84024,280.34024,280.64023
279.54022,278.94025,278.64023,278.74023,278.94025,278.84024,279.44025,280.54022,281.04022,280.64023,280.04022,279.84024,280.24023,280.64023,280.54022,280.34024,280.94025,281.04022,281.04022,281.14023,281.14023,281.14023,281.24023,280.94025,280.64023,280.84024,280.94025,280.94025,280.84024,280.84024,281.14023,281.34024,281.04022,280.84024,280.64023,280.44025,280.54022,280.44025,280.54022,280.74023,280.94025,281.14023,281.14023,281.54022,282.34024,282.34024,282.14023,281.74023,280.84024,280.64023,280.64023,280.34024,280.24023,280.14023,279.94025,279.94025,279.54022,278.84024,278.74023,279.24023
277.44025,277.64023,277.74023,278.24023,278.54022,278.54022,278.94025,279.74023,279.84024,279.44025,279.24023,279.24023,279.14023,279.24023,279.24023,279.34024,279.44025,279.44025,279.14023,279.14023,279.84024,280.54022,280.84024,280.64023,280.24023,280.24023,280.44025,280.64023,280.74023,280.44025,280.04022,279.44025,279.54022,280.54022,280.34024,280.14023,280.04022,280.04022,280.14023,280.64023,280.94025,280.94025,280.84024,280.94025,281.34024,281.44025,281.24023,280.74023,280.44025,280.54022,280.64023,280.44025,280.14023,279.94025,279.74023,279.24023,278.84024,278.44025,278.04022,278.34024
276.74023,277.34024,277.64023,277.84024,277.54022,277.64023,278.04022,278.34024,278.04022,277.44025,277.64023,277.94025,277.94025,277.74023,277.64023,277.84024,277.94025,277.94025,278.04022,278.54022,279.24023,279.74023,279.74023,279.64023,279.04022,278.64023,279.14023,280.14023,280.74023,280.54022,279.84024,278.94025,279.24023,280.24023,279.94025,279.54022,279.54022,279.54022,279.74023,280.34024,280.64023,280.34024,279.64023,279.94025,280.64023,280.94025,280.64023,280.54022,280.44025,280.34024,280.34024,280.14023,279.84024,279.74023,279.54022,279.24023,278.54022,278.04022,278.04022,278.44025
276.04022,276.14023,276.24023,276.14023,276.04022,276.54022,277.14023,277.04022,276.34024,276.24023,277.24023,277.94025,278.04022,277.74023,277.44025,277.54022,277.44025,276.94025,277.14023,277.64023,277.44025,277.24023,277.04022,276.74023,276.44025,276.04022,276.74023,278.84024,280.34024,280.84024,280.54022,279.74023,279.64023,280.04022,279.74023,279.24023,278.74023,278.54022,278.94025,279.54022,279.64023,279.04022,278.74023,279.64023,280.24023,280.24023,280.24023,280.34024,280.14023,279.74023,279.74023,279.64023,279.64023,279.54022,279.34024,279.14023,278.54022,278.54022,278.54022,278.64023
275.24023,274.94025,275.34024,275.94025,275.94025,275.94025,276.44025,276.44025,276.34024,276.54022,277.34024,277.74023,277.24023,276.44025,276.34024,276.84024,277.04022,276.54022,276.04022,276.24023,275.94025,275.44025,275.64023,275.64023,275.24023,275.14023,275.44025,276.94025,279.04022,279.64023,279.44025,278.84024,278.44025,278.44025,278.34024,278.04022,277.94025,277.84024,277.64023,277.54022,277.94025,278.34024,279.24023,280.24023,280.24023,279.94025,280.04022,280.24023,280.14023,279.94025,280.04022,279.94025,279.84024,279.54022,279.14023,278.44025,278.14023,278.24023,278.34024,278.44025
274.64023,274.64023,275.04022,275.24023,275.14023,275.24023,275.84024,276.24023,276.34024,276.24023,276.14023,275.94025,275.74023,275.64023,275.94025,276.24023,276.14023,275.94025,275.54022,275.34024,275.24023,274.54022,274.54022,274.64023,274.34024,274.24023,274.54022,275.14023,276.24023,277.44025,277.34024,276.94025,277.14023,277.04022,276.94025,277.14023,277.34024,277.54022,277.14023,276.34024,276.54022,277.14023,278.04022,278.94025,279.74023,280.14023,280.24023,280.24023,280.14023,279.94025,279.84024,279.94025,279.74023,279.24023,278.64023,278.34024,277.94025,278.04022,278.44025,278.54022
274.14023,274.54022,274.94025,274.84024,275.04022,275.34024,275.34024,274.64023,274.84024,275.04022,275.34024,275.44025,275.44025,275.54022,275.84024,275.84024,275.34024,275.34024,275.44025,275.34024,275.04022,274.34024,274.14023,274.14023,273.84024,273.64023,273.04022,272.94025,273.74023,274.94025,275.54022,275.64023,275.34024,275.64023,276.54022,276.94025,277.44025,277.44025,276.54022,275.74023,274.84024,274.74023,275.14023,276.14023,278.14023,279.54022,280.14023,280.24023,280.14023,279.84024,279.64023,279.64023,279.54022,278.94025,278.44025,278.44025,278.34024,278.44025,278.74023,279.24023
274.14023,274.04022,274.84024,274.54022,274.24023,274.74023,274.64023,274.74023,274.94025,275.14023,275.14023,275.14023,275.14023,275.04022,274.94025,274.84024,274.94025,275.14023,275.24023,275.14023,274.74023,274.34024,274.14023,273.84024,273.54022,273.24023,272.64023,272.04022,272.04022,273.44025,274.64023,274.84024,274.44025,274.34024,274.94025,275.74023,276.74023,276.34024,275.54022,274.54022,274.24023,274.74023,274.74023,275.14023,276.24023,278.04022,278.84024,279.34024,279.54022,279.24023,279.04022,279.04022,279.14023,279.14023,279.04022,278.74023,278.24023,277.64023,277.84024,278.64023
273.74023,273.64023,273.44025,273.34024,273.34024,273.64023,273.84024,274.04022,274.34024,274.34024,274.14023,273.94025,274.44025,274.74023,274.44025,274.24023,274.54022,274.84024,274.64023,274.44025,274.44025,274.54022,274.34024,273.74023,273.34024,273.04022,272.84024,272.04022,271.64023,272.34024,273.94025,274.24023,273.74023,273.54022,273.64023,273.84024,272.14023,274.34024,274.74023,274.64023,274.44025,274.54022,274.74023,275.34024,276.04022,277.04022,277.84024,278.34024,278.64023,278.74023,278.54022,278.24023,278.34024,278.44025,278.54022,278.34024,277.74023,276.94025,276.44025,276.54022
273.04022,273.04022,273.04022,272.84024,272.94025,273.14023,273.44025,273.54022,273.74023,273.54022,273.24023,273.34024,273.74023,274.24023,274.34024,274.14023,274.24023,274.54022,274.24023,273.84024,273.84024,274.24023,274.24023,273.64023,273.14023,273.04022,272.94025,272.34024,271.94025,271.94025,272.84024,273.44025,273.04022,273.14023,273.24023,272.94025,272.84024,273.34024,275.14023,275.54022,274.64023,274.24023,274.54022,275.34024,276.04022,276.34024,276.54022,276.74023,277.44025,278.04022,278.34024,278.24023,277.94025,277.94025,278.14023,277.94025,277.44025,276.94025,276.34024,276.24023
272.64023,272.54022,272.24023,272.04022,272.04022,272.24023,272.54022,272.94025,273.04022,273.14023,272.94025,272.94025,272.94025,273.04022,273.04022,273.24023,273.14023,273.04022,273.14023,273.14023,273.34024,273.34024,273.24023,273.04022,272.84024,272.84024,272.94025,272.44025,271.84024,271.54022,271.64023,271.94025,272.24023,272.24023,272.44025,272.34024,272.24023,272.84024,273.64023,274.24023,272.94025,273.94025,274.94025,275.54022,275.44025,275.24023,275.44025,275.64023,276.14023,277.04022,277.54022,277.44025,277.44025,277.44025,277.04022,276.14023,275.94025,276.04022,275.94025,276.04022
271.74023,272.14023,272.24023,271.94025,271.74023,271.54022,271.54022,271.84024,272.14023,272.14023,272.04022,272.14023,272.24023,272.34024,272.34024,272.44025,272.34024,272.34024,272.44025,272.54022,272.34024,272.14023,272.24023,272.44025,272.54022,272.64023,272.64023,272.24023,271.64023,271.44025,271.44025,271.54022,271.54022,271.64023,272.34024,272.54022,272.74023,272.74023,272.74023,272.94025,273.14023,273.04022,273.84024,274.44025,274.44025,274.04022,273.94025,274.44025,275.24023,275.84024,275.74023,275.74023,275.84024,275.94025,275.24023,274.84024,274.64023,274.44025,274.64023,274.74023
271.24023,271.24023,271.24023,271.24023,271.24023,271.24023,271.24023,271.44025,271.44025,271.54022,271.64023,271.74023,271.84024,271.84024,271.84024,271.84024,271.74023,271.74023,271.74023,271.64023,271.64023,271.34024,271.24023,271.24023,271.44025,271.54022,271.34024,271.24023,271.24023,271.24023,270.24023,267.64023,270.74023,269.44025,269.44025,270.84024,271.54022,270.34024,270.44025,272.44025,272.54022,272.24023,272.04022,272.34024,272.54022,272.54022,272.74023,273.14023,273.84024,274.24023,274.44025,274.64023,274.84024,274.84024,274.34024,274.44025,274.14023,274.04022,273.94025,273.84024
267.64023,266.34024,266.14023,266.94025,271.24023,271.24023,271.24023,271.24023,271.24023,271.24023,271.34024,271.44025,271.54022,271.44025,271.34024,271.24023,271.44025,259.94025,267.04022,257.64023,260.74023,260.64023,266.34024,264.44025,255.84024,258.74023,260.94025,255.94023,257.74023,262.14023,261.24023,261.74023,267.24023,266.04022,269.64023,268.94025,268.64023,269.74023,270.44025,270.04022,268.84024,267.24023,267.04022,269.14023,269.84024,271.34024,271.34024,272.24023,272.74023,273.04022,273.44025,273.94025,274.34024,274.84024,274.74023,274.44025,273.54022,273.74023,273.34024,273.34024
261.44025,265.44025,267.94025,265.84024,260.94025,260.64023,266.04022,263.64023,264.74023,262.84024,269.64023,268.84024,269.04022,270.34024,258.04022,245.44023,244.04024,243.74023,243.64023,244.54024,244.34024,245.34024,247.54024,253.74023,250.14023,250.14023,249.64023,250.84024,252.04024,252.14023,253.74023,256.94025,263.04022,263.64023,266.04022,265.14023,264.34024,264.54022,266.04022,265.94025,266.04022,265.54022,266.04022,267.34024,270.24023,271.14023,270.44025,269.94025,269.94025,270.24023,270.44025,269.24023,267.44025,262.94025,264.44025,268.34024,271.94025,272.24023,272.34024,272.44025
269.94025,267.44025,271.14023,267.24023,262.44025,255.74023,248.64023,246.34024,245.24023,248.64023,244.84024,243.64023,245.04024,244.04024,243.24023,244.04024,242.34024,242.34024,242.94023,243.44023,243.44023,243.44023,243.64023,243.64023,246.04024,247.64023,248.04024,248.84024,248.04024,249.34024,250.44023,250.84024,252.54024,253.04024,254.64023,260.34024,266.44025,267.24023,267.54022,267.84024,267.24023,267.84024,268.64023,271.04022,268.94025,267.74023,266.14023,265.04022,263.34024,261.54022,260.74023,258.24023,257.54022,256.64023,256.34024,256.04022,262.24023,271.24023,271.14023,269.44025
245.34024,245.44023,244.94023,245.24023,244.44023,242.74023,242.64023,242.44023,242.54024,242.44023,242.44023,242.34024,242.44023,242.94023,242.64023,241.64023,242.54024,241.84024,241.14023,241.04024,241.24023,242.24023,243.04024,242.64023,243.04024,242.04024,240.64023,244.54024,245.64023,246.34024,248.54024,249.74023,249.24023,250.44023,251.04024,251.64023,252.94023,253.74023,254.24023,255.04024,255.84024,255.74023,255.94023,255.54024,255.84024,255.94023,255.24023,255.44023,255.34024,256.04022,255.34024,255.04024,254.34024,253.64023,253.84024,254.44023,252.84024,255.44023,260.34024,259.74023
