nws-json/temp_20190821_06.f000.json
{"header": { "discipline":0, "disciplineName":"Meteorological products", "gribEdition":2, "gribLength":50002, "center":7, "centerName":"US National Weather Service - NCEP(WMC)", "subcenter":0, "refTime":"2019-08-21T06:00:00.000Z", "significanceOfRT":1, "significanceOfRTName":"Start of forecast", "productStatus":0, "productStatusName":"Operational products", "productType":1, "productTypeName":"Forecast products", "productDefinitionTemplate":0, "productDefinitionTemplateName":"Analysis/forecast at horizontal level/layer at a point in time", "parameterCategory":0, "parameterCategoryName":"Temperature", "parameterNumber":0, "parameterNumberName":"Temperature", "parameterUnit":"K", "genProcessType":2, "genProcessTypeName":"Forecast", "forecastTime":0, "surface1Type":1, "surface1TypeName":"Ground or water surface", "surface1Value":0.0, "surface2Type":255, "surface2TypeName":"Missing", "surface2Value":0.0, "gridDefinitionTemplate":0, "gridDefinitionTemplateName":"Latitude_Longitude", "numberPoints":65160, "shape":6, "shapeName":"Earth spherical with radius of 6,371,229.0 m", "gridUnits":"degrees", "resolution":48, "winds":"true", "scanMode":0, "nx":360, "ny":181, "basicAngle":0, "lo1":0.0, "la1":90.0, "lo2":359.0, "la2":-90.0, "dx":1.0, "dy":1.0 }, "data":
[rows 52 to 77 of 181, columns 180 to 239 of 360]
295.20172,296.10175,296.00174,295.80173,296.30173,296.40173,296.10175,295.60175,295.50174,295.40173,295.40173,295.20172,295.20172,295.40173,295.40173,295.40173,295.40173,295.10175,294.90173,294.60175,294.30173,294.50174,294.40173,294.90173,294.40173,294.50174,294.50174,294.80173,295.10175,294.90173,294.90173,294.70172,294.80173,295.20172,295.40173,295.80173,295.90173,295.80173,295.70172,295.80173,296.00174,296.20172,296.00174,295.80173,295.90173,295.90173,296.00174,295.70172,295.20172,294.70172,294.20172,293.20172,292.30173,291.70172,290.60175,289.70172,288.00174,286.20172,291.40173,287.80173
296.40173,296.30173,296.10175,296.20172,296.70172,297.00174,297.00174,296.20172,296.00174,296.50174,296.40173,296.00174,296.00174,296.00174,296.10175,296.10175,296.00174,295.60175,295.50174,295.20172,295.10175,295.00174,295.20172,295.50174,295.00174,295.10175,295.10175,295.30173,295.40173,295.50174,295.60175,295.40173,295.50174,295.90173,295.90173,296.40173,296.70172,296.70172,296.60175,296.60175,296.60175,296.70172,296.50174,296.40173,296.40173,296.10175,296.00174,295.70172,295.10175,294.90173,294.40173,293.90173,293.50174,293.30173,292.30173,290.60175,290.10175,289.60175,288.80173,287.70172
297.20172,297.00174,296.70172,296.70172,297.30173,297.30173,297.30173,297.20172,297.20172,297.70172,297.30173,297.10175,297.40173,297.10175,296.90173,297.30173,296.80173,296.00174,295.90173,295.80173,295.60175,295.30173,295.70172,295.80173,295.90173,295.60175,295.80173,295.70172,295.70172,296.00174,296.20172,296.20172,296.30173,296.60175,296.70172,297.00174,297.10175,297.10175,297.30173,297.40173,297.10175,296.90173,296.80173,296.90173,296.80173,296.20172,296.00174,295.90173,295.50174,295.20172,294.80173,294.20172,293.50174,292.80173,292.30173,291.00174,290.60175,290.30173,288.30173,286.80173
297.70172,297.50174,297.10175,296.90173,297.30173,297.50174,297.50174,297.80173,298.50174,298.80173,298.40173,297.80173,297.90173,297.70172,297.70172,297.80173,297.50174,297.00174,296.90173,296.80173,296.50174,296.30173,296.50174,296.70172,296.60175,296.50174,296.50174,296.30173,296.30173,296.60175,296.80173,296.80173,296.90173,297.10175,297.40173,297.50174,297.30173,297.30173,297.50174,297.50174,297.30173,297.10175,296.90173,297.00174,297.10175,296.60175,296.60175,296.30173,296.10175,295.70172,294.50174,293.90173,293.40173,292.50174,291.80173,291.40173,291.20172,290.60175,290.30173,288.70172
298.00174,298.00174,297.70172,297.70172,298.10175,298.20172,298.30173,298.70172,299.10175,299.40173,299.30173,298.90173,298.60175,298.30173,298.50174,298.40173,298.00174,297.60175,297.60175,297.50174,297.10175,297.00174,297.40173,297.50174,297.40173,297.30173,297.20172,297.00174,297.00174,297.10175,297.40173,297.40173,297.30173,297.20172,297.30173,297.10175,297.30173,297.40173,297.60175,297.70172,297.70172,297.40173,297.20172,296.90173,296.90173,296.40173,296.40173,296.60175,296.20172,295.50174,294.30173,294.20172,293.70172,292.80173,292.60175,292.50174,291.70172,290.90173,290.80173,289.20172
298.70172,298.80173,298.70172,298.80173,298.90173,299.10175,299.30173,299.40173,299.60175,299.60175,299.70172,299.40173,299.20172,298.90173,299.00174,298.90173,298.50174,298.30173,298.10175,298.00174,297.80173,297.80173,297.90173,297.90173,297.80173,297.80173,297.50174,297.50174,297.50174,297.40173,297.50174,297.40173,297.40173,297.50174,297.40173,297.50174,297.80173,297.70172,297.70172,297.70172,297.70172,297.50174,297.40173,297.20172,297.40173,296.50174,296.50174,296.50174,295.70172,295.20172,294.70172,294.70172,294.30173,293.50174,293.10175,292.80173,292.10175,291.40173,290.90173,289.70172
299.30173,299.30173,299.40173,299.60175,299.70172,299.70172,299.70172,299.80173,300.00174,299.90173,299.90173,299.70172,299.60175,299.70172,299.40173,299.20172,299.20172,298.80173,298.70172,298.40173,298.20172,298.20172,298.30173,298.30173,298.20172,298.20172,298.20172,298.30173,298.10175,298.00174,297.90173,297.90173,297.90173,297.90173,297.80173,298.10175,298.20172,297.80173,297.60175,297.50174,297.40173,297.40173,297.40173,297.50174,297.60175,297.20172,296.80173,296.10175,295.60175,295.30173,295.10175,294.70172,294.50174,294.20172,293.50174,293.00174,292.20172,291.80173,291.10175,290.40173
299.80173,300.00174,300.20172,300.30173,300.00174,299.90173,300.30173,300.40173,300.30173,300.30173,300.10175,300.20172,300.20172,300.20172,300.20172,300.10175,300.40173,299.50174,299.20172,299.30173,299.00174,298.90173,298.90173,298.90173,299.00174,298.80173,298.80173,298.70172,298.60175,298.50174,298.60175,298.40173,298.30173,298.00174,297.80173,298.00174,297.90173,297.80173,297.50174,297.50174,297.50174,297.50174,297.60175,297.30173,297.10175,296.90173,296.60175,296.30173,296.20172,295.60175,295.10175,294.80173,294.40173,294.20172,293.50174,292.90173,292.20172,292.20172,291.90173,291.10175
300.30173,300.20172,300.50174,300.70172,300.40173,300.50174,300.60175,300.60175,300.50174,300.80173,300.60175,300.70172,300.70172,300.50174,300.60175,300.30173,300.30173,300.30173,300.00174,299.80173,299.60175,299.40173,299.30173,299.30173,299.30173,299.20172,299.10175,299.00174,299.00174,298.90173,298.80173,298.60175,298.40173,298.30173,298.00174,297.70172,297.90173,297.90173,297.70172,297.60175,297.40173,297.60175,297.40173,297.00174,296.80173,296.70172,296.50174,296.40173,296.00174,295.70172,295.20172,295.00174,294.90173,294.20172,293.30173,292.60175,292.30173,292.10175,292.10175,292.00174
300.80173,300.90173,300.90173,300.90173,300.70172,300.80173,300.80173,301.00174,301.10175,300.90173,301.10175,301.10175,301.20172,300.60175,300.70172,300.80173,300.90173,300.60175,300.30173,300.20172,300.00174,299.80173,299.70172,299.80173,299.80173,299.50174,299.30173,299.30173,299.20172,299.00174,298.80173,298.70172,298.70172,298.40173,298.20172,298.10175,298.20172,298.30173,298.10175,297.90173,297.70172,297.20172,297.00174,296.80173,296.60175,296.30173,296.10175,296.00174,295.70172,295.70172,295.20172,294.90173,294.80173,294.20172,293.50174,293.10175,292.80173,292.10175,291.90173,292.10175
301.20172,301.30173,301.20172,301.20172,301.00174,301.10175,301.20172,301.20172,301.20172,300.90173,300.90173,301.30173,301.30173,301.00174,301.00174,301.20172,300.80173,300.50174,300.40173,300.40173,300.10175,300.10175,300.30173,300.20172,300.10175,299.60175,299.50174,299.80173,299.60175,299.20172,299.10175,299.10175,299.10175,298.80173,298.70172,298.70172,298.40173,298.20172,298.00174,298.00174,297.30173,296.90173,296.70172,296.70172,296.70172,296.30173,296.00174,295.80173,295.30173,295.40173,295.10175,294.50174,294.40173,294.00174,293.40173,292.60175,292.10175,291.60175,291.50174,291.60175
301.50174,301.50174,301.40173,301.30173,301.20172,301.00174,301.10175,301.10175,301.00174,301.00174,301.00174,301.20172,301.10175,300.90173,300.90173,300.90173,300.90173,300.90173,300.60175,300.40173,300.10175,300.10175,300.10175,300.30173,300.20172,299.90173,299.80173,299.80173,299.70172,299.60175,299.50174,299.40173,299.60175,299.00174,298.40173,298.60175,298.30173,297.70172,297.80173,297.60175,297.30173,297.20172,296.90173,296.60175,296.40173,296.20172,296.20172,296.20172,295.30173,295.10175,294.80173,294.50174,294.10175,293.50174,292.50174,292.30173,292.30173,292.00174,291.60175,291.40173
301.40173,301.50174,301.60175,301.30173,301.30173,301.20172,301.00174,300.90173,301.00174,300.90173,301.00174,301.20172,301.20172,300.80173,300.70172,300.70172,300.90173,300.70172,300.10175,300.20172,300.40173,300.40173,300.30173,300.10175,300.00174,300.00174,299.90173,299.70172,299.50174,299.30173,299.30173,299.20172,298.90173,298.20172,298.10175,298.10175,297.90173,297.70172,297.60175,297.60175,297.50174,297.20172,297.00174,296.80173,296.40173,296.10175,296.10175,295.80173,295.10175,295.20172,294.80173,294.50174,294.20172,293.60175,292.70172,292.30173,292.50174,292.20172,292.10175,292.10175
301.80173,301.80173,301.90173,301.50174,301.30173,301.40173,301.20172,301.20172,301.10175,301.10175,301.10175,301.10175,301.00174,300.70172,300.60175,300.70172,300.90173,300.50174,300.10175,300.20172,300.60175,300.70172,300.60175,300.10175,300.00174,299.90173,299.90173,299.80173,299.60175,299.30173,299.30173,299.10175,298.80173,298.40173,298.30173,298.20172,297.90173,297.60175,297.80173,297.80173,297.60175,297.20172,297.40173,296.80173,296.40173,296.20172,295.80173,295.50174,295.10175,295.20172,294.70172,294.50174,294.50174,294.10175,293.40173,292.90173,292.50174,292.60175,293.00174,293.70172
301.60175,301.80173,301.80173,301.60175,301.30173,301.30173,301.30173,301.10175,301.10175,301.20172,301.30173,301.20172,301.00174,300.90173,301.00174,301.10175,300.90173,300.30173,300.20172,300.50174,300.80173,300.60175,300.50174,300.20172,300.00174,299.90173,299.90173,299.90173,299.80173,299.60175,299.30173,298.90173,298.90173,298.60175,298.40173,298.30173,298.10175,298.10175,298.30173,297.90173,297.50174,297.30173,297.20172,296.80173,296.20172,296.10175,296.00174,295.70172,295.40173,295.60175,295.50174,295.20172,295.40173,295.00174,294.20172,293.60175,293.60175,293.90173,294.70172,294.80173
301.60175,301.60175,301.70172,301.60175,301.40173,301.40173,301.30173,301.10175,301.10175,301.40173,301.50174,301.30173,301.30173,301.30173,301.30173,301.30173,301.00174,300.70172,300.70172,300.60175,300.70172,300.50174,300.30173,300.10175,300.10175,299.90173,299.70172,299.70172,299.80173,299.50174,299.30173,299.00174,298.80173,298.60175,298.40173,298.40173,298.50174,298.50174,298.20172,297.70172,297.30173,297.30173,297.30173,297.10175,296.60175,296.10175,295.90173,295.90173,296.00174,296.10175,296.70172,296.50174,296.10175,295.90173,295.40173,295.20172,295.40173,296.00174,296.10175,295.90173
301.60175,301.50174,301.70172,301.60175,301.50174,301.60175,301.60175,301.40173,301.50174,301.80173,301.80173,301.60175,301.50174,301.50174,301.50174,301.40173,301.30173,301.00174,300.90173,301.00174,301.40173,301.00174,299.90173,300.10175,300.00174,299.80173,299.70172,299.80173,299.80173,299.60175,299.50174,299.10175,298.70172,298.60175,298.70172,298.80173,298.80173,298.40173,297.80173,297.90173,297.80173,297.50174,297.20172,297.00174,297.00174,296.80173,296.90173,297.00174,297.00174,297.30173,297.60175,297.00174,296.50174,296.50174,296.50174,296.20172,296.60175,297.20172,297.20172,297.10175
301.70172,301.60175,301.70172,301.60175,301.60175,301.90173,302.00174,301.70172,301.80173,302.10175,302.10175,301.80173,301.60175,301.60175,301.70172,301.60175,301.50174,301.20172,301.00174,301.10175,301.50174,301.50174,301.10175,300.80173,300.20172,300.10175,300.00174,300.00174,299.80173,299.60175,299.50174,299.30173,298.90173,298.70172,298.80173,299.00174,298.80173,298.20172,297.80173,298.10175,298.20172,297.50174,297.10175,297.20172,297.40173,297.50174,297.70172,298.10175,298.10175,298.10175,297.80173,297.20172,296.90173,297.60175,297.90173,297.90173,297.80173,297.70172,297.70172,297.60175
302.00174,301.90173,302.10175,302.00174,302.00174,302.20172,302.10175,301.90173,301.90173,302.00174,302.10175,302.00174,301.90173,301.80173,301.80173,301.70172,301.50174,301.40173,301.30173,301.30173,301.40173,301.30173,301.10175,301.00174,300.90173,300.30173,300.40173,300.30173,300.00174,299.50174,299.30173,299.20172,299.10175,299.00174,299.30173,299.10175,298.70172,298.50174,298.30173,298.50174,298.50174,298.20172,298.00174,297.90173,298.10175,298.60175,298.80173,298.80173,298.50174,298.10175,297.70172,297.70172,297.90173,298.00174,298.50174,299.00174,298.80173,298.10175,297.90173,298.10175
302.10175,302.00174,302.10175,302.10175,302.00174,302.20172,302.10175,302.00174,301.90173,302.00174,302.10175,302.10175,301.80173,301.70172,301.70172,301.50174,301.20172,301.30173,301.30173,301.30173,301.20172,300.80173,300.70172,300.80173,300.80173,300.30173,300.30173,300.20172,300.00174,299.70172,299.40173,299.30173,299.40173,299.60175,299.80173,299.50174,299.00174,299.00174,298.70172,298.60175,298.80173,299.10175,298.90173,298.70172,298.70172,299.00174,299.10175,298.80173,298.50174,298.10175,298.00174,298.80173,298.70172,298.40173,298.40173,299.10175,299.30173,299.10175,298.70172,298.70172
302.00174,301.90173,301.90173,301.90173,302.00174,302.10175,302.20172,302.10175,302.20172,302.10175,302.10175,302.00174,301.70172,301.50174,301.50174,301.20172,301.10175,301.10175,301.00174,301.00174,300.80173,300.50174,300.40173,300.40173,300.50174,300.50174,300.50174,300.30173,300.20172,299.90173,299.70172,299.50174,299.60175,299.90173,300.10175,299.90173,299.60175,299.60175,299.40173,299.30173,299.50174,299.50174,299.30173,299.40173,299.40173,299.30173,299.30173,299.10175,298.90173,298.80173,299.20172,299.50174,299.60175,299.20172,298.90173,299.30173,299.80173,299.90173,299.90173,300.00174
302.00174,302.00174,302.00174,302.00174,302.10175,302.20172,302.30173,302.10175,302.20172,302.10175,302.00174,301.90173,301.60175,301.40173,301.30173,301.20172,301.10175,301.00174,301.00174,300.90173,300.70172,300.70172,300.60175,300.50174,300.60175,300.70172,300.70172,300.50174,300.40173,300.30173,300.00174,299.80173,299.80173,300.10175,300.20172,300.10175,300.20172,300.20172,300.10175,300.00174,300.00174,299.90173,300.00174,300.10175,299.90173,299.70172,299.70172,299.80173,299.80173,299.90173,300.20172,300.30173,300.10175,299.90173,299.90173,300.10175,300.20172,300.00174,300.20172,300.60175
302.10175,302.20172,302.20172,302.10175,302.20172,302.30173,302.20172,302.10175,302.00174,301.80173,301.70172,301.70172,301.40173,301.40173,301.30173,301.20172,301.20172,301.10175,301.10175,301.00174,301.10175,301.00174,300.90173,300.80173,300.90173,301.00174,300.80173,300.70172,300.50174,300.60175,300.50174,300.20172,300.20172,300.50174,300.40173,300.60175,300.70172,300.90173,300.70172,300.70172,300.50174,300.20172,300.40173,300.30173,300.20172,300.00174,300.10175,300.40173,300.50174,300.50174,300.70172,300.70172,300.40173,300.20172,300.50174,300.80173,300.70172,300.40173,300.60175,300.90173
302.20172,302.10175,302.10175,302.10175,302.30173,302.20172,302.00174,302.00174,301.90173,301.80173,301.70172,301.60175,301.40173,301.40173,301.40173,301.30173,301.30173,301.30173,301.20172,301.10175,301.10175,301.10175,301.20172,301.20172,301.20172,301.20172,301.00174,300.80173,300.80173,300.90173,300.90173,300.80173,300.90173,300.80173,300.80173,300.90173,301.20172,301.20172,301.00174,301.10175,300.90173,300.90173,300.80173,300.60175,300.30173,300.20172,300.20172,300.30173,300.60175,300.50174,300.30173,300.80173,300.50174,300.30173,300.70172,300.90173,301.20172,301.20172,301.00174,301.00174
302.10175,302.00174,302.10175,302.10175,302.10175,302.00174,302.00174,301.90173,301.90173,301.80173,301.70172,301.50174,301.50174,301.60175,301.60175,301.50174,301.50174,301.50174,301.40173,301.20172,301.10175,301.20172,301.50174,301.60175,301.60175,301.40173,301.20172,301.10175,301.20172,301.30173,301.20172,301.30173,301.30173,301.50174,301.50174,301.50174,301.50174,301.60175,301.40173,301.20172,301.20172,301.20172,301.40173,301.40173,301.00174,300.90173,300.40173,300.90173,300.90173,300.80173,300.60175,300.80173,300.80173,301.10175,301.30173,301.40173,301.50174,301.50174,301.40173,301.20172
302.00174,301.90173,302.00174,302.00174,302.00174,301.90173,301.70172,301.70172,301.90173,301.80173,301.70172,301.70172,301.70172,301.60175,301.70172,301.70172,301.70172,301.60175,301.50174,301.40173,301.30173,301.30173,301.50174,301.70172,301.80173,301.70172,301.50174,301.30173,301.20172,301.40173,301.50174,301.50174,301.70172,301.70172,301.70172,301.60175,301.70172,301.80173,301.50174,301.30173,301.40173,301.50174,301.70172,301.70172,301.60175,301.30173,301.10175,301.30173,301.40173,301.30173,301.00174,300.80173,300.80173,301.10175,301.30173,301.50174,301.70172,301.60175,301.40173,301.30173
