nws-json/temp_20190823_00.f000.json
{"header": { "discipline":0, "disciplineName":"Meteorological products", "gribEdition":2, "gribLength":49979, "center":7, "centerName":"US National Weather Service - NCEP(WMC)", "subcenter":0, "refTime":"2019-08-23T00:00:00.000Z", "significanceOfRT":1, "significanceOfRTName":"Start of forecast", "productStatus":0, "productStatusName":"Operational products", "productType":1, "productTypeName":"Forecast products", "productDefinitionTemplate":0, "productDefinitionTemplateName":"Analysis/forecast at horizontal level/layer at a point in time", "parameterCategory":0, "parameterCategoryName":"Temperature", "parameterNumber":0, "parameterNumberName":"Temperature", "parameterUnit":"K", "genProcessType":2, "genProcessTypeName":"Forecast", "forecastTime":0, "surface1Type":1, "surface1TypeName":"Ground or water surface", "surface1Value":0.0, "surface2Type":255, "surface2TypeName":"Missing", "surface2Value":0.0, "gridDefinitionTemplate":0, "gridDefinitionTemplateName":"Latitude_Longitude", "numberPoints":65160, "shape":6, "shapeName":"Earth spherical with radius of 6,371,229.0 m", "gridUnits":"degrees", "resolution":48, "winds":"true", "scanMode":0, "nx":360, "ny":181, "basicAngle":0, "lo1":0.0, "la1":90.0, "lo2":359.0, "la2":-90.0, "dx":1.0, "dy":1.0 }, "data":
[rows 68 to 101 of 181, columns 231 to 307 of 360]
297.1,296.5,296.5,296.5,296.1,296.5,297.1,297.2,297.1,297.3,297.9,298.2,298.3,298.9,299.3,299.5,300.0,300.6,300.7,300.9,301.6,302.4,303.4,304.3,300.0,293.5,294.0,298.8,297.3,300.0,302.7,302.6,303.2,303.1,303.1,303.0,302.8,302.5,302.6,301.6,301.3,301.1,301.2,302.4,303.7,302.8,301.2,304.0,303.3,295.4,297.2,300.9,302.3,302.1,302.2,302.4,302.3,302.4,302.1,302.1,302.2,302.1,302.1,302.1,302.0,301.9,301.9,301.8,301.7,301.6,301.6,301.5,301.4,301.3,301.1,301.0,301.1
297.2,296.9,297.5,297.8,297.7,297.6,297.6,297.7,297.7,298.0,298.8,299.4,299.2,299.3,299.7,299.9,300.3,300.5,300.6,301.2,302.0,302.2,303.0,303.6,296.9,295.0,297.4,294.2,294.7,297.9,296.6,300.9,302.5,302.9,303.0,302.9,302.9,302.8,301.6,303.5,305.5,304.0,300.5,302.2,303.1,303.5,303.5,303.6,303.9,303.8,303.8,298.8,298.3,300.2,302.2,302.3,302.1,302.0,301.9,301.9,302.0,302.1,302.1,302.0,302.1,302.0,301.9,301.8,301.7,301.5,301.5,301.4,301.3,301.2,301.2,301.1,301.0
297.7,297.8,298.1,298.3,298.8,298.6,297.9,297.8,298.1,298.7,299.5,300.0,299.9,299.9,300.5,300.9,300.8,300.7,300.9,301.4,302.1,302.5,302.8,303.1,297.2,297.2,290.9,290.5,290.9,286.3,289.8,289.8,300.2,302.4,302.7,302.8,302.8,302.8,302.1,306.5,306.0,301.9,302.1,302.5,302.9,303.0,303.0,303.5,304.1,303.9,303.6,303.2,296.6,299.4,299.4,302.7,302.6,302.0,301.9,301.9,302.0,301.9,301.8,301.8,301.8,301.7,301.8,301.9,301.7,301.6,301.4,301.4,301.2,301.2,301.3,301.2,301.0
298.7,298.5,298.2,298.2,298.9,299.1,298.8,298.6,298.5,299.3,300.1,300.6,300.5,300.6,301.3,301.4,301.3,301.5,301.8,301.4,301.7,302.4,302.5,302.6,302.7,299.6,292.7,299.3,295.7,287.3,289.7,290.5,291.6,301.9,302.6,302.7,302.8,302.6,301.9,306.1,303.7,301.0,301.9,302.3,302.5,302.6,302.9,303.0,303.3,303.3,303.2,303.0,303.2,303.6,302.9,303.0,302.9,296.1,288.1,296.2,296.9,301.7,301.7,301.8,301.9,302.0,301.9,301.7,301.7,301.7,301.6,301.3,301.1,301.3,301.2,301.1,300.9
299.4,299.3,298.9,298.7,299.0,299.4,299.6,299.6,299.8,300.1,300.5,300.8,300.8,301.3,301.9,302.0,302.0,302.2,302.4,302.3,302.4,302.5,302.7,302.9,302.8,303.0,303.0,302.4,291.5,295.7,296.9,295.2,298.0,301.6,300.8,301.6,301.7,301.1,302.3,303.8,301.6,302.5,302.0,302.0,301.8,302.0,302.2,302.4,302.6,302.8,303.0,303.0,298.8,302.7,302.6,301.9,302.1,302.3,301.5,302.1,302.2,302.0,300.5,296.8,302.2,302.3,302.2,302.0,301.8,301.8,301.6,301.4,301.2,301.3,301.2,300.9,300.8
300.0,299.9,299.7,299.6,299.8,299.8,299.5,299.8,300.2,300.4,300.9,301.1,301.1,301.6,302.1,302.2,302.3,302.5,302.5,302.6,302.7,302.8,302.9,303.0,303.2,303.1,302.8,302.9,302.9,298.7,295.0,295.3,290.4,292.5,299.6,296.4,294.0,293.9,301.1,302.8,299.7,302.4,302.0,301.9,301.6,301.6,301.8,301.9,301.9,301.8,302.0,302.0,302.0,302.1,302.1,301.9,301.8,301.8,301.8,301.9,302.0,301.9,302.1,302.0,302.1,302.2,302.3,302.2,301.9,301.7,301.7,301.6,301.5,301.3,301.1,301.0,301.0
300.5,300.2,300.0,300.2,300.3,300.1,299.9,300.3,300.5,300.9,301.1,301.3,301.5,301.8,302.1,302.0,302.2,302.4,302.1,302.3,302.8,302.8,302.7,303.0,303.2,302.9,302.7,302.9,302.8,302.9,303.0,303.1,298.8,295.1,303.0,303.5,296.3,296.1,302.1,299.5,301.2,302.6,302.2,301.7,301.1,301.9,301.6,301.4,301.4,301.6,301.8,301.9,302.1,302.1,301.9,301.8,301.8,301.5,301.6,301.9,301.9,302.0,302.2,302.1,302.2,302.2,302.3,302.2,302.0,301.8,301.8,301.8,301.6,301.4,301.3,301.3,301.2
300.5,300.4,300.3,300.6,300.6,300.7,300.8,300.8,300.9,301.3,301.4,301.3,301.4,301.4,301.6,301.8,302.0,302.0,301.7,302.1,302.5,302.3,302.4,302.7,302.6,302.5,302.8,303.1,303.3,303.0,303.0,302.9,303.4,303.3,303.5,303.3,303.3,293.1,290.0,292.6,294.9,295.1,293.1,295.1,297.7,298.8,301.8,301.2,301.4,301.6,301.8,301.9,302.1,301.9,301.8,301.6,301.4,301.3,301.8,302.0,301.8,301.9,302.1,302.1,302.1,302.1,302.2,302.2,302.0,301.9,302.0,302.0,301.8,301.8,301.4,301.3,301.3
300.7,300.6,301.0,301.2,301.0,301.0,301.1,301.3,301.4,302.1,302.4,301.6,301.4,301.4,301.2,301.5,301.7,301.6,301.6,301.9,302.2,302.2,302.2,302.4,302.5,302.4,302.7,302.9,302.9,303.6,303.8,303.1,304.8,304.1,304.0,304.0,303.9,304.5,299.5,295.7,298.2,291.1,293.9,293.6,296.8,299.0,301.9,301.2,301.4,301.5,301.6,301.6,301.7,301.5,301.2,301.0,301.0,301.2,301.8,301.8,301.7,301.6,301.7,301.9,302.1,302.2,302.4,302.3,300.5,302.0,301.9,301.7,301.7,301.7,301.3,301.2,301.2
300.8,300.7,300.9,301.1,301.2,301.3,301.1,300.9,300.9,300.6,300.9,301.2,301.4,301.2,301.0,301.1,301.1,301.2,301.5,301.8,302.1,302.3,302.1,302.1,302.3,302.3,302.5,302.4,303.0,305.4,303.5,303.8,303.3,303.1,303.3,303.2,303.6,304.6,303.3,302.8,302.7,303.1,302.3,294.4,297.2,298.9,301.8,301.4,301.4,301.5,301.3,301.3,301.3,301.3,301.3,301.0,300.7,300.3,300.9,301.6,301.5,301.5,301.5,301.7,301.7,302.1,302.3,302.3,302.1,302.0,301.7,301.6,301.6,301.4,301.4,301.4,301.2
301.0,300.9,301.1,301.2,301.4,301.8,301.6,300.9,300.6,300.8,301.1,301.4,301.3,301.1,301.0,301.0,300.9,301.3,301.5,301.7,301.9,302.2,302.1,302.0,302.2,302.2,302.2,302.1,302.9,303.0,303.8,303.2,303.0,302.8,302.4,302.2,302.1,302.1,301.9,301.8,301.9,302.3,302.6,299.1,296.8,298.7,301.7,301.6,301.7,301.7,301.5,301.3,301.4,301.5,301.5,301.4,301.0,301.7,300.5,300.7,301.1,301.4,301.4,301.4,301.4,301.7,302.3,302.4,302.4,302.0,301.9,301.9,301.8,301.7,301.7,301.6,301.3
301.0,301.1,301.3,301.5,301.5,301.5,301.3,301.0,300.8,300.9,301.3,301.5,301.4,301.2,301.1,301.0,301.2,301.2,301.2,301.2,301.5,301.9,302.0,302.0,302.0,302.1,302.1,301.9,302.1,302.4,302.5,302.4,302.3,302.2,302.0,302.2,302.1,301.4,301.0,301.2,301.5,301.5,301.3,301.2,299.0,298.2,301.6,301.6,302.0,302.1,301.9,301.7,301.6,301.8,301.4,292.0,295.7,299.5,302.2,299.7,297.9,300.7,301.1,300.9,300.9,297.4,301.5,302.3,302.6,302.4,302.2,302.0,302.0,301.8,301.7,301.5,301.6
301.1,301.1,301.2,301.4,301.2,301.1,301.1,301.1,301.1,301.0,301.2,301.3,301.3,301.1,301.0,300.9,301.1,301.1,300.9,301.0,301.5,301.8,301.8,301.4,301.3,301.3,301.2,301.2,301.4,301.8,302.2,301.9,302.4,301.5,302.2,302.2,302.0,301.3,300.6,300.8,301.2,301.4,301.6,301.1,299.7,289.9,301.5,302.1,302.6,302.0,302.1,301.7,301.8,302.5,297.8,299.7,288.5,302.8,298.4,299.7,294.6,293.9,293.3,294.5,297.0,291.1,296.9,302.1,302.5,302.1,302.0,301.9,302.0,301.9,301.8,301.7,301.9
301.3,301.1,301.0,301.0,301.1,300.9,300.9,300.9,301.1,301.0,301.1,301.1,301.2,301.2,301.0,300.9,301.0,300.9,300.8,300.8,301.0,301.1,301.0,300.8,300.9,300.7,300.7,300.8,301.2,301.5,301.7,301.7,301.1,301.3,301.9,303.0,302.9,301.4,302.0,302.0,302.0,302.3,303.1,301.3,300.7,301.3,290.6,299.6,301.8,297.2,297.6,297.3,302.0,297.7,299.1,300.4,297.0,299.3,293.1,295.7,297.2,296.4,296.5,295.9,296.6,300.0,297.8,297.0,298.4,302.3,301.9,301.9,301.9,301.9,301.8,301.9,302.3
301.3,301.2,301.2,301.1,301.0,300.8,300.7,300.7,300.7,300.8,301.0,301.0,301.2,301.1,301.0,301.0,300.8,300.7,300.7,300.7,300.7,300.8,300.9,301.0,300.9,300.2,300.1,300.8,301.1,300.8,301.0,301.1,300.8,301.0,300.9,300.8,301.4,301.2,300.6,301.0,301.7,301.4,300.9,300.9,301.3,300.8,301.6,301.9,297.5,302.5,302.0,297.3,299.5,296.1,299.6,298.4,286.5,286.1,296.3,296.0,296.5,298.0,296.6,299.5,301.1,299.1,297.3,294.4,296.1,296.4,301.8,301.8,301.8,301.7,301.8,302.0,302.4
301.3,301.2,301.2,301.1,300.8,300.3,300.3,300.4,300.6,300.6,300.8,301.0,301.3,301.3,300.8,300.9,300.8,300.4,300.3,300.5,300.6,300.6,300.5,300.8,300.6,300.0,299.8,300.1,300.5,300.3,300.3,300.3,300.4,300.4,300.3,300.0,300.9,300.7,300.6,300.8,301.0,300.9,300.7,300.9,301.0,300.9,300.9,301.0,301.5,301.9,301.1,300.6,298.2,289.4,292.2,300.5,289.7,294.0,297.2,297.4,299.2,300.5,297.1,295.7,296.8,295.2,295.3,295.8,296.0,295.8,296.1,302.0,301.3,301.5,301.6,301.7,302.3
301.6,301.3,301.0,300.8,300.3,299.7,299.6,299.9,300.3,300.4,300.4,300.5,300.9,301.0,300.7,300.6,300.3,300.1,300.2,300.6,300.5,300.3,300.2,300.4,300.3,299.9,299.8,299.7,299.9,300.1,300.1,299.8,299.7,299.6,300.1,300.3,300.4,300.4,300.4,300.2,300.5,300.7,300.5,300.6,300.5,300.8,300.9,300.7,301.0,301.2,300.9,300.5,295.9,288.0,293.8,293.2,282.1,293.1,298.0,297.3,298.2,298.8,296.1,292.6,294.4,297.0,295.0,292.2,291.9,295.9,296.2,297.3,300.7,301.8,300.9,301.6,302.0
301.3,301.0,300.6,300.2,299.8,299.0,298.7,299.0,299.5,299.3,299.5,299.7,300.0,299.8,299.8,299.9,299.7,299.5,299.6,300.2,299.6,299.6,299.6,300.0,299.7,299.8,299.8,299.8,299.7,299.8,299.6,299.5,299.3,299.5,300.4,300.3,300.4,300.1,299.6,299.7,299.8,300.0,300.1,299.8,299.8,300.0,300.2,300.4,300.7,300.8,300.7,300.2,296.9,289.4,294.5,282.4,289.9,297.4,297.9,297.5,297.4,297.9,289.9,296.1,292.0,296.0,298.0,291.8,292.0,291.1,295.3,296.1,297.4,297.4,296.9,296.0,295.4
300.8,300.5,300.0,299.3,298.9,298.5,298.3,298.7,298.8,298.8,298.7,298.9,299.1,299.2,299.3,299.4,298.8,298.5,298.3,298.6,298.6,298.8,299.6,299.5,299.3,299.4,299.5,299.8,299.5,299.2,299.0,299.2,299.1,299.0,299.3,299.3,299.8,299.5,299.5,299.3,299.3,299.5,299.4,299.1,299.3,299.6,299.7,300.0,300.1,300.5,300.3,300.4,297.6,288.3,303.7,283.3,296.4,298.0,296.8,295.8,295.6,296.1,296.7,294.4,290.1,292.7,293.7,294.3,299.0,296.3,296.3,298.0,296.1,296.5,296.4,297.8,295.3
300.0,299.7,299.0,298.2,297.9,297.7,297.8,298.3,298.7,298.6,298.7,298.7,298.8,298.6,298.7,298.5,297.8,297.7,297.8,298.2,298.4,298.7,299.2,299.2,299.0,299.1,298.9,299.3,299.1,298.8,298.8,299.0,298.7,298.3,298.6,298.6,298.6,298.2,298.4,298.6,298.9,298.9,298.7,298.5,298.9,299.3,299.2,299.2,299.6,299.9,300.2,300.8,294.3,279.1,292.4,293.2,296.6,296.9,296.1,295.7,295.7,295.9,296.1,295.9,295.0,290.7,294.6,296.3,298.6,299.1,297.3,296.8,296.8,296.3,295.9,296.3,295.9
299.3,298.5,297.9,297.9,297.6,297.1,297.1,297.8,298.2,298.5,298.4,298.3,298.3,298.0,297.7,297.1,296.7,296.9,297.4,297.8,298.2,298.6,298.9,299.1,299.0,298.8,298.2,297.9,297.8,297.6,297.7,297.9,297.6,297.9,298.3,297.6,296.6,296.0,296.1,297.0,297.9,297.9,297.9,298.1,298.6,298.7,298.5,298.6,298.9,299.5,300.2,297.3,296.3,287.1,292.8,296.3,296.0,296.9,296.2,295.5,295.3,296.0,296.2,296.6,297.1,293.0,297.1,296.6,296.4,295.1,294.7,297.3,296.8,297.8,295.6,296.7,294.4
298.2,297.6,297.4,297.1,297.0,296.9,297.1,297.5,297.8,298.1,298.0,297.7,297.2,296.4,296.1,295.9,295.8,296.0,296.2,296.6,296.7,297.3,297.9,297.7,297.4,297.3,296.4,295.8,296.0,295.4,295.5,296.2,296.1,295.6,295.9,295.5,294.2,293.7,294.5,295.2,296.3,296.8,297.1,297.4,297.8,297.8,297.9,298.0,298.2,299.0,296.8,285.4,281.0,296.3,295.9,295.5,297.1,297.1,295.9,295.3,295.7,295.5,296.0,293.3,294.8,297.1,296.2,297.1,298.6,299.1,298.1,296.5,297.3,297.8,295.9,295.6,295.0
297.4,297.3,297.3,296.9,296.7,296.9,296.9,296.8,296.8,296.9,296.8,296.3,296.0,295.6,295.8,295.8,295.8,295.5,295.4,295.2,295.0,295.5,295.9,296.0,295.7,295.2,294.5,294.2,294.0,293.8,294.3,294.6,294.2,293.1,293.0,292.6,291.9,291.5,294.1,293.6,294.1,294.9,295.6,295.7,296.2,296.9,297.3,297.0,296.8,295.1,293.4,279.0,294.8,296.0,295.6,297.1,295.1,295.6,294.9,295.5,296.0,295.7,295.8,296.0,296.8,298.7,298.1,298.4,298.1,297.1,297.9,296.9,297.6,299.9,296.7,294.3,297.6
297.7,297.9,297.7,297.4,297.2,297.0,296.8,296.6,296.5,296.4,296.3,296.2,296.2,296.2,296.3,296.3,296.2,295.8,295.4,295.0,294.9,295.0,295.3,295.3,295.1,294.8,294.5,294.3,293.7,293.5,293.7,293.5,293.2,292.4,292.1,292.2,291.7,290.7,294.0,292.7,292.8,293.2,293.6,293.6,293.6,294.6,294.9,295.0,295.5,295.9,284.0,290.0,294.0,295.5,295.6,296.3,295.6,295.9,295.3,295.7,295.9,296.0,296.4,297.9,298.5,298.0,297.9,296.5,298.2,297.9,298.9,298.3,301.3,296.6,293.9,293.2,295.5
298.3,298.4,298.2,297.9,297.9,297.4,297.1,296.8,296.8,296.9,296.7,296.7,296.7,296.8,296.6,296.6,296.6,296.5,295.9,295.8,295.5,295.5,295.4,295.5,295.5,295.1,295.0,295.1,294.9,294.6,294.2,293.9,293.4,293.0,292.9,292.6,292.4,292.4,292.7,292.9,292.9,292.7,292.0,291.6,291.6,291.9,292.1,292.9,294.3,295.7,286.1,290.5,294.6,294.9,294.8,294.8,295.4,295.5,296.7,295.0,296.0,296.4,297.8,299.2,296.2,297.2,296.9,298.3,295.6,298.5,299.6,300.0,299.3,301.4,300.7,296.9,297.8
298.9,298.5,298.1,297.8,297.8,297.6,297.5,297.1,297.1,297.1,297.1,297.2,297.1,297.2,297.1,297.1,297.2,297.0,296.5,296.1,296.2,296.0,295.9,295.9,295.6,295.1,295.2,295.3,295.6,295.5,295.3,294.6,293.9,293.4,293.3,293.0,293.1,293.3,293.2,293.2,293.2,293.1,292.2,291.6,291.1,291.2,290.9,291.6,293.9,295.4,283.0,292.5,293.2,295.5,295.9,295.4,295.1,296.5,295.7,295.9,298.3,296.4,299.9,296.7,296.7,298.9,298.0,296.3,298.0,299.5,300.4,299.5,297.2,296.9,294.9,297.6,297.4
299.1,298.7,298.1,297.8,297.6,297.6,297.4,297.4,297.2,297.2,297.2,297.3,297.3,297.3,297.4,297.6,297.9,297.6,296.9,296.4,296.2,296.1,296.0,296.0,295.9,295.5,295.2,295.1,295.4,295.8,295.8,295.4,294.8,294.0,293.6,293.6,293.6,293.9,294.1,293.6,293.4,293.1,292.2,291.7,291.3,290.8,290.4,291.0,293.1,291.4,285.6,291.8,294.1,295.4,296.2,295.9,295.9,295.7,295.5,296.6,296.3,296.5,295.9,296.4,296.9,298.8,299.7,300.7,296.6,299.5,297.0,297.0,297.1,299.6,297.9,297.5,295.0
298.9,298.7,298.6,298.2,298.2,298.2,298.0,297.8,297.8,297.5,297.6,297.4,297.2,297.3,297.6,298.0,298.0,297.7,297.5,296.8,296.2,296.2,296.1,295.9,296.1,296.0,295.4,295.2,295.4,295.5,295.6,295.6,295.4,294.3,294.2,294.2,294.0,293.8,294.1,293.8,293.2,292.7,292.3,291.8,291.6,291.3,290.4,289.8,293.4,289.7,289.2,293.4,295.0,296.0,295.8,294.7,295.3,295.3,295.3,297.7,298.4,296.5,297.9,296.0,295.5,296.1,297.8,300.1,299.2,299.8,298.8,299.5,297.7,296.2,294.0,295.9,300.8
298.9,298.9,298.7,298.3,298.4,298.6,298.6,298.5,298.3,298.1,297.7,297.6,297.3,297.0,297.4,297.9,297.8,297.6,297.5,297.1,296.6,296.5,296.5,296.5,296.6,296.4,295.9,295.9,296.1,295.7,295.6,295.5,295.1,294.6,294.6,294.8,294.7,294.1,293.7,293.4,293.1,292.6,292.4,292.5,291.7,291.3,290.4,289.7,292.4,291.7,288.9,284.0,291.4,299.2,297.7,297.3,296.5,296.2,296.2,299.7,297.9,298.7,300.7,299.7,299.9,300.5,298.4,300.5,301.6,299.1,298.5,299.4,296.5,297.1,297.9,300.1,298.9
299.0,299.1,298.9,298.5,298.5,298.6,298.7,298.6,298.5,298.3,298.0,297.9,297.8,297.4,297.5,297.6,297.8,297.6,297.1,296.5,296.5,296.8,297.1,297.0,296.7,296.6,296.3,296.4,296.6,296.1,295.6,295.5,295.3,295.1,295.2,294.9,294.7,294.1,293.7,293.5,293.1,292.6,292.1,291.8,291.1,290.9,290.5,290.4,289.5,288.5,283.6,286.3,293.2,293.6,298.4,295.4,297.5,297.0,298.2,300.3,298.5,296.7,299.1,297.9,301.0,299.8,301.1,300.9,299.1,299.7,301.9,299.7,300.8,300.7,300.1,301.1,299.8
299.2,299.2,299.2,298.9,299.0,299.0,298.9,298.7,298.6,298.5,298.2,298.4,298.2,297.9,297.7,297.7,297.8,297.6,297.0,296.6,296.7,297.1,297.2,296.9,296.9,296.9,296.7,296.5,296.5,296.1,295.7,295.6,295.3,295.6,295.9,295.2,294.6,294.2,293.8,293.3,292.7,291.9,291.6,291.5,290.7,290.7,290.7,290.6,289.9,288.7,291.6,280.3,286.0,290.3,299.6,297.8,297.9,298.2,299.2,298.5,299.8,299.0,298.9,298.1,299.6,299.8,299.9,299.9,300.3,301.6,299.0,300.8,300.1,297.9,299.5,298.2,302.3
299.2,299.1,299.3,299.2,299.1,299.1,299.0,298.7,298.6,298.4,298.4,298.2,298.1,298.0,297.9,297.9,297.9,297.7,297.5,297.1,297.3,297.4,297.2,296.9,296.8,296.7,296.6,296.4,296.3,295.8,295.6,295.5,295.2,295.2,295.4,294.8,294.5,294.3,294.0,293.5,292.7,291.9,291.6,291.5,290.7,290.5,290.7,290.6,290.1,289.1,287.9,284.0,278.9,292.2,299.5,298.6,297.7,298.6,298.6,298.5,298.9,299.6,299.4,299.5,298.8,299.4,299.6,299.6,301.9,300.7,301.3,298.4,298.8,301.1,296.3,298.9,298.8
299.3,299.3,299.2,299.1,299.0,299.0,298.9,298.7,298.7,298.4,298.3,298.0,298.0,297.9,297.7,297.8,297.8,297.5,297.3,297.1,297.0,296.9,296.8,296.7,296.4,296.3,296.2,296.0,295.8,295.5,295.5,295.6,295.2,294.8,294.8,294.4,294.0,293.9,293.7,293.4,292.8,292.2,292.1,291.5,290.5,290.3,290.2,290.0,289.8,289.3,288.3,288.5,273.7,282.2,298.8,298.4,297.7,296.8,297.7,299.1,298.8,300.6,299.3,298.7,300.0,300.4,300.2,302.3,299.3,299.0,300.0,299.2,298.7,298.3,296.5,297.3,298.6
299.2,299.0,299.1,299.0,298.7,298.8,298.8,298.7,298.3,298.2,298.0,297.9,297.8,297.7,297.5,297.3,297.3,297.0,297.1,297.0,296.9,296.8,296.6,296.6,296.2,296.0,295.8,295.6,295.3,295.0,295.2,295.4,295.0,294.5,294.2,293.7,293.3,293.1,292.9,292.6,292.1,291.7,291.7,290.9,290.5,290.4,289.9,289.4,289.0,288.6,288.6,288.3,281.6,272.9,290.1,290.3,297.0,296.8,298.1,298.6,299.9,301.0,299.3,299.5,299.7,298.3,302.1,300.0,301.5,300.2,298.8,298.4,297.3,297.7,298.6,297.7,298.3
