nws-json/temp_20190823_06.f000.json
{"header": { "discipline":0, "disciplineName":"Meteorological products", "gribEdition":2, "gribLength":50241, "center":7, "centerName":"US National Weather Service - NCEP(WMC)", "subcenter":0, "refTime":"2019-08-23T06:00:00.000Z", "significanceOfRT":1, "significanceOfRTName":"Start of forecast", "productStatus":0, "productStatusName":"Operational products", "productType":1, "productTypeName":"Forecast products", "productDefinitionTemplate":0, "productDefinitionTemplateName":"Analysis/forecast at horizontal level/layer at a point in time", "parameterCategory":0, "parameterCategoryName":"Temperature", "parameterNumber":0, "parameterNumberName":"Temperature", "parameterUnit":"K", "genProcessType":2, "genProcessTypeName":"Forecast", "forecastTime":0, "surface1Type":1, "surface1TypeName":"Ground or water surface", "surface1Value":0.0, "surface2Type":255, "surface2TypeName":"Missing", "surface2Value":0.0, "gridDefinitionTemplate":0, "gridDefinitionTemplateName":"Latitude_Longitude", "numberPoints":65160, "shape":6, "shapeName":"Earth spherical with radius of 6,371,229.0 m", "gridUnits":"degrees", "resolution":48, "winds":"true", "scanMode":0, "nx":360, "ny":181, "basicAngle":0, "lo1":0.0, "la1":90.0, "lo2":359.0, "la2":-90.0, "dx":1.0, "dy":1.0 }, "data":
[rows 104 to 129 of 181, columns 180 to 239 of 360]
301.94025,301.84024,301.84024,301.84024,301.64023,301.84024,302.04022,301.84024,301.54022,301.34024,301.34024,301.44025,301.14023,300.94025,300.94025,300.94025,300.64023,300.74023,300.74023,300.74023,300.94025,300.84024,300.94025,300.64023,300.74023,300.74023,300.74023,300.74023,300.84024,300.74023,300.54022,300.74023,300.64023,300.44025,300.54022,300.54022,300.54022,300.24023,299.94025,299.94025,299.84024,299.74023,299.84024,299.74023,299.64023,299.54022,299.64023,299.54022,299.24023,299.04022,298.94025,298.64023,298.74023,298.64023,298.34024,298.34024,298.34024,298.14023,298.14023,297.84024
301.44025,301.34024,301.24023,301.24023,301.24023,301.54022,301.84024,301.64023,301.74023,301.54022,301.14023,301.04022,300.94025,300.74023,300.74023,300.54022,300.34024,300.34024,300.34024,300.54022,300.64023,300.54022,300.44025,300.34024,300.54022,300.44025,300.34024,300.24023,300.34024,300.24023,300.24023,300.54022,300.24023,299.94025,299.94025,299.84024,300.04022,300.14023,300.04022,299.94025,299.74023,299.74023,299.84024,299.74023,299.54022,299.54022,299.34024,299.24023,299.14023,298.94025,298.94025,298.74023,298.44025,298.44025,298.34024,298.14023,298.04022,297.74023,297.84024,297.54022
300.54022,300.04022,300.74023,300.84024,300.74023,300.94025,301.14023,301.14023,301.44025,301.24023,300.84024,300.74023,300.84024,300.64023,300.54022,300.44025,300.34024,300.14023,300.14023,300.14023,300.14023,300.14023,299.84024,300.14023,300.24023,300.24023,300.24023,300.04022,299.94025,299.74023,299.74023,299.84024,299.74023,299.64023,299.54022,299.44025,299.64023,299.84024,299.54022,299.54022,299.24023,299.14023,299.44025,299.44025,299.34024,299.34024,299.34024,299.04022,298.74023,298.94025,298.84024,298.64023,298.44025,298.44025,298.34024,298.44025,297.94025,297.64023,297.74023,297.64023
299.14023,299.74023,300.14023,300.14023,300.14023,300.34024,300.54022,300.64023,300.84024,300.84024,300.64023,300.44025,300.54022,300.44025,300.24023,300.14023,300.24023,300.24023,300.14023,299.84024,299.64023,299.64023,299.44025,299.64023,299.74023,299.64023,299.54022,299.54022,299.74023,299.44025,299.44025,299.54022,299.34024,299.04022,299.24023,299.24023,299.24023,299.34024,299.44025,299.44025,299.14023,298.94025,299.24023,299.24023,299.14023,299.14023,299.14023,299.04022,298.84024,298.74023,298.54022,298.54022,298.54022,298.34024,298.24023,298.14023,297.84024,297.64023,297.64023,297.64023
298.54022,298.74023,299.34024,299.64023,299.74023,299.74023,299.74023,300.24023,300.64023,300.94025,300.54022,300.14023,300.04022,300.04022,299.84024,299.74023,299.94025,300.14023,300.14023,299.74023,299.54022,299.64023,299.44025,299.34024,299.44025,299.44025,299.24023,299.24023,299.44025,299.44025,299.44025,299.44025,299.04022,298.84024,298.94025,298.84024,298.74023,298.94025,299.14023,299.04022,298.84024,298.74023,299.04022,299.14023,298.94025,298.64023,298.64023,298.84024,298.74023,298.54022,298.44025,298.14023,298.04022,297.94025,298.04022,297.94025,297.64023,297.54022,297.64023,297.44025
298.24023,298.24023,298.84024,299.24023,299.24023,299.24023,299.34024,299.94025,300.64023,300.74023,300.24023,299.84024,299.64023,299.44025,299.44025,299.24023,299.44025,299.64023,299.74023,299.54022,299.34024,299.14023,299.14023,299.14023,299.14023,299.14023,299.34024,299.24023,299.24023,299.14023,298.94025,299.04022,299.04022,298.74023,298.74023,298.44025,298.34024,298.64023,298.64023,298.64023,298.74023,298.64023,298.44025,298.74023,298.64023,298.14023,298.14023,298.44025,298.54022,298.44025,298.14023,297.94025,297.84024,297.74023,297.64023,297.64023,297.54022,297.44025,297.44025,297.24023
297.84024,297.84024,298.34024,298.54022,298.54022,298.54022,298.74023,299.14023,299.54022,299.94025,299.74023,299.34024,298.94025,298.84024,299.04022,299.04022,298.94025,299.04022,299.34024,298.94025,298.84024,298.64023,298.64023,298.64023,298.54022,298.84024,298.84024,298.94025,299.14023,299.04022,298.94025,298.64023,298.64023,298.54022,298.34024,298.24023,298.24023,298.24023,297.94025,298.04022,298.34024,298.24023,298.04022,298.24023,298.24023,297.84024,297.94025,298.04022,297.84024,297.74023,297.84024,298.04022,297.94025,297.74023,297.24023,297.04022,297.14023,297.14023,296.94025,296.94025
297.14023,297.14023,297.04022,297.04022,297.44025,297.84024,297.94025,298.14023,298.34024,298.54022,298.64023,298.84024,298.74023,298.54022,298.34024,298.64023,298.54022,298.34024,298.04022,297.74023,297.94025,298.34024,298.24023,298.14023,298.14023,298.34024,298.24023,297.94025,298.54022,298.64023,298.54022,298.14023,298.34024,298.14023,297.54022,297.94025,297.84024,297.94025,297.54022,297.44025,297.94025,297.84024,297.54022,297.94025,297.84024,297.54022,297.54022,297.64023,297.34024,297.14023,297.24023,297.34024,297.34024,297.24023,296.94025,296.84024,296.84024,296.84024,296.74023,296.74023
296.14023,296.24023,296.14023,296.44025,296.74023,296.84024,296.64023,296.94025,296.94025,297.24023,297.44025,297.84024,297.64023,297.84024,297.94025,298.04022,298.04022,297.74023,297.64023,297.04022,297.04022,297.44025,297.44025,297.84024,297.94025,297.74023,297.34024,297.24023,297.74023,297.84024,297.54022,297.14023,297.54022,297.54022,297.34024,297.44025,297.14023,297.34024,297.24023,296.94025,297.34024,297.04022,296.94025,297.24023,297.24023,296.94025,296.84024,296.84024,296.84024,297.14023,296.84024,296.64023,296.84024,297.04022,296.94025,296.64023,296.44025,296.44025,296.24023,296.34024
295.94025,295.94025,295.94025,296.04022,296.14023,296.04022,295.54022,295.64023,295.94025,295.94025,296.14023,296.94025,296.74023,297.04022,297.04022,297.24023,296.94025,296.94025,297.04022,297.14023,296.94025,296.54022,296.44025,296.74023,297.14023,296.54022,296.54022,296.64023,296.94025,296.84024,296.64023,296.34024,296.64023,296.54022,297.04022,297.34024,296.64023,296.54022,296.44025,296.14023,296.34024,296.14023,296.34024,296.44025,296.34024,296.04022,295.94025,295.84024,295.84024,296.54022,296.54022,296.24023,296.34024,296.74023,296.84024,296.64023,296.14023,295.94025,295.64023,295.44025
295.54022,295.04022,295.04022,295.74023,296.04022,295.54022,295.14023,295.04022,295.14023,295.44025,295.44025,295.64023,296.34024,296.04022,295.94025,296.04022,296.04022,295.74023,296.04022,296.94025,296.94025,296.24023,295.94025,296.04022,296.04022,295.84024,295.54022,295.44025,295.74023,296.24023,296.34024,296.04022,295.94025,295.94025,296.24023,296.64023,296.14023,295.54022,295.44025,295.44025,295.44025,295.24023,295.74023,295.94025,295.94025,295.84024,295.54022,295.24023,295.14023,295.64023,295.94025,295.74023,295.64023,295.64023,295.84024,296.14023,295.84024,295.44025,295.04022,294.94025
294.74023,294.44025,294.34024,294.64023,294.94025,294.74023,294.54022,293.84024,293.74023,294.44025,294.84024,295.14023,295.44025,295.34024,295.14023,295.54022,295.54022,295.34024,295.54022,295.54022,295.14023,294.74023,294.84024,294.94025,295.14023,295.64023,295.54022,295.34024,294.94025,294.94025,295.44025,295.04022,294.84024,294.94025,295.24023,295.64023,295.24023,294.84024,294.74023,294.74023,294.74023,294.84024,294.94025,294.64023,294.54022,295.24023,295.44025,295.04022,294.64023,294.44025,294.84024,295.04022,294.44025,294.64023,294.54022,295.24023,295.34024,295.14023,294.64023,294.74023
294.14023,294.44025,293.94025,293.74023,293.94025,294.04022,294.14023,293.44025,293.34024,293.84024,293.84024,294.04022,294.24023,294.24023,294.14023,294.44025,294.54022,294.44025,294.64023,294.54022,294.34024,294.04022,294.14023,293.94025,294.24023,294.34024,294.04022,294.54022,294.34024,294.14023,294.34024,294.34024,294.04022,294.24023,294.14023,294.44025,294.44025,294.04022,293.64023,293.74023,293.84024,293.54022,293.74023,293.84024,293.64023,294.14023,294.54022,294.14023,293.84024,293.64023,294.04022,294.14023,293.74023,293.74023,293.84024,294.24023,294.44025,294.04022,293.74023,293.64023
294.04022,294.24023,293.74023,293.74023,294.24023,294.04022,293.94025,293.64023,293.14023,293.24023,292.84024,292.44025,292.34024,293.04022,293.34024,293.34024,293.24023,293.14023,293.34024,293.54022,293.64023,293.84024,293.44025,293.14023,293.04022,292.84024,293.14023,293.94025,294.24023,293.64023,292.94025,293.54022,293.94025,293.64023,293.04022,293.74023,293.64023,293.64023,293.14023,292.94025,293.34024,292.94025,292.94025,293.24023,293.04022,293.34024,293.14023,292.74023,292.94025,293.04022,293.24023,293.14023,292.94025,292.94025,292.94025,293.14023,293.54022,293.34024,293.04022,292.84024
293.54022,293.34024,292.84024,293.14023,293.94025,293.64023,293.64023,292.94025,292.54022,293.24023,292.94025,292.34024,292.04022,292.14023,292.54022,292.84024,292.94025,292.64023,292.34024,292.14023,292.24023,292.64023,292.54022,292.34024,291.84024,292.04022,292.84024,292.84024,292.84024,292.74023,292.04022,292.64023,292.84024,292.04022,292.14023,292.94025,292.84024,292.94025,292.14023,292.24023,293.04022,292.74023,292.64023,292.54022,292.24023,292.44025,292.24023,292.44025,292.54022,292.54022,292.44025,292.44025,292.44025,292.24023,291.84024,292.24023,292.54022,292.34024,292.64023,292.54022
293.14023,292.44025,291.84024,292.64023,292.74023,292.64023,292.74023,292.04022,292.14023,293.04022,292.64023,292.54022,292.14023,291.64023,291.74023,292.04022,292.34024,292.14023,291.84024,291.74023,291.54022,291.94025,291.94025,291.94025,291.64023,291.84024,292.54022,292.14023,291.44025,291.94025,291.74023,291.64023,291.64023,291.14023,291.44025,291.84024,291.94025,291.74023,291.24023,291.74023,292.24023,292.24023,291.94025,292.34024,292.44025,292.34024,292.04022,292.04022,291.64023,291.64023,291.54022,291.94025,292.04022,291.54022,291.14023,291.24023,291.34024,291.14023,291.44025,291.84024
292.44025,291.64023,291.34024,291.84024,291.34024,291.84024,291.84024,291.64023,291.44025,291.64023,291.44025,291.94025,291.74023,291.14023,291.04022,290.64023,290.74023,291.04022,291.64023,291.44025,291.14023,291.44025,291.34024,290.94025,291.24023,291.34024,291.54022,291.64023,291.34024,291.94025,291.94025,291.74023,291.14023,290.84024,291.24023,291.54022,291.54022,291.14023,291.04022,291.74023,291.94025,291.84024,291.44025,291.54022,291.74023,291.84024,291.54022,291.54022,291.04022,290.74023,290.64023,290.94025,291.34024,291.24023,291.14023,290.94025,290.74023,290.54022,290.24023,290.54022
290.84024,290.54022,290.74023,290.84024,290.54022,291.24023,291.34024,290.94025,290.34024,290.14023,289.94025,290.64023,291.34024,290.64023,290.94025,290.74023,290.64023,291.14023,291.34024,290.94025,290.74023,291.04022,290.64023,289.84024,290.04022,290.44025,290.64023,290.74023,290.64023,290.64023,290.84024,291.14023,290.74023,290.54022,290.84024,291.34024,291.74023,291.54022,291.04022,291.14023,291.24023,291.04022,291.04022,290.94025,290.64023,290.94025,290.64023,290.54022,290.54022,290.04022,289.94025,290.34024,290.74023,290.84024,290.64023,290.64023,290.44025,290.14023,290.24023,290.34024
290.64023,290.34024,290.34024,290.24023,289.94025,290.24023,290.64023,290.44025,289.94025,290.14023,289.84024,290.04022,290.34024,289.84024,290.24023,290.24023,290.14023,290.34024,290.24023,289.94025,289.94025,290.04022,289.94025,290.04022,290.44025,290.64023,290.34024,290.24023,290.14023,289.94025,290.04022,290.44025,290.54022,290.44025,290.14023,289.94025,291.04022,291.24023,289.94025,289.84024,289.94025,289.54022,289.84024,289.84024,289.24023,290.04022,289.54022,289.24023,289.74023,289.84024,289.74023,289.84024,289.84024,289.74023,289.64023,289.74023,289.24023,289.04022,290.04022,290.24023
290.04022,289.64023,289.04022,289.14023,289.24023,289.14023,289.34024,288.94025,289.14023,289.54022,289.44025,289.14023,289.14023,289.24023,289.24023,288.94025,289.14023,289.54022,289.14023,289.24023,289.34024,289.54022,289.64023,289.64023,289.84024,290.04022,289.34024,289.04022,289.24023,289.44025,289.74023,290.04022,289.94025,289.44025,289.24023,289.44025,290.04022,290.04022,288.74023,288.94025,289.04022,288.34024,288.64023,288.74023,288.64023,288.54022,288.64023,288.84024,289.14023,288.54022,288.44025,289.24023,289.54022,289.44025,288.84024,288.74023,288.84024,288.74023,289.24023,289.24023
288.54022,288.34024,288.24023,288.64023,288.74023,288.74023,288.84024,288.54022,288.44025,288.74023,289.04022,289.04022,288.94025,288.94025,288.84024,288.74023,288.84024,288.84024,288.54022,288.94025,289.04022,289.14023,289.34024,289.34024,289.04022,289.04022,289.14023,288.44025,288.54022,288.84024,288.84024,288.94025,288.74023,288.54022,288.34024,288.44025,288.84024,288.74023,288.34024,288.64023,288.24023,288.34024,288.24023,287.94025,287.94025,287.54022,288.04022,288.64023,288.84024,288.34024,287.84024,287.94025,287.84024,287.74023,288.04022,288.34024,288.34024,288.04022,287.94025,287.84024
288.34024,288.04022,288.04022,288.34024,288.44025,288.24023,288.34024,288.44025,288.04022,288.04022,288.64023,288.84024,288.54022,288.24023,288.14023,288.64023,289.04022,288.54022,288.54022,288.64023,288.44025,288.84024,288.54022,288.44025,288.24023,288.14023,288.54022,288.64023,288.44025,288.34024,288.14023,288.34024,288.14023,288.04022,287.94025,287.64023,288.04022,288.24023,288.24023,288.04022,287.44025,287.94025,287.94025,287.34024,287.14023,287.14023,287.24023,287.64023,288.14023,288.24023,287.44025,286.64023,286.64023,287.04022,287.54022,287.54022,286.84024,286.44025,286.94025,287.04022
288.24023,287.94025,287.84024,287.74023,287.94025,288.14023,288.24023,288.04022,287.74023,288.04022,288.24023,288.04022,287.74023,287.54022,287.44025,287.84024,288.14023,288.14023,287.94025,287.54022,287.04022,287.14023,287.44025,287.64023,287.84024,287.74023,287.74023,287.84024,287.64023,287.44025,287.44025,287.84024,287.64023,287.54022,287.34024,287.24023,287.44025,287.94025,287.94025,287.84024,287.54022,287.34024,287.34024,287.14023,286.94025,287.04022,286.64023,286.34024,286.54022,287.04022,286.74023,286.44025,286.74023,286.94025,286.64023,286.34024,285.94025,286.14023,286.54022,286.64023
287.84024,287.64023,287.54022,287.74023,287.64023,287.64023,287.54022,287.44025,287.54022,287.44025,287.94025,287.74023,287.24023,287.34024,287.64023,287.54022,287.54022,287.84024,287.34024,286.84024,286.74023,286.34024,286.44025,286.84024,286.94025,286.44025,286.64023,286.84024,286.94025,286.94025,286.44025,286.34024,286.54022,286.84024,287.04022,287.04022,287.24023,287.64023,287.74023,287.14023,286.74023,286.74023,286.94025,286.64023,286.54022,286.64023,286.64023,286.14023,286.14023,286.34024,286.04022,285.64023,286.44025,286.44025,285.54022,285.34024,285.44025,285.84024,286.34024,286.04022
287.44025,286.74023,286.74023,287.04022,286.84024,286.94025,286.94025,286.94025,287.04022,287.04022,287.74023,287.74023,287.04022,287.04022,287.14023,286.94025,287.04022,287.04022,286.24023,285.94025,286.14023,286.04022,285.94025,285.94025,285.84024,285.94025,286.34024,286.54022,286.64023,286.44025,285.84024,285.94025,286.74023,286.94025,286.64023,286.24023,286.34024,286.34024,285.84024,285.84024,285.94025,286.34024,286.34024,285.84024,285.24023,285.54022,285.84024,285.44025,285.14023,285.14023,285.44025,284.94025,284.74023,284.84024,284.74023,284.94025,285.14023,285.44025,285.74023,285.14023
287.04022,286.34024,286.04022,285.84024,286.14023,286.94025,286.74023,286.34024,286.54022,286.94025,287.14023,287.04022,286.64023,286.44025,286.64023,286.24023,286.14023,286.24023,285.94025,285.84024,285.74023,285.54022,285.34024,285.54022,285.54022,285.34024,285.54022,285.84024,286.04022,285.74023,285.44025,285.74023,286.14023,285.74023,285.24023,284.94025,285.04022,285.04022,284.94025,285.64023,285.64023,285.54022,285.64023,284.74023,284.64023,285.04022,285.14023,284.84024,284.44025,284.44025,284.74023,284.14023,283.24023,283.34024,283.84024,284.34024,284.54022,284.34024,284.34024,284.34024
