nws-json/temp_20190821_06.f000.json
{"header": { "discipline":0, "disciplineName":"Meteorological products", "gribEdition":2, "gribLength":50002, "center":7, "centerName":"US National Weather Service - NCEP(WMC)", "subcenter":0, "refTime":"2019-08-21T06:00:00.000Z", "significanceOfRT":1, "significanceOfRTName":"Start of forecast", "productStatus":0, "productStatusName":"Operational products", "productType":1, "productTypeName":"Forecast products", "productDefinitionTemplate":0, "productDefinitionTemplateName":"Analysis/forecast at horizontal level/layer at a point in time", "parameterCategory":0, "parameterCategoryName":"Temperature", "parameterNumber":0, "parameterNumberName":"Temperature", "parameterUnit":"K", "genProcessType":2, "genProcessTypeName":"Forecast", "forecastTime":0, "surface1Type":1, "surface1TypeName":"Ground or water surface", "surface1Value":0.0, "surface2Type":255, "surface2TypeName":"Missing", "surface2Value":0.0, "gridDefinitionTemplate":0, "gridDefinitionTemplateName":"Latitude_Longitude", "numberPoints":65160, "shape":6, "shapeName":"Earth spherical with radius of 6,371,229.0 m", "gridUnits":"degrees", "resolution":48, "winds":"true", "scanMode":0, "nx":360, "ny":181, "basicAngle":0, "lo1":0.0, "la1":90.0, "lo2":359.0, "la2":-90.0, "dx":1.0, "dy":1.0 }, "data":
[rows 130 to 155 of 181, columns 0 to 59 of 360]
282.30173,282.30173,282.80173,283.70172,284.40173,284.60175,284.50174,284.20172,284.40173,285.40173,285.70172,286.10175,286.40173,286.90173,288.30173,289.50174,289.80173,290.10175,290.00174,289.30173,288.50174,288.40173,289.40173,290.60175,290.20172,287.30173,285.00174,284.60175,284.60175,284.80173,285.20172,285.70172,285.80173,285.50174,286.30173,286.90173,286.80173,286.20172,284.80173,284.70172,285.20172,284.70172,284.80173,285.10175,285.80173,287.00174,288.20172,287.90173,287.40173,285.60175,284.00174,284.20172,285.70172,286.60175,286.80173,286.50174,286.30173,286.50174,286.40173,286.40173
282.10175,281.90173,282.30173,283.00174,283.40173,283.10175,283.30173,283.60175,283.50174,283.00174,283.20172,284.50174,285.30173,285.60175,286.80173,288.40173,289.10175,288.70172,287.40173,286.10175,285.30173,285.20172,286.50174,288.40173,288.40173,287.30173,286.90173,286.50174,284.40173,283.90173,285.40173,285.50174,285.30173,285.10175,284.50174,284.50174,284.90173,285.00174,284.70172,284.30173,284.00174,283.60175,283.70172,284.50174,285.30173,286.30173,287.10175,286.70172,285.10175,282.70172,281.20172,281.80173,283.60175,285.50174,286.40173,286.30173,286.10175,286.40173,286.50174,286.40173
282.00174,281.60175,281.60175,282.10175,281.70172,281.10175,281.60175,282.00174,281.70172,281.30173,281.30173,282.30173,283.00174,283.20172,284.10175,285.60175,285.30173,284.00174,283.70172,283.40173,283.70172,284.60175,285.30173,285.70172,286.20172,285.90173,286.30173,285.40173,283.90173,283.00174,283.40173,283.40173,282.90173,283.10175,282.90173,283.20172,282.60175,282.80173,282.90173,281.70172,281.30173,281.70172,282.20172,282.80173,282.90173,282.80173,282.70172,282.50174,280.90173,279.50174,279.20172,279.40173,280.50174,281.80173,283.90173,285.10175,285.80173,286.40173,286.60175,286.50174
281.40173,281.10175,280.80173,281.00174,280.80173,280.30173,280.50174,280.40173,280.20172,280.20172,280.30173,280.80173,281.50174,282.40173,283.10175,283.70172,283.30173,282.20172,282.10175,282.20172,282.50174,283.20172,284.10175,284.20172,284.30173,284.20172,283.80173,283.90173,283.50174,282.60175,281.60175,280.60175,280.30173,280.80173,280.80173,280.20172,279.60175,279.60175,279.20172,278.60175,278.70172,278.70172,279.60175,279.90173,278.70172,278.10175,278.20172,277.80173,277.60175,277.70172,277.70172,277.80173,278.60175,279.70172,281.00174,282.50174,283.10175,284.40173,286.00174,286.30173
280.70172,280.50174,280.30173,280.20172,280.10175,280.00174,279.10175,278.70172,278.80173,279.70172,280.20172,280.30173,280.70172,281.80173,282.30173,282.60175,282.60175,281.90173,281.60175,281.30173,281.40173,281.30173,280.70172,280.30173,281.40173,281.90173,281.30173,281.70172,282.40173,282.20172,281.70172,281.00174,280.10175,279.60175,278.90173,278.50174,278.60175,278.70172,278.20172,278.30173,278.50174,278.00174,278.00174,278.20172,277.50174,277.30173,277.20172,276.90173,277.20172,277.80173,278.20172,278.70172,278.50174,277.40173,278.30173,279.30173,280.00174,281.70172,283.40173,284.20172
278.60175,278.50174,279.30173,280.10175,280.10175,279.10175,277.80173,277.40173,278.30173,279.20172,279.50174,279.40173,279.30173,279.50174,279.70172,279.90173,279.70172,279.60175,279.70172,279.60175,279.20172,279.00174,278.60175,278.40173,278.80173,279.10175,278.80173,279.50174,280.00174,279.40173,279.40173,280.00174,278.80173,278.50174,278.70172,278.30173,278.00174,278.10175,277.60175,277.60175,277.90173,278.00174,278.00174,277.70172,277.30173,277.50174,277.40173,276.70172,276.30173,277.30173,277.90173,277.50174,276.60175,276.10175,276.70172,277.90173,279.10175,279.50174,279.70172,280.60175
276.70172,276.40173,276.30173,276.60175,277.10175,276.60175,276.40173,276.80173,277.20172,277.40173,277.90173,278.20172,278.50174,278.90173,278.60175,277.80173,278.00174,278.60175,279.00174,278.80173,278.10175,277.80173,277.50174,277.60175,277.80173,278.00174,277.90173,278.50174,278.70172,278.00174,278.90173,279.70172,278.20172,277.30173,278.50174,278.80173,278.30173,277.40173,276.20172,275.90173,276.30173,277.30173,277.60175,277.50174,277.30173,277.40173,277.40173,276.90173,276.40173,277.10175,277.30173,276.50174,276.20172,276.10175,276.50174,277.10175,277.70172,278.30173,278.40173,278.60175
276.00174,276.20172,276.10175,276.10175,276.10175,276.10175,276.10175,276.30173,276.60175,276.80173,277.20172,277.50174,277.50174,277.60175,276.90173,276.20172,276.30173,277.00174,277.60175,278.00174,278.00174,277.70172,277.00174,276.70172,276.50174,276.50174,276.50174,276.60175,276.70172,277.00174,278.10175,278.90173,277.40173,276.90173,277.70172,278.10175,277.80173,277.20172,276.60175,276.40173,276.20172,276.30173,276.20172,276.30173,276.90173,277.50174,277.60175,276.80173,276.00174,276.10175,276.30173,276.20172,276.10175,275.90173,275.80173,276.00174,276.30173,276.80173,276.90173,276.90173
275.60175,275.70172,275.90173,276.00174,275.90173,275.80173,275.70172,275.80173,275.90173,276.20172,276.70172,276.20172,275.90173,276.40173,276.50174,276.30173,276.20172,276.00174,275.90173,276.20172,276.40173,276.00174,275.60175,275.90173,276.40173,276.20172,276.00174,275.80173,275.90173,276.70172,277.80173,277.80173,277.10175,276.60175,276.20172,276.00174,275.50174,275.40173,275.80173,276.30173,276.30173,272.60175,275.60175,275.40173,275.80173,276.20172,276.30173,276.10175,275.30173,274.70172,275.10175,275.40173,275.80173,275.90173,275.40173,275.60175,276.10175,276.20172,276.00174,276.20172
275.60175,275.40173,275.20172,275.20172,275.20172,275.00174,274.60175,274.60175,274.60175,275.00174,275.20172,275.00174,275.00174,275.50174,276.10175,276.40173,276.40173,276.10175,275.50174,275.40173,275.70172,275.20172,274.80173,275.40173,275.30173,274.90173,274.80173,275.10175,275.40173,276.90173,277.40173,277.20172,277.10175,276.30173,275.40173,274.60175,274.20172,274.50174,275.40173,275.40173,275.00174,274.60175,274.80173,274.90173,274.90173,275.20172,275.60175,275.60175,272.60175,275.00174,274.70172,275.10175,275.50174,275.60175,275.10175,275.30173,275.80173,275.60175,275.50174,276.30173
274.20172,274.20172,274.20172,274.40173,274.50174,274.10175,274.30173,274.70172,274.80173,274.90173,274.70172,274.10175,273.90173,274.40173,274.70172,275.10175,275.40173,275.30173,275.10175,275.00174,273.50174,275.00174,273.70172,274.00174,274.20172,274.20172,274.30173,274.50174,273.80173,274.90173,276.10175,274.40173,274.50174,274.60175,274.60175,274.70172,274.50174,274.80173,274.50174,275.10175,274.80173,274.60175,274.60175,274.40173,274.40173,274.60175,274.80173,274.70172,275.00174,275.00174,274.90173,275.10175,274.60175,275.10175,275.10175,275.30173,275.30173,275.10175,275.10175,275.30173
273.70172,273.90173,274.00174,274.20172,274.40173,272.90173,274.80173,272.80173,274.10175,274.10175,274.10175,274.00174,272.90173,272.60175,273.20172,272.80173,273.80173,273.90173,273.00174,272.70172,272.60175,272.20172,272.70172,273.10175,273.10175,273.10175,273.50174,272.20172,273.50174,272.70172,274.20172,273.80173,274.00174,274.40173,274.30173,274.30173,274.50174,274.50174,274.40173,273.80173,273.80173,273.80173,273.70172,273.90173,272.50174,273.90173,274.10175,274.40173,274.80173,274.90173,274.90173,275.00174,275.00174,272.20172,272.50174,273.00174,273.40173,275.00174,274.70172,274.80173
273.50174,271.90173,273.30173,273.20172,273.30173,273.30173,274.20172,273.60175,273.40173,273.50174,273.60175,273.50174,272.70172,272.30173,272.90173,273.10175,272.60175,272.20172,272.70172,271.70172,272.50174,272.20172,272.00174,271.90173,272.20172,272.30173,272.20172,272.40173,273.00174,273.40173,273.80173,273.50174,273.80173,273.10175,272.70172,273.50174,274.00174,274.30173,274.00174,273.80173,273.60175,273.70172,273.20172,273.30173,273.30173,273.20172,273.20172,273.50174,274.20172,274.90173,274.70172,274.50174,274.30173,274.50174,274.50174,274.30173,274.90173,274.50174,274.20172,274.40173
272.30173,272.40173,271.90173,271.80173,271.90173,272.30173,272.70172,272.10175,272.10175,272.00174,271.90173,271.80173,271.70172,271.60175,271.70172,271.90173,271.80173,271.80173,271.60175,271.60175,271.60175,271.60175,271.80173,271.60175,272.00174,271.90173,272.10175,272.30173,272.80173,273.50174,273.80173,272.00174,273.80173,273.90173,273.90173,273.70172,273.50174,273.20172,273.40173,273.40173,273.20172,272.90173,273.30173,273.30173,273.10175,272.00174,272.70172,271.90173,273.50174,273.90173,273.70172,273.60175,273.80173,274.00174,273.80173,272.90173,273.80173,273.80173,273.80173,273.70172
271.70172,271.80173,271.70172,271.70172,271.70172,271.60175,271.60175,271.70172,271.70172,271.60175,271.40173,271.50174,271.10175,270.40173,271.30173,271.30173,271.10175,271.50174,271.50174,271.50174,271.50174,271.40173,271.40173,271.20172,271.20172,271.20172,271.50174,272.10175,272.40173,272.90173,273.00174,273.00174,273.10175,273.10175,272.10175,273.50174,273.30173,273.30173,273.30173,273.20172,273.10175,272.90173,272.90173,273.00174,272.90173,272.60175,272.40173,272.20172,271.80173,273.10175,273.10175,273.10175,272.80173,273.10175,271.50174,273.50174,273.30173,273.20172,273.00174,273.00174
271.50174,270.70172,271.30173,271.40173,270.40173,271.40173,271.40173,269.80173,269.40173,269.60175,267.80173,265.30173,264.40173,264.20172,268.10175,271.20172,271.20172,271.20172,271.20172,271.20172,271.20172,271.20172,271.20172,271.20172,271.40173,271.60175,271.80173,272.60175,272.80173,272.90173,272.80173,272.80173,272.80173,272.70172,273.20172,273.30173,273.20172,273.30173,273.40173,273.20172,273.10175,272.70172,272.30173,272.30173,271.80173,272.10175,272.20172,272.10175,272.00174,271.80173,272.40173,272.30173,272.20172,272.30173,272.80173,272.80173,272.70172,272.70172,273.00174,273.00174
270.70172,269.80173,269.50174,269.70172,270.60175,270.40173,269.30173,267.20172,264.40173,261.70172,259.60175,259.50174,260.40173,266.60175,271.20172,271.20172,271.20172,271.20172,271.20172,271.20172,271.20172,271.20172,271.20172,271.30173,271.70172,271.90173,272.20172,272.40173,272.50174,272.30173,272.10175,272.10175,272.10175,272.40173,272.70172,272.70172,272.60175,272.60175,272.60175,272.50174,272.40173,272.10175,272.00174,271.90173,272.10175,272.10175,271.60175,272.00174,271.90173,271.70172,271.80173,271.80173,271.80173,271.90173,272.30173,272.60175,272.80173,272.80173,272.80173,272.90173
266.70172,267.90173,268.60175,268.20172,268.70172,265.00174,263.80173,261.50174,259.00174,257.40173,256.80173,254.80173,259.10175,264.70172,265.30173,266.40173,271.00174,270.90173,267.10175,269.30173,265.80173,271.10175,271.20172,271.20172,271.40173,271.70172,271.80173,272.00174,272.30173,272.20172,272.10175,271.90173,272.00174,272.20172,272.50174,272.40173,272.10175,272.00174,272.00174,271.90173,271.90173,271.60175,271.30173,271.20172,271.40173,271.60175,271.40173,271.20172,271.30173,271.50174,271.60175,271.60175,271.70172,272.00174,272.20172,272.50174,272.00174,273.20172,273.30173,272.90173
266.60175,265.60175,267.20172,267.30173,266.30173,263.20172,261.10175,258.70172,256.10175,253.30173,253.30173,252.40173,250.80173,248.90173,248.40173,251.10173,250.80173,253.50174,256.40173,254.90173,256.50174,264.80173,270.90173,271.20172,271.20172,271.30173,271.50174,271.70172,271.80173,271.90173,271.80173,271.80173,272.00174,272.10175,272.00174,271.80173,271.80173,271.70172,271.80173,271.90173,271.70172,271.40173,271.20172,271.20172,271.20172,271.20172,271.20172,271.20172,271.20172,271.30173,271.20172,271.20172,271.40173,271.50174,271.70172,271.80173,271.90173,272.30173,272.30173,271.90173
265.80173,266.20172,266.10175,266.20172,264.80173,261.60175,257.90173,253.60173,251.30173,249.60173,249.00174,246.30173,244.70174,245.50174,248.10173,249.50174,250.70174,253.90173,255.20174,256.30173,254.90173,260.00174,258.10175,263.00174,265.50174,266.90173,265.30173,264.50174,270.90173,268.00174,270.60175,267.10175,268.10175,266.20172,268.50174,267.70172,267.50174,268.60175,268.80173,271.20172,270.10175,271.20172,271.10175,271.20172,271.20172,271.20172,271.20172,271.20172,271.20172,271.20172,271.20172,271.20172,271.20172,271.20172,271.20172,271.20172,271.20172,271.30173,271.50174,271.60175
265.90173,265.50174,264.20172,262.70172,262.00174,259.60175,257.20172,253.30173,252.20174,251.00174,249.50174,246.10173,246.40173,248.80173,251.50174,254.10173,256.30173,255.20174,251.80173,249.80173,248.10173,246.70174,246.30173,248.70174,250.50174,247.90173,248.70174,256.20172,252.90173,252.70174,248.30173,248.80173,249.40173,251.90173,255.80173,257.10175,259.20172,263.60175,271.20172,270.10175,269.50174,269.90173,268.90173,270.70172,270.20172,270.60175,271.20172,270.10175,270.30173,271.20172,271.20172,271.20172,271.20172,270.90173,271.20172,271.20172,271.10175,271.20172,271.30173,271.30173
264.10175,263.10175,261.90173,261.40173,259.90173,258.50174,255.90173,253.40173,253.40173,252.00174,247.10173,244.80173,247.00174,250.80173,254.70174,257.90173,255.60173,253.60173,250.40173,247.10173,245.00174,244.90173,244.20174,244.00174,245.10173,245.10173,244.70174,245.10173,246.20174,244.50174,244.10173,244.40173,246.80173,249.50174,251.20174,254.10173,258.90173,265.00174,269.90173,268.50174,265.90173,266.00174,267.20172,266.80173,265.90173,265.50174,266.10175,269.30173,268.20172,268.80173,269.90173,269.40173,269.60175,270.10175,270.80173,271.10175,272.20172,271.70172,271.70172,271.70172
264.50174,263.50174,261.90173,260.70172,259.80173,256.10175,254.60173,254.40173,253.10173,248.90173,244.50174,246.30173,250.30173,254.00174,257.80173,254.20174,251.60173,248.00174,247.10173,245.30173,243.30173,243.30173,244.60173,243.50174,243.20174,243.40173,243.50174,244.00174,242.70174,242.60173,242.80173,243.70174,246.10173,249.40173,253.70174,257.90173,262.50174,265.70172,265.80173,266.10175,266.90173,268.10175,267.50174,269.40173,266.20172,265.10175,269.40173,270.40173,270.00174,270.20172,270.40173,270.60175,270.50174,270.50174,269.90173,268.80173,268.30173,267.50174,267.20172,266.00174
265.00174,261.20172,259.30173,257.00174,256.00174,255.30173,253.20174,252.50174,246.40173,244.10173,246.40173,251.80173,255.10173,254.60173,252.00174,250.90173,247.50174,246.20174,244.70174,243.10173,243.30173,243.40173,242.40173,243.00174,242.90173,242.80173,242.60173,243.20174,243.50174,242.90173,243.70174,246.30173,249.40173,256.00174,260.20172,262.50174,263.20172,263.20172,263.40173,263.70172,264.00174,263.70172,264.10175,265.00174,264.60175,263.60175,263.80173,263.50174,262.50174,262.50174,262.80173,262.10175,262.00174,262.60175,261.40173,260.90173,260.30173,259.50174,259.50174,258.70172
256.60175,256.50174,255.40173,254.40173,253.20174,253.20174,248.30173,247.00174,247.50174,252.40173,255.30173,253.90173,251.90173,250.50174,249.20174,247.20174,246.10173,243.30173,243.10173,243.00174,242.40173,242.10173,242.10173,243.60173,242.60173,242.70174,243.50174,243.60173,243.20174,245.60173,247.50174,254.10173,258.60175,261.10175,262.20172,262.00174,261.90173,262.10175,262.20172,261.70172,261.50174,261.40173,261.10175,261.10175,260.60175,260.90173,260.70172,260.20172,259.50174,260.00174,259.90173,259.20172,259.60175,260.00174,257.70172,256.30173,255.90173,256.00174,255.70174,255.40173
253.60173,252.60173,252.30173,251.80173,249.40173,250.50174,251.10173,254.60173,253.40173,252.20174,252.10173,252.10173,250.60173,247.90173,246.30173,243.50174,243.30173,243.50174,243.20174,242.60173,242.80173,243.10173,242.60173,241.80173,242.00174,243.10173,244.10173,247.30173,249.50174,254.10173,257.80173,259.90173,260.90173,260.60175,260.80173,261.00174,261.20172,260.90173,260.80173,260.70172,260.50174,260.70172,260.70172,260.40173,259.90173,259.80173,259.30173,259.10175,258.30173,257.00174,256.70172,256.40173,255.40173,255.30173,254.90173,254.00174,253.60173,253.20174,252.40173,251.80173
