nws-json/temp_20190823_18.f000.json
{"header": { "discipline":0, "disciplineName":"Meteorological products", "gribEdition":2, "gribLength":50151, "center":7, "centerName":"US National Weather Service - NCEP(WMC)", "subcenter":0, "refTime":"2019-08-23T18:00:00.000Z", "significanceOfRT":1, "significanceOfRTName":"Start of forecast", "productStatus":0, "productStatusName":"Operational products", "productType":1, "productTypeName":"Forecast products", "productDefinitionTemplate":0, "productDefinitionTemplateName":"Analysis/forecast at horizontal level/layer at a point in time", "parameterCategory":0, "parameterCategoryName":"Temperature", "parameterNumber":0, "parameterNumberName":"Temperature", "parameterUnit":"K", "genProcessType":2, "genProcessTypeName":"Forecast", "forecastTime":0, "surface1Type":1, "surface1TypeName":"Ground or water surface", "surface1Value":0.0, "surface2Type":255, "surface2TypeName":"Missing", "surface2Value":0.0, "gridDefinitionTemplate":0, "gridDefinitionTemplateName":"Latitude_Longitude", "numberPoints":65160, "shape":6, "shapeName":"Earth spherical with radius of 6,371,229.0 m", "gridUnits":"degrees", "resolution":48, "winds":"true", "scanMode":0, "nx":360, "ny":181, "basicAngle":0, "lo1":0.0, "la1":90.0, "lo2":359.0, "la2":-90.0, "dx":1.0, "dy":1.0 }, "data":
[rows 52 to 77 of 181, columns 240 to 299 of 360]
305.01495,314.91495,324.81494,319.81494,319.21494,317.21494,310.21494,315.71494,304.41495,318.11493,314.61493,313.61493,296.21494,293.11493,309.01495,304.21494,314.51495,311.01495,309.01495,308.61493,307.41495,309.21494,303.81494,299.41495,302.21494,300.31494,302.41495,299.01495,298.61493,298.81494,299.51495,300.21494,299.91495,298.41495,296.81494,292.11493,293.11493,294.11493,293.91495,292.71494,296.11493,296.71494,299.31494,299.11493,300.51495,298.51495,299.71494,299.81494,299.81494,300.31494,300.41495,300.11493,300.11493,300.61493,300.51495,300.31494,300.31494,301.21494,301.01495,300.51495
326.71494,303.81494,318.51495,322.31494,320.31494,322.81494,322.31494,316.81494,313.91495,318.91495,318.11493,319.51495,319.71494,309.41495,310.41495,301.41495,310.71494,313.51495,310.91495,311.21494,309.21494,307.91495,309.91495,300.61493,301.11493,300.51495,301.01495,297.71494,294.91495,294.91495,298.51495,302.01495,301.71494,301.01495,302.51495,302.41495,302.51495,299.41495,300.91495,301.41495,301.61493,305.71494,307.51495,307.11493,299.51495,299.41495,300.61493,300.91495,300.91495,300.91495,300.41495,300.31494,300.31494,300.61493,300.71494,300.91495,300.91495,301.21494,301.31494,300.81494
323.61493,322.01495,316.21494,326.51495,326.61493,323.01495,326.71494,315.21494,316.91495,314.31494,314.51495,308.31494,315.41495,306.21494,314.71494,305.11493,312.51495,313.01495,315.41495,314.11493,313.61493,312.71494,307.31494,302.31494,301.61493,299.01495,294.91495,296.01495,302.61493,302.41495,303.01495,303.81494,306.11493,304.21494,302.51495,301.91495,307.81494,303.11493,301.21494,307.61493,306.81494,309.91495,304.11493,307.01495,301.21494,299.71494,301.81494,301.11493,300.61493,300.61493,300.21494,300.01495,300.51495,300.91495,301.01495,301.11493,301.21494,301.51495,301.61493,301.21494
313.41495,317.31494,320.21494,324.71494,324.91495,321.21494,321.61493,313.81494,314.11493,315.61493,316.71494,315.01495,308.91495,319.91495,311.11493,314.41495,316.81494,315.21494,319.21494,317.31494,315.91495,314.81494,310.31494,303.61493,298.01495,296.61493,299.41495,304.61493,304.01495,302.01495,308.01495,302.41495,302.41495,304.11493,301.81494,300.81494,299.71494,306.01495,308.61493,309.11493,308.01495,306.81494,306.91495,308.91495,301.31494,301.91495,301.81494,300.91495,300.91495,301.11493,301.01495,301.01495,301.21494,301.21494,301.21494,301.41495,301.61493,301.91495,301.11493,300.61493
290.01495,292.81494,304.81494,318.01495,327.01495,322.41495,322.21494,322.51495,323.81494,309.01495,304.41495,301.61493,305.71494,318.91495,312.11493,316.21494,320.31494,320.11493,315.91495,316.81494,320.61493,324.01495,309.71494,301.41495,300.61493,303.01495,307.41495,307.91495,303.61493,302.81494,309.01495,306.91495,310.21494,302.61493,305.51495,308.21494,308.11493,308.21494,310.61493,311.81494,308.71494,307.61493,306.01495,302.11493,302.51495,302.61493,301.61493,301.71494,301.61493,301.71494,301.61493,301.41495,301.41495,301.51495,301.71494,301.61493,302.01495,301.81494,301.51495,300.91495
289.11493,291.61493,293.41495,313.11493,324.61493,325.51495,326.81494,329.81494,325.71494,312.11493,317.91495,316.81494,308.61493,319.41495,315.61493,315.51495,318.81494,321.41495,312.91495,324.01495,323.11493,328.41495,323.01495,315.11493,311.01495,308.21494,311.01495,311.31494,310.41495,305.71494,306.31494,309.91495,305.71494,308.01495,309.81494,310.71494,310.71494,310.51495,310.91495,311.41495,313.71494,302.31494,302.91495,303.31494,303.51495,302.71494,302.31494,302.31494,302.11493,301.91495,301.91495,302.11493,302.11493,302.31494,302.41495,302.51495,302.81494,302.71494,301.41495,301.21494
290.11493,290.91495,292.11493,292.01495,316.61493,327.21494,318.81494,323.91495,323.11493,318.11493,316.81494,314.61493,315.71494,318.71494,318.21494,321.71494,322.81494,319.81494,319.11493,322.51495,322.31494,319.81494,319.31494,324.21494,318.71494,307.71494,307.81494,308.51495,305.81494,305.51495,306.91495,307.91495,312.11493,309.11493,310.01495,310.71494,312.01495,308.41495,309.81494,307.61493,304.21494,304.61493,304.21494,304.21494,303.51495,303.11493,302.61493,302.61493,302.31494,302.31494,302.11493,302.41495,302.71494,302.81494,302.91495,303.11493,302.91495,302.51495,301.71494,301.51495
290.21494,290.51495,291.61493,291.71494,319.51495,326.31494,303.21494,319.71494,309.31494,307.31494,304.31494,303.41495,310.81494,318.51495,320.01495,317.91495,315.91495,322.11493,325.61493,320.61493,319.21494,319.21494,316.81494,322.41495,313.51495,309.51495,301.61493,302.21494,298.91495,300.81494,301.51495,301.01495,308.91495,308.71494,305.91495,311.01495,312.51495,306.91495,313.11493,303.51495,303.51495,303.51495,302.91495,303.01495,302.61493,302.21494,302.21494,302.31494,302.61493,302.51495,302.51495,302.61493,302.51495,302.61493,302.71494,302.51495,302.31494,301.71494,301.81494,302.01495
290.91495,290.11493,290.71494,291.41495,291.61493,324.41495,301.91495,302.51495,306.71494,306.51495,302.31494,297.71494,299.51495,314.61493,321.81494,319.41495,317.11493,324.91495,327.31494,321.41495,319.31494,317.41495,319.51495,321.11493,309.51495,301.51495,307.31494,301.81494,304.11493,299.51495,303.61493,302.91495,304.11493,303.31494,303.11493,316.21494,303.71494,310.01495,312.51495,302.01495,303.61493,303.31494,302.81494,302.51495,302.11493,301.91495,302.11493,302.41495,302.41495,302.51495,302.51495,302.51495,302.31494,302.41495,302.31494,302.71494,301.71494,301.71494,301.71494,302.21494
291.71494,290.71494,291.01495,290.61493,291.01495,291.41495,324.21494,301.61493,312.91495,309.71494,300.41495,293.31494,298.81494,298.71494,313.71494,316.31494,316.21494,318.81494,304.91495,322.71494,320.91495,322.21494,324.71494,317.21494,306.11493,303.11493,302.91495,302.81494,302.91495,302.81494,302.21494,302.91495,304.21494,303.81494,302.71494,302.41495,303.01495,304.51495,307.01495,306.71494,303.31494,302.91495,302.41495,302.01495,301.91495,302.01495,302.01495,302.71494,302.41495,302.51495,302.01495,301.41495,301.41495,301.71494,301.71494,301.91495,302.31494,302.01495,302.21494,302.51495
291.91495,291.41495,291.61493,290.81494,290.61493,291.61493,322.21494,328.71494,303.21494,305.71494,298.81494,291.71494,290.31494,303.61493,312.91495,316.91495,322.31494,321.81494,316.61493,326.71494,325.31494,327.81494,316.31494,308.61493,302.51495,302.71494,302.71494,302.61493,302.61493,302.51495,302.51495,302.61493,304.01495,302.91495,302.51495,302.61493,303.81494,303.51495,308.71494,306.21494,302.41495,302.81494,302.31494,302.01495,302.01495,302.11493,302.41495,302.51495,302.81494,302.41495,302.41495,302.31494,302.01495,302.21494,302.41495,302.51495,302.41495,302.71494,302.51495,302.71494
292.41495,292.21494,292.01495,291.31494,292.31494,294.51495,295.11493,325.41495,314.91495,303.41495,302.51495,296.91495,297.01495,301.31494,311.21494,320.01495,321.11493,325.51495,329.11493,334.71494,330.51495,326.01495,319.01495,302.61493,302.91495,302.91495,302.81494,302.61493,302.61493,303.21494,303.51495,302.91495,303.51495,303.01495,302.71494,302.71494,302.91495,303.41495,311.71494,308.91495,302.81494,303.01495,302.71494,302.01495,301.71494,302.21494,302.61493,302.61493,302.51495,302.31494,302.41495,302.61493,302.41495,302.41495,302.51495,302.61493,302.91495,303.11493,302.91495,302.91495
292.71494,293.31494,293.41495,292.91495,293.61493,295.31494,296.31494,297.61493,323.21494,303.11493,303.21494,296.61493,296.21494,293.11493,299.31494,308.21494,326.41495,320.81494,326.71494,333.61493,321.21494,333.81494,318.51495,301.81494,303.21494,303.21494,303.21494,302.81494,302.61493,303.01495,303.21494,302.91495,303.51495,303.21494,302.81494,302.31494,302.91495,303.61493,304.11493,312.11493,303.31494,302.81494,302.41495,302.01495,301.91495,302.31494,302.51495,302.41495,302.41495,302.41495,302.41495,302.51495,302.41495,302.41495,302.51495,302.41495,302.61493,302.71494,302.81494,302.61493
293.91495,294.01495,294.71494,294.81494,294.71494,295.51495,297.31494,298.01495,316.21494,315.11493,302.81494,303.61493,300.91495,299.81494,293.71494,306.11493,315.21494,324.11493,319.61493,315.61493,308.61493,323.41495,325.11493,302.41495,303.21494,302.81494,302.71494,302.81494,303.01495,302.91495,302.91495,302.81494,303.41495,303.71494,303.31494,303.11493,302.81494,303.61493,304.01495,304.21494,303.81494,303.31494,307.41495,302.61493,301.81494,301.81494,302.31494,302.41495,302.51495,302.51495,302.41495,302.51495,302.31494,302.51495,302.31494,302.41495,302.21494,302.21494,302.41495,302.31494
294.51495,295.11493,296.01495,296.11493,295.91495,295.91495,296.71494,297.81494,297.91495,298.41495,300.41495,302.91495,303.71494,300.11493,298.31494,305.91495,312.31494,317.71494,321.71494,322.81494,310.51495,321.51495,318.91495,303.21494,303.31494,302.91495,302.81494,302.81494,302.71494,302.81494,302.91495,303.01495,303.41495,303.51495,303.61493,304.31494,303.61493,303.51495,304.61493,304.11493,303.21494,304.01495,305.11493,302.61493,302.21494,302.11493,302.21494,302.31494,302.51495,302.51495,302.41495,302.51495,302.51495,302.41495,302.51495,302.31494,302.11493,302.11493,302.11493,302.11493
295.61493,296.71494,297.41495,297.61493,297.61493,297.31494,297.81494,298.41495,299.31494,299.41495,298.21494,302.41495,303.01495,303.71494,306.71494,299.81494,307.31494,314.21494,320.41495,323.51495,322.31494,317.91495,311.11493,303.51495,303.51495,303.31494,303.01495,302.91495,302.71494,302.71494,302.91495,303.01495,303.31494,303.71494,304.41495,304.91495,306.31494,306.31494,302.61493,304.71494,304.31494,304.61493,303.91495,303.11493,302.81494,302.61493,302.41495,302.31494,302.61493,302.51495,302.41495,302.51495,302.51495,302.41495,302.31494,302.21494,302.11493,302.11493,302.01495,302.01495
297.21494,298.11493,298.31494,298.21494,298.61493,299.01495,299.31494,299.61493,300.11493,300.41495,300.81494,301.51495,302.31494,303.51495,304.41495,306.01495,300.91495,305.61493,310.81494,317.31494,314.81494,307.51495,312.01495,303.81494,303.31494,303.41495,303.41495,303.11493,302.71494,302.21494,301.91495,301.91495,302.01495,302.31494,303.51495,305.41495,306.21494,304.31494,306.11493,307.11493,302.71494,307.71494,308.71494,302.71494,302.51495,302.61493,302.81494,302.51495,302.71494,302.31494,302.41495,302.41495,302.31494,302.21494,302.21494,302.01495,302.01495,302.01495,301.91495,301.91495
298.01495,298.91495,299.41495,299.21494,299.31494,299.71494,299.81494,299.91495,300.21494,300.61493,301.11493,302.01495,302.21494,303.01495,303.71494,306.81494,304.81494,307.11493,299.91495,303.51495,315.31494,304.31494,312.01495,304.91495,303.21494,303.41495,303.41495,303.21494,302.71494,301.71494,313.01495,311.91495,311.91495,307.61493,303.61493,304.51495,305.31494,304.91495,304.71494,305.11493,305.51495,305.51495,308.91495,313.21494,314.21494,302.91495,302.71494,302.51495,302.21494,302.11493,302.11493,302.21494,302.21494,302.11493,302.11493,302.01495,301.91495,301.91495,301.91495,301.91495
298.61493,299.41495,300.01495,299.81494,299.91495,300.61493,301.01495,300.81494,300.71494,300.91495,301.41495,302.11493,302.41495,302.81494,303.51495,308.51495,304.01495,295.81494,296.91495,298.21494,295.71494,305.21494,295.11493,310.41495,302.51495,303.21494,303.31494,303.21494,302.71494,302.91495,310.51495,310.11493,309.71494,302.71494,303.31494,303.71494,304.31494,304.71494,305.31494,306.61493,305.61493,304.91495,304.21494,303.71494,305.01495,312.01495,303.91495,303.61493,303.11493,302.11493,302.11493,302.11493,302.11493,301.81494,301.81494,301.61493,301.61493,301.81494,301.91495,301.71494
299.21494,300.01495,300.61493,300.71494,300.81494,301.51495,301.61493,301.31494,301.51495,301.71494,301.41495,301.81494,302.31494,302.51495,302.71494,302.81494,307.81494,300.91495,304.11493,302.11493,295.31494,291.61493,300.91495,299.71494,303.51495,303.91495,303.11493,303.01495,302.61493,314.71494,312.41495,310.01495,310.31494,302.71494,303.31494,303.31494,303.41495,303.71494,304.21494,304.11493,304.21494,304.01495,303.51495,303.41495,304.01495,304.31494,305.31494,304.81494,309.71494,292.91495,304.01495,304.31494,302.01495,301.81494,301.81494,302.01495,301.81494,301.71494,301.71494,301.71494
300.11493,300.41495,300.71494,301.01495,301.41495,301.91495,302.11493,302.01495,302.11493,302.31494,302.21494,302.31494,302.41495,302.71494,302.81494,303.41495,303.51495,303.31494,304.21494,300.11493,300.81494,302.51495,302.01495,311.81494,306.21494,305.51495,309.31494,310.71494,307.81494,308.01495,310.31494,309.01495,302.91495,302.61493,302.71494,302.51495,302.71494,303.11493,303.21494,303.41495,303.31494,303.21494,303.11493,306.41495,303.21494,303.01495,303.01495,302.31494,302.71494,303.01495,302.41495,302.31494,302.21494,305.11493,305.51495,302.21494,302.21494,302.11493,301.91495,301.91495
300.61493,300.71494,300.91495,301.21494,301.61493,302.11493,302.21494,302.31494,302.41495,302.41495,302.61493,302.61493,302.61493,302.71494,303.01495,303.21494,303.21494,303.01495,302.91495,304.01495,306.01495,302.41495,302.81494,300.71494,300.91495,305.01495,304.21494,297.61493,304.01495,306.61493,310.21494,308.71494,302.71494,302.21494,302.11493,302.21494,302.81494,302.71494,302.81494,302.81494,302.51495,302.41495,302.51495,302.41495,302.51495,302.41495,302.11493,302.01495,301.91495,302.01495,302.11493,302.11493,302.21494,302.31494,302.11493,302.21494,302.31494,302.31494,302.21494,302.01495
300.61493,300.91495,301.31494,301.51495,301.81494,302.01495,302.01495,302.11493,302.31494,302.01495,302.31494,302.61493,302.61493,302.61493,303.11493,303.81494,304.51495,303.81494,303.91495,303.41495,303.51495,304.01495,304.31494,306.01495,300.71494,304.51495,305.91495,302.21494,304.21494,308.51495,305.41495,309.51495,304.31494,303.41495,302.01495,304.61493,302.91495,302.71494,302.51495,302.31494,302.31494,302.31494,302.21494,302.41495,302.31494,302.11493,301.91495,301.81494,301.51495,301.61493,301.91495,302.11493,302.31494,302.41495,302.31494,302.41495,302.51495,302.61493,302.61493,302.31494
300.91495,300.91495,301.21494,301.41495,301.51495,301.61493,301.81494,302.01495,302.01495,301.61493,302.11493,302.31494,302.21494,302.31494,302.61493,303.51495,303.71494,303.11493,303.51495,304.11493,304.41495,304.61493,304.51495,304.61493,304.31494,304.11493,304.41495,304.91495,297.71494,298.61493,300.01495,304.11493,304.91495,302.71494,304.01495,307.81494,306.01495,302.61493,302.01495,302.11493,302.11493,302.11493,302.11493,302.21494,302.01495,301.71494,301.61493,301.41495,301.31494,301.71494,301.91495,301.91495,302.11493,302.31494,302.31494,302.41495,302.21494,302.31494,302.31494,302.31494
300.71494,300.61493,301.01495,301.41495,301.51495,301.31494,301.61493,301.71494,301.61493,301.61493,302.01495,302.21494,302.21494,302.11493,303.41495,303.41495,302.71494,303.11493,303.21494,303.41495,303.41495,303.11493,303.51495,304.11493,303.91495,304.01495,304.11493,304.01495,304.41495,310.71494,305.61493,306.51495,300.51495,304.01495,301.41495,304.71494,306.11493,302.41495,301.71494,301.91495,301.91495,301.81494,301.81494,301.81494,301.61493,301.31494,301.11493,301.11493,301.11493,301.61493,301.71494,301.81494,301.81494,301.91495,302.11493,302.31494,302.21494,302.41495,302.41495,305.41495
300.61493,300.81494,301.21494,301.41495,301.31494,301.11493,301.11493,301.11493,301.21494,301.51495,301.81494,302.21494,302.61493,302.41495,302.91495,303.11493,302.51495,303.01495,302.81494,302.91495,303.01495,303.11493,303.01495,302.91495,303.01495,302.91495,302.81494,303.21494,303.71494,303.51495,302.71494,303.51495,303.21494,311.01495,303.51495,304.21494,306.81494,302.21494,301.91495,301.91495,301.81494,301.61493,301.51495,301.41495,301.41495,301.21494,301.01495,300.81494,300.31494,300.71494,301.61493,301.71494,301.61493,301.71494,301.91495,301.91495,302.21494,302.41495,302.31494,302.31494
