nws-json/temp2019082118.f000.json
{"header": { "discipline":0, "disciplineName":"Meteorological products", "gribEdition":2, "gribLength":49835, "center":7, "centerName":"US National Weather Service - NCEP(WMC)", "subcenter":0, "refTime":"2019-08-21T18:00:00.000Z", "significanceOfRT":1, "significanceOfRTName":"Start of forecast", "productStatus":0, "productStatusName":"Operational products", "productType":1, "productTypeName":"Forecast products", "productDefinitionTemplate":0, "productDefinitionTemplateName":"Analysis/forecast at horizontal level/layer at a point in time", "parameterCategory":0, "parameterCategoryName":"Temperature", "parameterNumber":0, "parameterNumberName":"Temperature", "parameterUnit":"K", "genProcessType":2, "genProcessTypeName":"Forecast", "forecastTime":0, "surface1Type":1, "surface1TypeName":"Ground or water surface", "surface1Value":0.0, "surface2Type":255, "surface2TypeName":"Missing", "surface2Value":0.0, "gridDefinitionTemplate":0, "gridDefinitionTemplateName":"Latitude_Longitude", "numberPoints":65160, "shape":6, "shapeName":"Earth spherical with radius of 6,371,229.0 m", "gridUnits":"degrees", "resolution":48, "winds":"true", "scanMode":0, "nx":360, "ny":181, "basicAngle":0, "lo1":0.0, "la1":90.0, "lo2":359.0, "la2":-90.0, "dx":1.0, "dy":1.0 }, "data":
[rows 130 to 155 of 181, columns 120 to 179 of 360]
283.86368,284.06366,284.36368,283.96368,283.86368,283.86368,284.06366,284.36368,283.46368,282.66367,282.96368,282.96368,283.26367,283.16367,283.16367,283.66367,284.16367,283.66367,283.86368,284.06366,284.26367,284.36368,284.56366,285.06366,282.46368,284.86368,285.06366,285.26367,282.06366,285.46368,285.66367,286.16367,286.06366,286.46368,286.26367,286.36368,286.66367,286.86368,287.06366,286.56366,286.16367,286.16367,286.46368,286.26367,286.16367,285.96368,286.16367,285.96368,285.36368,285.46368,285.76367,286.06366,286.06366,285.86368,285.76367,284.56366,277.86368,285.36368,285.66367,285.16367
283.36368,283.26367,283.36368,283.36368,283.36368,283.26367,283.16367,283.16367,282.76367,282.26367,282.46368,282.76367,283.16367,282.96368,282.76367,283.26367,283.76367,283.66367,283.76367,283.66367,283.76367,283.76367,284.06366,284.26367,284.66367,279.06366,281.46368,281.86368,276.76367,286.16367,286.56366,286.96368,286.76367,286.16367,285.36368,285.26367,285.96368,286.16367,286.36368,286.26367,285.76367,285.26367,285.66367,285.96368,286.16367,285.86368,285.56366,285.56366,285.46368,285.56366,285.76367,285.86368,285.06366,280.06366,283.76367,281.46368,281.16367,285.86368,285.66367,284.76367
282.46368,282.46368,282.16367,282.26367,282.16367,282.06366,281.86368,281.86368,281.86368,281.96368,282.46368,282.56366,282.46368,282.26367,282.66367,283.26367,283.56366,283.76367,283.56366,283.16367,283.46368,284.06366,284.16367,284.06366,284.26367,284.66367,271.86368,271.06366,273.76367,286.36368,286.66367,286.66367,286.66367,286.16367,285.26367,284.86368,284.66367,284.66367,285.56366,285.86368,285.56366,285.46368,285.36368,285.56366,285.66367,285.16367,284.86368,284.96368,285.16367,285.56366,285.86368,285.46368,277.36368,272.96368,282.16367,284.66367,285.16367,285.46368,285.46368,284.76367
282.26367,282.26367,282.16367,281.86368,281.66367,281.86368,281.96368,281.76367,281.56366,281.76367,282.06366,282.06366,281.96368,282.06366,282.26367,282.66367,282.46368,282.46368,282.86368,282.76367,282.86368,283.26367,283.76367,284.16367,284.26367,284.56366,275.06366,273.16367,284.16367,285.26367,284.96368,284.96368,285.36368,285.06366,284.36368,284.36368,284.46368,284.46368,284.66367,284.46368,284.16367,284.56366,284.46368,284.46368,284.76367,284.66367,284.46368,284.76367,285.16367,285.26367,284.96368,274.06366,274.56366,277.26367,283.76367,284.56366,284.66367,284.36368,283.86368,283.96368
282.16367,282.06366,281.86368,281.76367,281.96368,281.86368,281.66367,281.36368,281.36368,281.76367,282.06366,282.06366,281.86368,281.66367,281.76367,281.86368,281.56366,281.76367,282.36368,282.46368,282.56366,282.76367,283.36368,283.76367,283.96368,283.76367,283.86368,284.46368,284.76367,284.56366,283.86368,283.56366,284.16367,284.16367,283.36368,283.26367,283.66367,283.96368,283.86368,283.46368,283.36368,283.46368,283.76367,284.06366,284.26367,284.56366,284.66367,284.76367,284.96368,274.46368,264.86368,273.16367,279.46368,282.56366,282.66367,283.56366,282.96368,282.66367,282.16367,282.06366
281.96368,282.06366,281.96368,281.86368,281.76367,281.56366,281.46368,281.36368,281.26367,281.26367,281.56366,281.76367,281.76367,281.66367,281.56366,281.46368,281.46368,281.66367,281.96368,282.26367,282.56366,282.76367,282.96368,283.26367,283.36368,283.86368,284.16367,284.16367,283.76367,283.26367,283.46368,283.26367,283.36368,283.46368,283.16367,282.96368,282.76367,282.56366,282.86368,283.06366,282.96368,282.76367,283.06366,283.66367,283.86368,284.06366,284.56366,284.56366,272.86368,271.56366,272.26367,278.56366,281.96368,281.36368,280.96368,281.06366,281.06366,280.96368,281.16367,281.36368
280.86368,281.66367,281.96368,281.86368,281.66367,281.66367,281.56366,281.46368,281.26367,281.16367,281.16367,281.46368,281.66367,281.76367,281.56366,281.46368,281.66367,281.86368,281.46368,281.46368,281.96368,282.26367,282.56366,282.56366,282.36368,282.76367,283.46368,283.36368,282.86368,282.56366,282.56366,282.26367,282.16367,282.46368,282.16367,281.86368,281.86368,281.66367,281.96368,282.66367,283.06366,282.56366,282.46368,282.76367,283.36368,283.86368,284.46368,272.76367,274.86368,274.76367,277.76367,281.76367,280.86368,281.06366,280.96368,280.96368,280.96368,281.16367,281.36368,281.66367
279.86368,281.06366,281.86368,281.86368,281.56366,281.46368,281.46368,281.56366,281.36368,281.26367,281.16367,281.16367,281.16367,281.46368,281.26367,281.16367,281.26367,281.36368,281.16367,280.96368,281.36368,281.86368,282.56366,282.26367,281.46368,281.36368,282.06366,282.26367,281.96368,281.66367,281.86368,281.76367,281.36368,281.26367,281.06366,280.86368,281.46368,281.76367,281.76367,281.96368,282.76367,282.76367,282.46368,282.66367,283.06366,283.16367,283.36368,283.56366,276.66367,282.96368,281.56366,280.56366,280.66367,280.56366,280.56366,280.46368,280.56366,280.86368,281.06366,281.16367
280.06366,280.36368,280.66367,280.86368,281.06366,280.76367,280.86368,281.36368,281.36368,281.26367,281.16367,280.86368,281.06366,281.06366,280.96368,280.86368,280.96368,281.16367,280.96368,280.76367,280.86368,281.16367,281.46368,281.76367,281.36368,281.06366,281.36368,281.36368,281.06366,280.66367,281.16367,281.56366,281.16367,280.66367,280.26367,280.46368,280.96368,281.06366,280.76367,280.86368,281.36368,281.46368,281.66367,282.16367,283.06366,282.86368,282.86368,282.76367,282.56366,281.86368,280.96368,280.66367,280.56366,280.56366,280.66367,280.36368,280.16367,280.36368,280.76367,281.06366
278.96368,278.56366,278.46368,278.76367,279.06366,278.96368,279.66367,280.76367,281.16367,280.66367,280.06366,279.76367,280.16367,280.46368,280.26367,279.96368,280.46368,280.56366,280.36368,280.46368,280.36368,280.46368,280.66367,280.66367,280.66367,280.76367,280.86368,280.76367,280.56366,280.46368,280.86368,281.06366,280.86368,280.56366,280.46368,280.56366,280.56366,280.56366,280.66367,280.86368,280.96368,281.26367,281.36368,281.76367,282.66367,282.56366,282.26367,281.76367,280.96368,280.76367,280.76367,280.76367,280.86368,280.56366,280.36368,280.36368,280.06366,279.56366,279.76367,280.16367
276.96368,277.26367,277.46368,277.96368,278.46368,278.56366,278.96368,279.86368,279.96368,279.46368,279.36368,279.26367,279.16367,279.06366,278.96368,279.06366,279.06366,278.96368,278.66367,278.76367,279.46368,280.16367,280.56366,280.46368,280.16367,280.16367,280.36368,280.46368,280.46368,280.16367,279.66367,279.06366,279.36368,280.46368,280.66367,280.56366,280.46368,280.36368,280.56366,280.66367,281.16367,281.16367,281.06366,281.16367,281.56366,281.66367,281.56366,280.96368,280.66367,280.56366,280.86368,280.86368,280.76367,280.56366,280.26367,279.96368,279.86368,279.56366,279.16367,279.36368
276.76367,277.26367,277.56366,277.66367,277.36368,277.36368,277.96368,278.36368,278.16367,277.66367,277.86368,278.06366,277.96368,277.66367,277.56366,277.66367,277.76367,277.76367,277.86368,278.36368,279.06366,279.66367,279.56366,279.56366,279.06366,278.56366,279.06366,279.96368,280.36368,280.26367,279.46368,278.66367,278.96368,280.16367,280.16367,279.96368,280.06366,279.96368,280.16367,280.56366,280.86368,280.66367,279.86368,280.16367,280.76367,281.06366,280.86368,280.66367,280.56366,280.26367,280.36368,280.36368,280.36368,280.26367,280.06366,279.96368,279.36368,279.06366,279.16367,279.46368
276.16367,276.46368,276.56366,276.36368,276.06366,276.56366,277.16367,277.16367,276.46368,276.46368,277.46368,277.96368,278.06366,277.66367,277.36368,277.36368,277.36368,276.96368,277.16367,277.76367,277.46368,277.16367,276.86368,276.56366,276.26367,276.06366,276.76367,278.66367,280.16367,280.66367,280.16367,279.36368,279.26367,279.76367,279.76367,279.46368,279.06366,278.96368,279.16367,279.86368,279.96368,279.26367,279.06366,279.96368,280.46368,280.56366,280.46368,280.46368,280.26367,279.86368,279.76367,279.96368,279.96368,279.96368,279.86368,279.66367,279.06366,279.16367,279.16367,279.36368
275.26367,275.36368,276.06366,276.76367,276.56366,276.46368,276.76367,276.66367,276.56366,276.76367,277.66367,277.96368,277.36368,276.46368,276.36368,276.86368,277.06366,276.66367,276.16367,276.36368,275.96368,275.36368,275.46368,275.46368,275.16367,275.06366,275.56366,276.96368,278.86368,279.46368,279.26367,278.56366,278.26367,278.36368,278.46368,278.26367,278.16367,278.06366,277.96368,277.96368,278.16367,278.56366,279.56366,280.56366,280.56366,280.16367,280.26367,280.36368,280.26367,280.16367,280.26367,280.06366,279.86368,279.86368,279.66367,279.06366,278.66367,278.86368,278.86368,278.96368
274.96368,275.26367,275.86368,276.26367,275.96368,276.06366,276.56366,276.76367,276.76367,276.56366,276.36368,276.26367,275.96368,275.66367,275.96368,276.26367,276.26367,275.96368,275.66367,275.36368,275.26367,274.46368,274.36368,274.46368,274.26367,274.06366,274.36368,275.06366,276.26367,277.46368,277.36368,276.96368,277.06366,277.06366,277.06366,277.26367,277.46368,277.66367,277.16367,276.56366,276.66367,277.26367,278.16367,279.16367,279.86368,280.26367,280.46368,280.36368,280.36368,280.26367,280.06366,279.96368,279.76367,279.46368,278.96368,278.66367,278.46368,278.46368,278.86368,278.86368
274.66367,275.26367,275.66367,275.66367,275.76367,276.16367,276.06366,275.36368,275.46368,275.46368,275.56366,275.56366,275.46368,275.56366,275.86368,275.76367,275.36368,275.26367,275.36368,275.26367,274.96368,274.26367,274.06366,274.06366,273.56366,273.36368,272.96368,272.86368,273.86368,275.26367,275.76367,275.86368,275.56366,275.76367,276.56366,276.86368,277.26367,277.16367,276.36368,275.66367,274.76367,274.56366,275.16367,276.06366,278.26367,279.66367,280.26367,280.36368,280.36368,280.06366,279.86368,279.56366,279.26367,278.66367,278.36368,278.56366,278.26367,278.06366,278.76367,279.26367
274.86368,274.66367,275.66367,275.36368,275.36368,275.46368,275.36368,275.36368,275.46368,275.46368,275.46368,275.36368,275.26367,275.06366,275.06366,274.86368,274.86368,274.96368,275.16367,275.06366,274.76367,274.26367,273.96368,273.76367,273.46368,273.16367,272.56366,272.06366,272.16367,273.56366,274.76367,274.96368,274.56366,274.46368,274.96368,275.66367,276.46368,275.86368,274.96368,274.06366,273.86368,274.46368,274.56366,275.06366,276.16367,277.86368,278.76367,279.36368,279.66367,279.46368,279.16367,278.96368,278.86368,278.66367,278.66367,278.66367,278.06366,277.46368,277.46368,278.16367
274.36368,274.26367,274.26367,274.16367,274.06366,274.36368,274.56366,274.56366,274.86368,274.76367,274.46368,274.06366,274.36368,274.56366,274.26367,274.06366,274.36368,274.56366,274.46368,274.16367,274.26367,274.36368,274.16367,273.66367,273.16367,272.86368,272.56366,271.96368,271.56366,272.26367,273.86368,274.06366,273.56366,273.36368,273.36368,273.56366,271.56366,273.76367,273.76367,273.66367,273.66367,273.96368,274.36368,275.06366,275.76367,276.76367,277.56366,278.06366,278.46368,278.56366,278.36368,277.96368,277.86368,277.96368,278.06366,277.96368,277.56366,276.76367,276.26367,275.96368
273.96368,273.96368,273.86368,273.66367,273.66367,273.76367,273.86368,274.06366,274.16367,273.96368,273.66367,273.56366,273.76367,274.16367,274.26367,274.16367,274.16367,274.36368,274.06366,273.66367,273.66367,273.96368,273.96368,273.46368,272.96368,272.86368,272.66367,272.06366,271.66367,271.66367,272.46368,272.96368,272.56366,272.56366,272.76367,272.46368,272.26367,272.36368,274.16367,274.56366,273.86368,273.56366,273.96368,274.76367,275.56366,275.96368,276.06366,276.36368,277.06366,277.76367,278.06366,277.86368,277.46368,277.46368,277.56366,277.46368,277.16367,276.66367,276.06366,275.76367
273.46368,273.26367,272.86368,272.76367,272.76367,272.86368,272.96368,273.16367,273.36368,273.36368,273.36368,273.26367,273.06366,273.16367,273.26367,273.26367,273.16367,273.06366,273.16367,273.16367,273.36368,273.46368,273.36368,273.06366,272.86368,272.86368,272.76367,272.26367,271.66367,271.26367,271.16367,271.26367,271.56366,271.56366,271.76367,271.86368,271.76367,272.26367,272.96368,273.66367,272.36368,273.56366,274.46368,275.06366,275.06366,274.86368,274.96368,275.16367,275.46368,276.36368,276.96368,276.96368,276.96368,276.96368,276.56366,275.66367,275.56366,275.66367,275.56366,275.66367
272.26367,272.76367,272.76367,272.46368,272.26367,272.06366,271.96368,272.06366,272.36368,272.46368,272.46368,272.56366,272.56366,272.56366,272.56366,272.56366,272.56366,272.66367,272.86368,272.96368,272.76367,272.46368,272.56366,272.66367,272.76367,272.76367,272.76367,272.36368,271.46368,271.16367,271.16367,271.16367,271.16367,271.16367,271.86368,272.16367,272.46368,272.36368,272.46368,272.56366,272.66367,272.76367,273.46368,274.16367,274.06366,273.66367,273.46368,273.96368,274.66367,275.16367,275.06366,275.06366,275.26367,275.26367,274.76367,274.36368,274.36368,274.16367,274.36368,274.26367
271.46368,271.46368,271.26367,271.26367,271.16367,271.16367,271.36368,271.76367,271.86368,271.96368,271.96368,271.96368,272.16367,272.16367,272.16367,272.06366,271.96368,271.96368,271.96368,271.96368,271.86368,271.56366,271.46368,271.36368,271.56366,271.66367,271.26367,271.16367,271.16367,271.16367,270.76367,267.36368,265.86368,266.86368,262.16367,265.86368,270.66367,266.96368,271.56366,272.16367,272.36368,271.96368,271.96368,272.26367,272.36368,272.26367,272.26367,272.66367,273.26367,273.46368,273.66367,273.86368,274.06366,274.16367,274.06366,274.06366,273.96368,273.86368,273.86368,273.66367
269.16367,268.66367,268.46368,268.66367,271.16367,271.16367,271.16367,271.16367,271.36368,271.56366,271.76367,271.86368,271.96368,271.76367,271.56366,271.56366,271.66367,265.56366,267.76367,266.56366,264.66367,264.26367,265.16367,270.16367,256.26367,262.06366,260.76367,252.86368,260.16367,263.76367,259.26367,252.56367,253.46367,253.96367,253.86368,254.36368,257.46368,262.06366,263.46368,264.16367,266.06366,268.86368,270.96368,270.16367,270.06366,269.76367,269.96368,271.86368,272.26367,272.36368,272.66367,273.06366,273.46368,274.16367,274.26367,274.16367,273.26367,273.26367,272.96368,273.16367
267.26367,269.46368,270.56366,266.86368,266.26367,266.86368,270.56366,269.06366,268.36368,269.06366,270.96368,267.66367,270.06366,268.86368,263.46368,253.46367,246.36368,246.26367,242.36368,244.46367,242.66367,241.96367,243.96367,251.36368,240.66367,240.76367,240.56367,239.86368,241.56367,242.46367,246.66367,250.26367,251.36368,252.06367,253.96367,255.46367,256.06366,253.66367,252.66367,253.56367,262.06366,268.46368,269.56366,270.36368,269.26367,267.66367,267.36368,265.56366,266.26367,266.66367,267.66367,262.36368,263.86368,260.96368,262.46368,265.36368,271.56366,271.96368,272.16367,272.26367
270.66367,268.26367,268.76367,267.26367,264.56366,260.96368,256.86368,253.66367,258.56366,261.06366,257.16367,255.56367,252.36368,247.96367,243.56367,244.96367,241.06367,240.66367,240.66367,241.66367,240.56367,241.76367,241.46367,239.86368,238.96367,240.06367,240.76367,238.86368,239.96367,240.46367,242.66367,245.66367,247.46367,249.56367,250.36368,250.86368,252.36368,252.86368,250.86368,251.36368,255.46367,260.86368,271.56366,270.96368,266.96368,264.06366,261.06366,258.76367,256.56366,256.06366,255.06367,252.96367,253.36368,251.96367,250.26367,251.06367,263.26367,268.46368,271.16367,267.36368
244.06367,243.46367,244.26367,243.96367,241.96367,240.96367,241.56367,241.56367,240.56367,240.96367,239.96367,240.16367,240.36368,240.16367,240.16367,237.66367,239.26367,239.66367,239.76367,239.66367,239.76367,240.36368,239.76367,238.36368,237.56367,238.96367,236.86368,237.46367,241.06367,241.56367,242.36368,243.06367,244.56367,245.36368,245.56367,246.66367,248.36368,248.76367,249.66367,250.26367,251.36368,252.06367,253.56367,253.96367,254.06367,253.26367,253.06367,253.26367,252.96367,253.26367,252.46367,253.16367,252.56367,250.96367,249.16367,248.66367,249.36368,251.56367,261.56366,254.16367
