nws-json/temp_20190820_00.f000.json
{"header": { "discipline":0, "disciplineName":"Meteorological products", "gribEdition":2, "gribLength":49813, "center":7, "centerName":"US National Weather Service - NCEP(WMC)", "subcenter":0, "refTime":"2019-08-20T00:00:00.000Z", "significanceOfRT":1, "significanceOfRTName":"Start of forecast", "productStatus":0, "productStatusName":"Operational products", "productType":1, "productTypeName":"Forecast products", "productDefinitionTemplate":0, "productDefinitionTemplateName":"Analysis/forecast at horizontal level/layer at a point in time", "parameterCategory":0, "parameterCategoryName":"Temperature", "parameterNumber":0, "parameterNumberName":"Temperature", "parameterUnit":"K", "genProcessType":2, "genProcessTypeName":"Forecast", "forecastTime":0, "surface1Type":1, "surface1TypeName":"Ground or water surface", "surface1Value":0.0, "surface2Type":255, "surface2TypeName":"Missing", "surface2Value":0.0, "gridDefinitionTemplate":0, "gridDefinitionTemplateName":"Latitude_Longitude", "numberPoints":65160, "shape":6, "shapeName":"Earth spherical with radius of 6,371,229.0 m", "gridUnits":"degrees", "resolution":48, "winds":"true", "scanMode":0, "nx":360, "ny":181, "basicAngle":0, "lo1":0.0, "la1":90.0, "lo2":359.0, "la2":-90.0, "dx":1.0, "dy":1.0 }, "data":
[rows 26 to 51 of 181, columns 0 to 59 of 360]
284.74615,285.14615,285.44614,285.54614,285.44614,285.44614,285.34613,285.74615,286.24615,286.34613,285.84613,279.04614,279.54614,276.54614,277.74615,280.34613,281.54614,281.54614,281.94614,282.54614,283.14615,287.64615,286.64615,285.34613,285.14615,283.84613,283.34613,282.84613,283.14615,284.04614,285.64615,287.84613,287.94614,286.84613,288.84613,288.54614,288.74615,284.64615,285.04614,286.34613,286.14615,285.84613,285.74615,285.54614,285.34613,285.84613,287.24615,286.54614,285.84613,286.44614,285.64615,287.24615,286.94614,286.34613,286.74615,284.44614,284.14615,283.24615,285.34613,280.84613
284.74615,284.84613,285.14615,285.54614,285.94614,286.24615,286.64615,285.94614,284.54614,279.94614,278.04614,278.34613,277.34613,274.34613,280.34613,282.34613,282.84613,283.54614,283.44614,288.34613,287.94614,286.54614,286.24615,285.74615,284.84613,284.24615,285.44614,284.04614,286.34613,284.04614,286.44614,286.54614,287.24615,288.04614,288.44614,288.54614,287.64615,287.64615,287.14615,286.24615,286.24615,286.44614,285.74615,285.44614,284.54614,285.04614,287.14615,287.64615,287.24615,287.34613,287.64615,287.64615,287.14615,286.84613,286.64615,287.14615,285.44614,284.24615,283.04614,280.94614
284.94614,284.84613,284.94614,285.84613,286.94614,286.94614,281.74615,280.54614,278.34613,275.24615,275.04614,278.74615,276.64615,279.44614,283.34613,282.74615,282.44614,283.84613,288.54614,287.94614,287.74615,287.24615,285.34613,284.54614,284.64615,284.64615,284.44614,284.14615,283.84613,285.04614,286.34613,287.04614,287.84613,287.94614,287.64615,287.74615,289.14615,287.54614,286.64615,286.24615,286.34613,285.94614,285.84613,285.14615,285.04614,285.24615,286.94614,287.64615,287.64615,287.64615,288.24615,288.24615,287.74615,287.74615,286.84613,286.84613,286.64615,286.64615,286.04614,283.14615
285.74615,285.84613,285.74615,286.04614,286.74615,285.44614,280.24615,279.84613,276.94614,276.94614,278.24615,280.34613,282.04614,282.74615,283.54614,284.34613,283.54614,285.04614,288.84613,288.54614,288.74615,288.74615,285.84613,285.34613,284.74615,284.34613,284.24615,283.84613,283.94614,284.74615,285.84613,287.94614,287.14615,287.94614,287.54614,288.54614,287.34613,286.84613,286.94614,286.74615,285.94614,285.84613,286.24615,285.54614,285.34613,285.34613,285.54614,287.94614,288.34613,288.34613,288.54614,288.74615,288.84613,288.94614,288.84613,287.24615,286.34613,286.24615,285.14615,283.44614
286.24615,286.54614,286.74615,286.64615,287.24615,288.04614,284.54614,278.54614,274.64615,277.44614,281.74615,282.94614,284.14615,283.84613,283.94614,284.34613,285.04614,285.24615,285.44614,289.24615,290.14615,290.14615,290.34613,290.44614,287.84613,288.84613,289.34613,289.84613,290.04614,289.44614,287.64615,286.74615,288.44614,288.64615,288.04614,286.84613,287.54614,286.44614,286.14615,286.44614,286.24615,286.04614,285.94614,285.84613,285.44614,285.94614,286.14615,286.94614,288.74615,289.14615,288.24615,287.64615,286.84613,287.54614,288.14615,289.14615,288.94614,287.34613,285.34613,283.44614
286.54614,286.94614,287.14615,287.34613,287.74615,288.24615,287.14615,280.44614,276.64615,281.64615,289.04614,289.84613,285.34613,288.84613,288.34613,284.94614,284.74615,285.34613,288.34613,290.14615,289.94614,290.14615,290.34613,290.04614,285.34613,284.24615,283.44614,284.34613,285.44614,285.64615,286.84613,289.14615,289.34613,288.54614,287.54614,287.74615,286.74615,286.14615,288.24615,286.04614,286.24615,285.94614,285.94614,285.94614,285.74615,285.94614,286.14615,287.94614,286.84613,286.44614,286.64615,286.64615,288.04614,288.74615,288.54614,289.74615,283.24615,288.84613,286.54614,284.44614
286.64615,287.24615,287.54614,287.64615,287.94614,288.24615,288.44614,288.84613,289.04614,288.64615,288.44614,288.94614,286.14615,284.64615,284.54614,284.44614,284.24615,290.34613,290.54614,290.44614,290.34613,290.44614,290.44614,290.84613,290.34613,284.34613,284.04614,284.24615,291.14615,286.54614,288.74615,289.04614,289.54614,289.04614,288.24615,287.34613,286.64615,285.64615,285.34613,285.54614,286.34613,286.54614,286.44614,286.44614,286.54614,286.44614,286.44614,286.34613,286.54614,286.54614,286.54614,287.04614,288.04614,289.04614,288.74615,289.64615,289.64615,289.34613,288.44614,287.44614
286.84613,287.54614,288.04614,288.24615,288.34613,288.44614,288.44614,288.54614,288.84613,289.14615,284.64615,289.54614,290.24615,284.84613,287.94614,283.84613,285.04614,290.54614,290.64615,290.74615,291.04614,291.24615,286.24615,284.94614,289.74615,284.24615,284.54614,286.94614,288.34613,289.14615,290.74615,290.44614,289.34613,288.44614,287.74615,287.24615,286.54614,285.94614,285.14615,285.34613,285.64615,285.54614,285.74615,286.04614,286.74615,286.94614,286.54614,286.54614,287.04614,287.74615,288.94614,289.64615,289.14615,289.04614,290.34613,290.64615,289.34613,289.44614,288.94614,288.04614
288.04614,288.34613,288.44614,288.74615,288.84613,288.74615,288.94614,289.34613,290.04614,284.24615,283.94614,289.94614,290.84613,285.14615,284.74615,290.94614,291.14615,291.04614,291.14615,291.14615,291.44614,291.14615,284.84613,284.34613,284.74615,285.54614,287.14615,288.24615,289.34613,289.84613,290.54614,289.54614,288.74615,287.94614,287.44614,287.34613,286.74615,285.74615,285.94614,285.74615,285.94614,286.04614,285.54614,285.64615,286.04614,286.54614,286.64615,287.24615,288.34613,288.84613,289.64615,290.04614,290.94614,292.94614,292.84613,291.84613,290.54614,290.04614,288.94614,289.34613
288.44614,288.64615,288.94614,289.24615,289.24615,289.34613,289.64615,289.94614,290.54614,285.04614,290.64615,290.74615,285.74615,291.04614,291.64615,291.64615,291.64615,291.64615,291.64615,291.64615,292.14615,291.54614,285.54614,285.64615,286.24615,288.14615,288.84613,289.04614,290.04614,291.04614,290.14615,288.64615,288.14615,287.54614,287.34613,287.04614,286.74615,285.94614,285.44614,285.34613,286.44614,286.34613,286.04614,286.24615,286.24615,286.44614,287.54614,288.14615,290.64615,292.14615,291.04614,292.94614,292.64615,293.14615,292.34613,294.04614,291.84613,291.34613,288.14615,288.84613
287.44614,287.34613,288.24615,289.04614,289.54614,290.14615,290.94614,291.14615,291.04614,285.74615,284.54614,287.64615,284.64615,285.14615,288.04614,285.34613,284.94614,285.24615,286.94614,287.14615,286.94614,288.64615,289.04614,288.04614,288.64615,289.14615,290.14615,290.14615,291.44614,290.04614,288.94614,288.34613,287.74615,287.44614,287.04614,286.24615,285.44614,285.04614,286.04614,285.84613,286.24615,286.84613,286.94614,286.54614,287.54614,288.94614,289.04614,290.74615,291.34613,292.14615,291.94614,292.94614,291.84613,292.84613,292.64615,292.74615,290.54614,289.74615,287.84613,287.64615
284.44614,289.04614,289.54614,289.84613,290.24615,291.44614,285.74615,284.54614,284.24615,284.44614,286.34613,286.44614,285.84613,285.24615,286.34613,286.04614,286.84613,286.04614,286.24615,287.94614,287.94614,289.44614,290.24615,290.14615,290.34613,291.24615,291.74615,290.84613,290.24615,289.84613,289.44614,288.84613,287.64615,287.14615,286.34613,285.34613,285.54614,285.54614,287.04614,286.74615,287.44614,287.44614,288.04614,288.84613,291.24615,290.54614,290.54614,289.54614,289.64615,291.74615,292.44614,293.84613,294.74615,292.54614,291.94614,290.24615,291.14615,289.04614,288.04614,289.74615
284.04614,284.54614,290.44614,290.74615,291.54614,285.34613,283.94614,284.84613,285.44614,285.24615,284.04614,284.94614,287.64615,288.44614,288.54614,288.04614,287.64615,286.54614,288.74615,290.54614,289.84613,290.24615,290.94614,291.54614,291.34613,291.34613,290.94614,290.34613,290.64615,290.34613,290.04614,289.14615,288.14615,286.84613,285.74615,286.24615,286.44614,286.44614,286.94614,288.14615,288.34613,288.84613,290.34613,290.64615,290.94614,290.44614,290.14615,290.94614,292.64615,294.24615,294.74615,294.74615,294.14615,293.34613,293.34613,294.64615,292.84613,291.54614,289.94614,291.54614
283.34613,287.74615,289.44614,284.54614,284.54614,283.84613,284.74615,290.64615,284.14615,283.54614,283.94614,285.24615,288.64615,285.44614,286.94614,287.34613,287.14615,288.84613,291.04614,291.44614,290.74615,290.54614,290.84613,290.34613,291.64615,291.24615,291.54614,290.84613,289.44614,289.74615,289.64615,288.64615,288.54614,288.04614,287.34613,288.24615,287.04614,287.84613,287.54614,288.84613,289.04614,290.34613,290.44614,292.04614,291.44614,291.94614,292.74615,295.74615,296.44614,295.54614,294.74615,294.84613,295.84613,296.54614,294.84613,295.64615,294.54614,293.44614,292.24615,293.44614
290.54614,290.84613,283.44614,283.64615,281.84613,282.64615,282.24615,283.24615,284.44614,289.64615,288.14615,286.34613,286.14615,286.34613,288.44614,289.04614,289.34613,288.44614,289.54614,291.14615,291.94614,289.64615,289.84613,290.84613,290.04614,291.24615,291.24615,290.04614,289.04614,290.04614,288.94614,288.74615,287.74615,288.14615,288.34613,287.54614,289.24615,288.44614,289.44614,289.54614,290.14615,290.54614,291.74615,292.44614,292.74615,293.74615,295.14615,295.14615,296.74615,297.94614,295.94614,295.74615,296.34613,295.64615,295.04614,294.74615,293.74615,292.84613,293.84613,293.14615
282.14615,283.74615,290.04614,288.74615,284.74615,283.54614,283.74615,283.94614,289.14615,289.94614,289.04614,288.74615,289.04614,287.44614,288.24615,289.44614,289.34613,290.84613,289.54614,287.24615,285.64615,289.04614,288.64615,287.04614,289.64615,288.94614,289.94614,289.24615,289.04614,288.34613,288.44614,288.54614,287.74615,289.44614,288.04614,288.04614,288.94614,289.34613,290.74615,290.54614,291.14615,292.14615,293.04614,294.94614,294.64615,294.04614,297.24615,295.64615,297.34613,296.04614,293.84613,297.04614,296.74615,296.94614,296.04614,294.84613,294.54614,293.74615,295.14615,294.74615
284.54614,285.04614,283.94614,283.84613,284.14615,283.94614,283.54614,283.84613,284.44614,286.74615,287.74615,288.44614,288.14615,287.74615,290.04614,290.04614,289.44614,293.04614,292.64615,290.84613,289.14615,290.54614,291.14615,290.04614,287.24615,286.84613,288.94614,288.94614,289.24615,289.44614,288.24615,289.14615,288.84613,289.74615,290.14615,289.64615,289.94614,290.54614,294.34613,291.64615,292.64615,293.34613,293.54614,296.24615,296.14615,296.44614,293.64615,295.24615,295.14615,296.24615,295.04614,296.84613,298.54614,298.44614,297.34613,296.64615,296.84613,296.34613,295.74615,296.64615
284.84613,285.44614,285.44614,283.84613,284.24615,285.34613,284.74615,287.84613,286.44614,284.74615,282.94614,279.14615,282.44614,281.14615,283.54614,286.94614,290.24615,292.14615,293.74615,292.24615,292.74615,293.14615,291.14615,289.04614,287.54614,287.04614,286.34613,287.94614,287.84613,288.04614,288.84613,291.34613,292.74615,290.94614,291.54614,290.84613,291.94614,292.94614,296.34613,296.44614,294.84613,293.64615,293.34613,295.74615,296.94614,296.34613,294.64615,293.64615,293.14615,296.64615,296.74615,295.44614,296.44614,298.44614,297.54614,297.64615,297.84613,295.04614,295.24615,295.74615
285.54614,283.64615,283.04614,284.64615,286.74615,287.14615,287.84613,281.94614,277.14615,288.44614,284.44614,287.34613,290.04614,291.84613,288.14615,290.64615,292.24615,292.14615,292.24615,291.24615,292.04614,292.94614,291.94614,289.34613,288.84613,286.24615,284.44614,288.64615,287.74615,289.84613,291.04614,295.94614,295.84613,296.24615,293.64615,296.94614,297.14615,297.14615,296.64615,295.94614,295.24615,294.94614,294.24615,295.84613,296.54614,293.64615,294.94614,293.64615,293.14615,296.84613,295.84613,295.64615,295.54614,297.84613,298.44614,295.54614,294.14615,295.94614,295.64615,297.34613
287.34613,287.54614,286.14615,284.54614,285.74615,288.14615,285.34613,282.54614,291.64615,291.14615,293.04614,294.34613,293.74615,299.74615,294.04614,289.44614,289.14615,291.34613,289.34613,291.44614,290.84613,292.74615,288.34613,289.94614,287.94614,289.24615,291.04614,287.94614,287.64615,291.04614,296.74615,296.74615,296.14615,295.94614,289.64615,289.54614,296.14615,297.24615,292.24615,295.94614,294.44614,294.14615,292.74615,295.14615,295.04614,295.24615,296.64615,296.04614,296.54614,297.14615,296.94614,297.04614,296.94614,297.34613,295.64615,293.74615,294.54614,295.34613,293.94614,299.74615
287.54614,289.24615,289.14615,287.74615,291.94614,291.44614,290.84613,288.74615,289.94614,298.64615,298.14615,290.04614,293.64615,299.64615,299.34613,298.74615,290.84613,285.24615,287.54614,287.24615,287.64615,290.44614,290.04614,291.54614,292.54614,291.24615,289.34613,288.14615,285.54614,296.84613,296.84613,296.64615,296.54614,296.54614,296.84613,297.14615,296.64615,296.44614,297.14615,298.44614,286.04614,288.64615,288.44614,290.84613,294.94614,296.54614,297.34613,294.84613,296.74615,296.54614,295.94614,295.54614,296.04614,294.94614,292.84613,292.34613,291.64615,293.64615,293.44614,298.74615
284.54614,285.64615,286.44614,293.64615,295.24615,296.24615,297.44614,298.24615,298.24615,299.04614,299.54614,289.94614,290.24615,289.34613,299.74615,298.64615,298.04614,298.24615,291.24615,285.34613,283.54614,287.74615,287.74615,286.24615,288.84613,287.54614,287.74615,285.74615,297.14615,297.34613,297.14615,297.04614,297.14615,297.04614,297.14615,297.54614,297.74615,297.54614,297.94614,298.54614,298.94614,296.94614,284.24615,274.94614,289.24615,291.14615,294.54614,293.84613,296.84613,296.74615,296.34613,294.94614,296.44614,294.64615,293.44614,292.94614,293.44614,292.54614,293.64615,292.84613
294.34613,292.44614,290.44614,291.04614,295.64615,296.24615,296.64615,297.54614,298.54614,290.44614,299.44614,298.54614,292.04614,291.84613,287.34613,292.64615,299.74615,298.74615,299.14615,298.74615,290.24615,288.44614,289.54614,286.14615,282.94614,288.84613,289.54614,286.24615,289.04614,297.84613,297.34613,296.84613,296.74615,296.54614,295.24615,293.24615,297.74615,298.24615,298.64615,298.54614,298.44614,298.54614,293.64615,291.04614,291.14615,289.04614,285.74615,278.14615,289.44614,297.04614,297.14615,296.44614,294.54614,296.34613,295.84613,293.44614,292.64615,292.34613,292.34613,292.74615
295.64615,298.34613,299.24615,298.94614,298.24615,298.04614,298.54614,298.74615,299.04614,293.84613,298.94614,298.74615,298.64615,298.84613,297.84613,289.64615,291.74615,300.04614,299.34613,298.64615,291.54614,290.44614,287.74615,291.74615,291.74615,292.54614,288.84613,289.24615,294.44614,295.64615,287.74615,286.94614,284.44614,286.24615,284.34613,285.44614,287.14615,289.74615,294.24615,291.44614,295.84613,286.94614,286.04614,283.44614,282.74615,287.34613,292.74615,291.14615,286.24615,291.04614,297.74615,297.74615,296.44614,297.24615,296.54614,295.34613,295.84613,294.14615,297.94614,297.74615
299.54614,299.64615,299.44614,299.54614,295.54614,299.74615,299.64615,299.34613,299.14615,291.24615,299.74615,299.54614,299.44614,299.64615,299.84613,300.24615,288.34613,300.04614,299.84613,298.44614,291.04614,286.54614,291.14615,299.44614,295.44614,297.74615,296.64615,286.64615,287.54614,284.54614,283.94614,285.64615,289.64615,288.14615,288.24615,287.94614,287.94614,283.54614,282.94614,281.44614,282.64615,286.24615,285.04614,286.04614,293.94614,286.74615,280.54614,292.24615,288.54614,291.84613,298.74615,298.74615,298.84613,300.24615,296.14615,297.94614,296.84613,298.64615,297.04614,295.94614
299.74615,299.74615,299.54614,299.44614,299.84613,299.74615,299.54614,299.54614,299.14615,297.74615,299.54614,299.84613,300.14615,300.24615,300.54614,300.44614,300.44614,295.24615,299.64615,299.04614,298.74615,293.34613,286.64615,295.84613,298.74615,296.24615,295.14615,287.44614,286.14615,285.04614,284.54614,288.34613,290.34613,290.64615,289.24615,286.24615,286.84613,282.24615,283.24615,291.74615,288.04614,282.14615,283.94614,283.54614,284.84613,291.94614,289.54614,287.74615,286.74615,299.54614,299.14615,299.24615,299.74615,299.84613,299.94614,297.44614,294.44614,298.34613,295.54614,297.84613
