nws-json/temp2019082118.f000.json
{"header": { "discipline":0, "disciplineName":"Meteorological products", "gribEdition":2, "gribLength":49835, "center":7, "centerName":"US National Weather Service - NCEP(WMC)", "subcenter":0, "refTime":"2019-08-21T18:00:00.000Z", "significanceOfRT":1, "significanceOfRTName":"Start of forecast", "productStatus":0, "productStatusName":"Operational products", "productType":1, "productTypeName":"Forecast products", "productDefinitionTemplate":0, "productDefinitionTemplateName":"Analysis/forecast at horizontal level/layer at a point in time", "parameterCategory":0, "parameterCategoryName":"Temperature", "parameterNumber":0, "parameterNumberName":"Temperature", "parameterUnit":"K", "genProcessType":2, "genProcessTypeName":"Forecast", "forecastTime":0, "surface1Type":1, "surface1TypeName":"Ground or water surface", "surface1Value":0.0, "surface2Type":255, "surface2TypeName":"Missing", "surface2Value":0.0, "gridDefinitionTemplate":0, "gridDefinitionTemplateName":"Latitude_Longitude", "numberPoints":65160, "shape":6, "shapeName":"Earth spherical with radius of 6,371,229.0 m", "gridUnits":"degrees", "resolution":48, "winds":"true", "scanMode":0, "nx":360, "ny":181, "basicAngle":0, "lo1":0.0, "la1":90.0, "lo2":359.0, "la2":-90.0, "dx":1.0, "dy":1.0 }, "data":
[rows 78 to 103 of 181, columns 120 to 179 of 360]
297.46368,302.16367,301.56366,302.16367,296.86368,294.96368,302.46368,302.36368,302.16367,301.96368,301.86368,301.96368,302.06366,302.06366,302.06366,301.76367,301.56366,301.66367,302.16367,302.36368,302.56366,302.96368,303.06366,303.06366,302.76367,302.56366,302.46368,302.46368,302.56366,302.56366,302.66367,302.56366,302.56366,302.56366,302.56366,302.56366,302.56366,302.66367,302.56366,302.56366,302.66367,302.66367,302.56366,302.56366,302.66367,302.66367,302.66367,302.36368,302.36368,302.36368,302.26367,302.26367,302.36368,302.36368,302.36368,302.36368,302.26367,302.16367,302.06366,302.16367
302.16367,301.96368,301.36368,301.06366,297.26367,299.96368,302.46368,302.26367,301.96368,301.76367,301.76367,301.66367,301.76367,301.86368,301.86368,301.56366,301.56366,301.86368,302.16367,302.36368,302.46368,302.76367,302.76367,302.86368,302.76367,302.46368,302.26367,302.16367,302.26367,302.36368,302.46368,302.46368,302.46368,302.56366,302.66367,302.86368,302.96368,302.96368,302.86368,302.76367,302.56366,302.56366,302.46368,302.56366,302.66367,302.76367,302.76367,302.46368,302.46368,302.66367,302.56366,302.46368,302.36368,302.36368,302.36368,302.26367,302.26367,302.26367,302.26367,302.26367
302.06366,301.96368,301.76367,293.16367,300.86368,301.76367,302.46368,302.16367,301.56366,301.46368,301.56366,301.56366,301.66367,301.76367,301.76367,301.66367,301.66367,301.76367,302.06366,302.16367,302.26367,302.46368,302.36368,302.56366,302.56366,302.16367,301.96368,301.96368,302.06366,302.26367,302.26367,302.26367,302.46368,302.56366,302.66367,302.76367,302.86368,302.96368,302.86368,302.86368,302.56366,302.66367,302.66367,302.66367,302.86368,302.76367,302.76367,302.66367,302.66367,302.66367,302.66367,302.56366,302.46368,302.46368,302.36368,302.26367,302.36368,302.36368,302.46368,302.46368
302.06366,302.06366,301.86368,300.56366,301.96368,301.66367,294.16367,302.16367,301.56366,301.16367,301.36368,301.46368,301.76367,301.86368,301.86368,301.56366,301.66367,301.86368,301.86368,302.06366,302.26367,302.36368,302.26367,302.36368,302.26367,301.96368,301.66367,301.86368,301.96368,301.96368,301.96368,302.16367,302.36368,302.36368,302.66367,302.76367,302.76367,302.86368,302.76367,302.76367,302.46368,302.66367,302.76367,302.76367,302.86368,302.86368,302.96368,302.86368,302.66367,302.66367,302.66367,302.66367,302.76367,302.66367,302.56366,302.56366,302.46368,302.46368,302.46368,302.46368
302.16367,302.06366,301.76367,292.86368,293.26367,290.26367,294.46368,302.06366,301.66367,301.16367,301.26367,301.46368,301.76367,301.86368,301.96368,301.76367,301.86368,301.96368,301.86368,302.06366,302.26367,302.26367,302.26367,302.16367,301.76367,301.66367,301.66367,301.66367,301.76367,301.76367,301.76367,302.06366,302.16367,302.26367,302.56366,302.56366,302.56366,302.66367,302.86368,302.86368,302.76367,302.86368,302.96368,302.96368,302.86368,302.86368,302.86368,302.86368,302.66367,302.66367,302.76367,302.76367,302.86368,302.76367,302.66367,302.56366,302.46368,302.56366,302.46368,302.46368
301.96368,301.96368,294.66367,301.66367,300.46368,294.56366,298.86368,301.86368,301.66367,301.26367,301.26367,301.46368,301.56366,301.86368,301.96368,302.06366,302.06366,302.06366,301.96368,302.06366,302.06366,302.16367,302.06366,301.86368,301.66367,301.66367,301.66367,301.66367,301.66367,301.76367,301.86368,301.96368,302.16367,302.16367,302.46368,302.46368,302.56366,302.66367,303.06366,302.96368,303.06366,303.06366,303.06366,302.96368,302.76367,302.76367,302.76367,302.66367,302.66367,302.76367,302.86368,302.76367,302.76367,302.66367,302.76367,302.66367,302.46368,302.56366,302.56366,302.46368
301.46368,296.76367,301.36368,301.46368,301.46368,293.46368,301.56366,301.76367,301.36368,301.06366,300.96368,301.26367,301.66367,301.76367,301.86368,301.86368,301.96368,301.96368,301.96368,302.06366,301.86368,301.86368,301.96368,301.86368,301.76367,301.86368,301.76367,301.76367,301.86368,301.86368,301.96368,301.96368,302.16367,302.16367,302.36368,302.56366,302.66367,302.66367,302.96368,303.06366,303.26367,303.06366,302.96368,302.86368,302.86368,302.86368,302.76367,302.66367,302.76367,302.96368,302.96368,302.76367,302.66367,302.66367,302.76367,302.66367,302.66367,302.76367,302.66367,302.66367
301.86368,301.76367,301.56366,301.46368,301.66367,301.66367,301.66367,301.46368,301.06366,301.06366,301.06366,301.36368,301.56366,301.66367,301.76367,301.76367,301.86368,301.96368,301.96368,302.16367,302.06366,301.96368,301.86368,301.86368,301.96368,302.06366,302.06366,302.06366,302.16367,302.26367,302.26367,302.16367,302.36368,302.36368,302.46368,302.56366,302.56366,302.66367,302.86368,303.06366,303.16367,303.06366,302.86368,302.96368,302.86368,302.66367,302.76367,302.76367,302.86368,303.06366,303.06366,302.96368,302.76367,302.86368,302.96368,302.96368,302.96368,302.96368,302.86368,303.06366
302.06366,302.06366,301.76367,301.86368,301.96368,302.06366,301.66367,300.76367,300.76367,301.46368,301.46368,301.46368,301.46368,301.56366,301.66367,301.86368,301.86368,302.06366,302.26367,302.36368,302.46368,302.26367,302.06366,301.96368,302.06366,302.06366,302.16367,302.16367,302.16367,302.26367,302.26367,302.36368,302.46368,302.46368,302.56366,302.66367,302.56366,302.56366,302.66367,302.86368,302.96368,302.96368,302.76367,302.86368,303.06366,303.06366,303.06366,303.16367,303.16367,303.16367,302.96368,302.96368,302.96368,303.06366,303.26367,303.16367,303.16367,303.16367,303.26367,303.16367
302.26367,302.36368,302.06366,302.06366,302.26367,302.56366,301.36368,300.46368,300.96368,301.76367,301.46368,301.56366,301.66367,301.86368,301.96368,301.96368,302.06366,302.16367,302.56366,302.56366,302.46368,302.46368,302.16367,302.06366,302.06366,302.06366,302.06366,302.06366,302.16367,302.26367,302.26367,302.36368,302.56366,302.56366,302.56366,302.56366,302.46368,302.46368,302.56366,302.66367,302.86368,302.76367,302.66367,302.66367,302.86368,303.16367,303.26367,303.46368,303.26367,303.16367,303.16367,303.26367,303.36368,303.36368,303.46368,303.26367,303.16367,303.16367,303.26367,303.06366
302.16367,302.46368,302.46368,302.16367,302.16367,301.96368,300.46368,300.16367,296.26367,301.46368,301.66367,301.86368,302.06366,302.06366,302.26367,302.46368,302.36368,302.36368,302.56366,302.56366,302.36368,302.36368,302.26367,302.36368,302.36368,302.16367,302.06366,302.06366,302.06366,302.06366,302.26367,302.36368,302.56366,302.56366,302.46368,302.46368,302.46368,302.36368,302.66367,302.86368,302.66367,302.76367,302.76367,302.76367,302.96368,303.36368,303.56366,303.56366,303.46368,303.46368,303.46368,303.56366,303.36368,303.46368,303.46368,303.36368,303.16367,303.26367,303.16367,303.06366
301.86368,290.46368,293.86368,302.06366,301.76367,299.86368,299.86368,300.06366,298.86368,301.36368,301.66367,301.96368,302.16367,302.26367,302.56366,302.56366,302.46368,302.46368,302.46368,302.56366,302.46368,302.36368,302.36368,302.36368,302.26367,302.26367,301.96368,301.96368,302.16367,302.06366,302.26367,302.36368,302.46368,302.56366,302.56366,302.46368,302.26367,302.16367,302.46368,302.66367,302.86368,302.86368,302.76367,302.76367,302.96368,303.36368,303.66367,303.56366,303.56366,303.56366,303.66367,303.66367,303.46368,303.26367,303.46368,303.36368,303.16367,303.06366,302.96368,302.86368
295.46368,302.76367,302.36368,301.46368,300.46368,300.06366,299.96368,300.16367,300.96368,301.16367,301.26367,301.26367,302.26367,302.46368,302.76367,302.56366,302.56366,302.36368,302.36368,302.56366,302.26367,302.26367,302.36368,302.26367,302.16367,302.06366,301.96368,301.86368,302.06366,302.26367,302.46368,302.56366,302.46368,302.66367,302.76367,302.66367,302.56366,302.56366,302.66367,302.76367,302.86368,302.86368,302.86368,302.86368,302.76367,302.96368,303.46368,303.66367,303.66367,303.66367,303.76367,303.56366,303.26367,303.16367,303.36368,303.26367,303.16367,302.96368,302.86368,302.86368
290.06366,302.46368,293.86368,300.36368,299.46368,300.46368,300.26367,299.76367,300.86368,301.06366,300.66367,296.36368,295.16367,291.56366,297.36368,302.46368,296.06366,302.26367,302.26367,302.26367,302.26367,302.46368,302.36368,301.96368,301.96368,301.66367,301.76367,301.86368,302.06366,302.16367,302.36368,302.46368,302.66367,302.66367,302.56366,302.76367,302.66367,302.66367,302.86368,303.06366,303.16367,303.06366,302.86368,302.96368,302.86368,303.16367,303.46368,303.66367,303.56366,303.66367,303.76367,303.46368,303.06366,303.16367,303.26367,303.26367,303.16367,302.96368,302.86368,302.76367
285.26367,292.26367,300.26367,299.56366,299.16367,299.96368,296.26367,299.56366,300.36368,300.66367,298.36368,299.36368,299.36368,295.06366,294.96368,302.76367,302.76367,302.66367,295.76367,298.46368,302.36368,302.36368,302.06366,301.76367,301.86368,301.66367,301.86368,298.46368,302.16367,302.26367,302.46368,302.56366,302.56366,302.66367,302.56366,302.66367,302.66367,302.76367,303.06366,303.26367,303.56366,303.46368,303.26367,303.16367,303.06366,303.36368,303.66367,303.76367,303.56366,303.56366,303.66367,303.46368,303.36368,303.46368,303.36368,303.26367,303.16367,303.06366,302.96368,302.76367
290.66367,301.16367,291.16367,299.66367,299.46368,299.56366,300.06366,299.86368,300.26367,292.06366,296.56366,299.26367,299.16367,295.46368,293.56366,302.56366,298.56366,294.46368,295.46368,294.36368,293.16367,293.96368,294.86368,301.36368,301.46368,301.36368,301.56366,301.96368,302.26367,302.36368,302.46368,302.36368,302.56366,302.66367,302.56366,302.56366,302.56366,302.86368,303.16367,303.26367,303.46368,303.56366,303.56366,303.46368,303.46368,303.46368,303.56366,303.56366,303.36368,303.46368,303.56366,303.36368,303.36368,303.36368,303.26367,303.16367,303.06366,302.96368,302.86368,302.86368
293.96368,300.86368,292.26367,297.36368,299.16367,299.16367,299.06366,298.76367,299.06366,298.66367,298.56366,298.56366,298.46368,290.26367,298.16367,294.36368,287.66367,278.36368,278.16367,282.66367,291.36368,294.96368,295.56366,295.06366,295.66367,301.16367,301.26367,301.66367,302.06366,302.36368,302.46368,302.36368,302.16367,300.26367,302.46368,302.56366,302.56366,302.76367,303.16367,303.36368,303.66367,303.56366,303.46368,303.36368,303.56366,303.46368,303.46368,303.26367,303.26367,303.36368,303.36368,303.26367,303.36368,303.36368,303.26367,303.06366,303.16367,303.06366,302.96368,303.06366
292.06366,300.26367,299.56366,298.56366,298.96368,298.86368,298.76367,298.76367,298.96368,298.66367,298.36368,298.16367,298.06366,297.96368,297.66367,297.06366,297.16367,297.76367,295.56366,295.36368,294.86368,284.06366,287.16367,286.76367,291.36368,295.36368,300.66367,301.36368,301.66367,302.16367,302.36368,302.16367,300.66367,301.76367,302.26367,302.16367,302.36368,302.76367,303.06366,303.26367,303.46368,303.26367,303.26367,303.26367,303.26367,303.26367,303.16367,302.96368,302.86368,302.96368,302.96368,303.06366,303.16367,303.16367,303.06366,302.96368,302.96368,303.06366,302.96368,303.06366
298.66367,299.66367,298.86368,298.86368,299.06366,298.86368,298.66367,298.76367,298.86368,298.76367,298.26367,297.86368,298.06366,298.16367,297.96368,297.66367,297.86368,297.76367,298.16367,295.36368,294.96368,294.96368,294.76367,288.46368,283.36368,287.06366,289.76367,291.76367,300.16367,295.66367,293.76367,298.56366,300.86368,301.66367,302.06366,294.36368,302.36368,302.56366,302.86368,303.06366,303.16367,303.16367,303.06366,303.06366,303.16367,303.06366,302.86368,302.66367,302.76367,302.76367,302.86368,302.96368,302.86368,302.96368,302.86368,302.76367,302.86368,302.96368,302.86368,303.06366
299.36368,299.56366,299.76367,299.66367,299.26367,299.26367,299.06366,298.56366,298.66367,298.76367,298.76367,298.76367,298.36368,297.86368,297.56366,298.06366,298.06366,298.06366,298.66367,295.66367,295.56366,295.36368,295.36368,294.66367,293.26367,294.16367,285.96368,294.16367,300.06366,299.76367,299.86368,300.26367,300.96368,301.36368,301.66367,301.76367,302.06366,295.36368,302.46368,302.76367,303.06366,302.96368,302.96368,302.96368,302.76367,302.76367,302.66367,302.56366,302.56366,302.66367,302.66367,302.66367,302.66367,302.76367,302.76367,302.76367,302.76367,302.96368,302.86368,303.06366
300.36368,299.96368,299.96368,299.76367,299.16367,299.16367,297.66367,298.76367,298.66367,298.76367,298.86368,298.66367,298.06366,297.96368,297.76367,297.56366,297.36368,298.06366,296.96368,296.66367,295.96368,293.96368,295.06366,294.46368,299.16367,299.06366,294.56366,284.76367,300.16367,299.96368,299.86368,300.16367,300.76367,300.86368,301.06366,301.16367,301.76367,296.76367,301.76367,300.56366,302.76367,302.86368,302.76367,302.56366,302.36368,302.36368,302.36368,302.36368,302.26367,302.26367,302.46368,302.56366,302.46368,302.36368,302.26367,302.56366,302.76367,302.86368,302.86368,302.86368
298.56366,297.66367,298.36368,298.06366,297.96368,291.16367,292.66367,298.86368,298.56366,298.56366,298.56366,298.56366,298.36368,298.46368,298.06366,297.56366,297.66367,298.26367,298.66367,298.56366,298.66367,296.26367,295.66367,295.06366,298.86368,298.96368,299.06366,295.26367,291.66367,297.56366,299.76367,299.86368,300.26367,300.56366,300.86368,301.06366,301.16367,300.96368,300.96368,301.96368,302.56366,294.36368,302.56366,302.06366,301.86368,302.06366,301.96368,302.06366,301.96368,301.96368,302.16367,302.26367,302.26367,302.16367,302.16367,302.36368,302.56366,302.66367,302.66367,302.66367
290.16367,298.36368,298.36368,298.36368,288.66367,299.16367,298.96368,298.96368,299.06366,298.86368,298.76367,298.66367,298.56366,298.56366,298.06366,297.76367,297.76367,297.86368,298.36368,298.56366,298.36368,298.56366,298.66367,298.36368,298.16367,298.26367,298.26367,298.16367,294.06366,289.96368,298.76367,297.26367,300.36368,300.56366,300.56366,300.66367,300.96368,300.86368,300.76367,301.46368,301.86368,302.16367,302.06366,301.56366,301.56366,301.76367,301.46368,301.56366,301.56366,301.66367,301.76367,301.66367,301.86368,302.16367,302.16367,302.36368,302.56366,302.66367,302.76367,302.56366
298.26367,298.36368,298.46368,298.76367,298.96368,299.06366,298.96368,299.16367,299.16367,299.06366,299.16367,298.66367,298.36368,298.26367,298.16367,297.86368,297.66367,297.56366,298.26367,298.56366,298.66367,298.56366,298.16367,297.46368,297.36368,297.36368,297.66367,297.86368,298.06366,298.36368,298.36368,298.36368,299.16367,299.86368,299.86368,300.06366,300.76367,301.06366,300.96368,301.16367,301.56366,301.26367,301.16367,301.16367,301.16367,301.26367,301.16367,301.06366,301.16367,301.06366,301.26367,301.36368,301.46368,301.76367,301.96368,302.06366,302.36368,302.56366,302.56366,302.46368
298.76367,298.76367,298.86368,298.86368,298.86368,298.86368,298.96368,298.66367,298.76367,298.86368,298.66367,298.66367,298.66367,287.46368,289.46368,297.56366,297.66367,297.36368,297.86368,298.46368,298.66367,298.46368,297.56366,294.46368,297.06366,297.26367,297.46368,297.56366,297.76367,298.36368,298.36368,298.46368,298.46368,298.66367,299.16367,299.56366,300.36368,300.96368,300.96368,301.06366,301.36368,301.16367,300.96368,300.96368,300.96368,300.96368,300.86368,300.86368,300.86368,300.66367,300.96368,301.46368,301.56366,301.46368,301.76367,301.76367,301.96368,302.26367,302.26367,302.36368
298.56366,298.76367,298.86368,298.96368,298.76367,298.76367,298.36368,298.16367,298.36368,298.36368,297.76367,288.36368,286.76367,286.06366,287.16367,287.66367,291.56366,296.76367,297.16367,297.96368,298.26367,298.06366,289.66367,291.26367,297.06366,297.26367,297.36368,297.36368,297.76367,298.16367,298.16367,298.36368,298.56366,298.96368,299.06366,299.46368,300.06366,300.26367,300.46368,300.66367,300.96368,301.06366,300.76367,300.66367,300.56366,300.76367,300.76367,300.86368,300.76367,300.76367,301.06366,301.36368,301.26367,301.26367,301.46368,301.36368,301.26367,301.46368,301.86368,302.06366
