nws-json/temp_20190820_12.f000.json
{"header": { "discipline":0, "disciplineName":"Meteorological products", "gribEdition":2, "gribLength":50091, "center":7, "centerName":"US National Weather Service - NCEP(WMC)", "subcenter":0, "refTime":"2019-08-20T12:00:00.000Z", "significanceOfRT":1, "significanceOfRTName":"Start of forecast", "productStatus":0, "productStatusName":"Operational products", "productType":1, "productTypeName":"Forecast products", "productDefinitionTemplate":0, "productDefinitionTemplateName":"Analysis/forecast at horizontal level/layer at a point in time", "parameterCategory":0, "parameterCategoryName":"Temperature", "parameterNumber":0, "parameterNumberName":"Temperature", "parameterUnit":"K", "genProcessType":2, "genProcessTypeName":"Forecast", "forecastTime":0, "surface1Type":1, "surface1TypeName":"Ground or water surface", "surface1Value":0.0, "surface2Type":255, "surface2TypeName":"Missing", "surface2Value":0.0, "gridDefinitionTemplate":0, "gridDefinitionTemplateName":"Latitude_Longitude", "numberPoints":65160, "shape":6, "shapeName":"Earth spherical with radius of 6,371,229.0 m", "gridUnits":"degrees", "resolution":48, "winds":"true", "scanMode":0, "nx":360, "ny":181, "basicAngle":0, "lo1":0.0, "la1":90.0, "lo2":359.0, "la2":-90.0, "dx":1.0, "dy":1.0 }, "data":
[rows 0 to 25 of 181, columns 120 to 179 of 360]
272.00684,272.00684,272.00684,272.00684,272.00684,272.00684,272.00684,272.00684,272.00684,272.00684,272.00684,272.00684,272.00684,272.00684,272.00684,272.00684,272.00684,272.00684,272.00684,272.00684,272.00684,272.00684,272.00684,272.00684,272.00684,272.00684,272.00684,272.00684,272.00684,272.00684,272.00684,272.00684,272.00684,272.00684,272.00684,272.00684,272.00684,272.00684,272.00684,272.00684,272.00684,272.00684,272.00684,272.00684,272.00684,272.00684,272.00684,272.00684,272.00684,272.00684,272.00684,272.00684,272.00684,272.00684,272.00684,272.00684,272.00684,272.00684,272.00684,272.00684
272.10684,272.30682,272.30682,272.30682,272.30682,271.90683,272.10684,272.10684,272.10684,272.10684,271.90683,271.80682,271.80682,271.80682,271.80682,271.80682,271.70685,271.70685,271.70685,271.70685,270.70685,270.70685,270.70685,271.00684,271.00684,271.00684,271.00684,271.00684,271.00684,271.00684,271.00684,271.00684,271.00684,271.00684,270.90683,270.90683,270.70685,270.70685,270.70685,270.70685,270.70685,270.70685,270.70685,270.70685,270.70685,270.70685,270.70685,270.70685,270.70685,270.70685,270.50684,270.40683,270.40683,270.40683,270.40683,270.40683,270.40683,270.40683,270.10684,270.10684
270.80682,270.80682,270.50684,270.50684,270.40683,270.40683,270.40683,270.40683,270.40683,270.40683,270.40683,270.40683,270.40683,270.40683,270.50684,270.50684,270.40683,270.40683,271.00684,271.40683,270.50684,270.50684,270.50684,271.40683,271.40683,271.40683,271.40683,271.60684,270.70685,270.70685,270.80682,270.80682,270.80682,270.80682,270.80682,270.90683,270.90683,270.90683,270.90683,270.80682,270.80682,270.80682,270.80682,271.10684,271.10684,271.10684,271.10684,271.00684,271.30682,271.30682,270.90683,270.70685,270.70685,270.70685,270.50684,270.50684,270.50684,270.50684,271.20685,271.20685
272.00684,271.90683,271.90683,271.50684,271.10684,271.10684,271.10684,271.00684,271.00684,271.00684,270.40683,270.50684,270.50684,270.40683,270.40683,270.30682,270.20685,270.20685,270.20685,270.20685,270.20685,270.20685,270.20685,270.20685,270.20685,270.10684,270.10684,270.10684,270.00684,270.00684,270.10684,270.10684,270.20685,270.20685,270.20685,270.20685,270.20685,270.20685,270.40683,270.40683,270.40683,270.40683,270.40683,270.40683,270.40683,270.50684,270.80682,270.80682,270.90683,270.90683,270.80682,270.80682,270.80682,270.70685,270.70685,270.60684,270.60684,270.60684,270.60684,270.60684
272.30682,272.20685,272.20685,272.20685,272.30682,272.30682,272.30682,272.20685,272.20685,272.30682,272.30682,272.30682,272.20685,272.20685,272.30682,272.30682,272.30682,271.20685,270.80682,270.60684,270.30682,270.30682,270.30682,270.40683,270.60684,270.60684,270.60684,270.60684,270.30682,270.10684,270.10684,269.90683,269.90683,269.90683,269.90683,269.80682,269.80682,269.80682,269.80682,269.90683,270.00684,270.10684,270.20685,270.30682,270.30682,270.60684,270.60684,270.80682,270.80682,270.90683,271.20685,271.30682,271.20685,271.20685,271.20685,271.20685,271.10684,271.10684,271.00684,271.00684
272.70685,272.70685,272.60684,272.50684,272.60684,272.70685,272.50684,272.20685,272.30682,272.30682,272.50684,272.60684,272.70685,272.70685,272.60684,272.60684,272.40683,272.40683,272.30682,272.30682,272.30682,272.00684,272.10684,272.10684,271.90683,272.00684,270.70685,270.80682,271.80682,272.80682,272.80682,272.70685,272.40683,272.50684,272.60684,272.60684,272.60684,272.50684,272.30682,272.10684,272.50684,272.50684,272.60684,272.60684,272.30682,271.90683,271.50684,271.50684,271.50684,272.40683,272.10684,272.00684,271.40683,271.20685,271.20685,272.30682,272.40683,272.40683,272.10684,271.50684
272.70685,272.80682,272.80682,272.70685,272.60684,272.10684,272.10684,271.80682,271.70685,271.70685,271.80682,272.00684,271.60684,271.50684,271.40683,271.20685,271.10684,271.20685,271.90683,272.20685,272.50684,272.50684,272.70685,271.90683,272.20685,271.60684,271.50684,271.20685,270.80682,270.70685,270.60684,270.50684,270.50684,270.50684,270.70685,270.70685,270.70685,270.70685,270.70685,270.60684,270.70685,270.70685,270.60684,270.60684,270.60684,270.60684,270.60684,270.50684,270.50684,270.40683,270.40683,270.40683,270.40683,270.40683,270.40683,270.50684,270.50684,270.50684,270.50684,270.70685
271.90683,272.00684,272.00684,272.00684,271.70685,271.70685,271.70685,271.70685,271.60684,271.60684,271.60684,271.60684,271.50684,271.60684,271.40683,271.40683,271.30682,271.50684,271.70685,272.80682,272.80682,272.70685,272.50684,271.50684,271.60684,271.30682,271.80682,271.10684,271.10684,272.00684,271.90683,272.80682,272.80682,271.50684,272.10684,272.80682,272.80682,272.80682,271.60684,272.80682,272.20685,271.50684,271.60684,271.60684,271.60684,271.60684,271.60684,271.60684,272.40683,272.80682,272.70685,272.70685,272.70685,272.80682,272.80682,272.80682,272.80682,272.80682,272.80682,272.80682
271.70685,271.60684,271.60684,271.80682,271.80682,271.80682,271.90683,271.80682,271.70685,271.60684,271.40683,271.40683,271.40683,271.40683,271.50684,271.40683,271.30682,271.40683,271.40683,271.20685,271.20685,271.20685,271.20685,271.20685,271.30682,271.40683,271.90683,272.20685,272.40683,272.30682,272.30682,272.30682,272.20685,272.40683,272.60684,272.70685,272.70685,272.70685,272.70685,272.60684,272.50684,272.40683,272.60684,272.60684,272.60684,272.70685,272.80682,272.70685,272.70685,272.60684,272.80682,272.60684,272.80682,272.70685,272.70685,272.80682,272.80682,272.80682,272.90683,272.90683
271.60684,271.50684,271.60684,271.90683,271.90683,271.80682,271.70685,271.70685,271.30682,271.20685,271.20685,271.30682,271.20685,271.30682,271.50684,271.20685,271.30682,273.00684,273.00684,272.70685,272.20685,272.10684,272.10684,271.90683,271.30682,271.20685,271.20685,271.80682,271.90683,272.00684,272.10684,272.00684,272.00684,272.10684,272.10684,272.40683,272.70685,272.20685,272.60684,272.90683,272.90683,272.60684,272.70685,272.60684,272.50684,272.60684,272.50684,272.60684,272.50684,272.70685,272.70685,272.70685,272.70685,272.70685,272.70685,272.50684,272.80682,272.80682,272.80682,272.80682
271.70685,271.40683,271.30682,271.40683,271.30682,271.70685,271.40683,271.50684,271.40683,271.30682,272.50684,272.70685,274.10684,274.10684,274.50684,274.50684,274.70685,274.70685,274.50684,274.40683,273.80682,273.60684,273.60684,273.40683,273.30682,273.50684,272.50684,272.50684,272.10684,271.50684,271.70685,271.20685,271.50684,271.30682,271.70685,271.80682,272.10684,272.10684,271.90683,271.80682,271.80682,271.90683,271.80682,271.80682,272.00684,272.00684,272.00684,272.10684,272.00684,272.00684,272.20685,272.30682,272.40683,272.50684,272.60684,272.60684,272.70685,272.90683,272.90683,272.90683
271.60684,271.60684,271.70685,271.70685,272.50684,272.60684,272.60684,272.70685,272.80682,272.80682,273.60684,272.80682,273.00684,272.80682,272.70685,275.40683,275.30682,275.30682,275.30682,275.40683,275.30682,275.40683,275.50684,275.50684,274.30682,274.40683,273.80682,273.90683,273.90683,273.10684,272.30682,273.00684,272.60684,272.50684,272.40683,272.90683,272.50684,272.10684,272.40683,272.20685,271.80682,271.80682,271.50684,271.20685,271.50684,271.90683,272.00684,271.80682,271.70685,271.70685,272.10684,272.20685,272.60684,272.60684,272.80682,272.80682,272.80682,272.70685,272.70685,272.60684
273.90683,273.80682,273.70685,273.60684,273.30682,273.40683,274.40683,273.60684,275.30682,274.90683,274.00684,275.30682,275.50684,275.70685,275.70685,276.90683,277.40683,277.20685,276.90683,276.80682,276.40683,276.30682,276.30682,276.30682,275.80682,275.80682,275.90683,276.40683,276.40683,276.40683,275.40683,275.40683,275.20685,273.90683,272.40683,274.40683,274.80682,274.40683,274.20685,273.90683,274.00684,272.30682,272.30682,272.30682,271.40683,271.70685,271.50684,271.50684,271.50684,271.80682,271.80682,271.30682,271.90683,272.00684,272.30682,272.70685,272.80682,272.90683,273.00684,272.90683
275.90683,275.90683,275.30682,275.10684,275.00684,274.90683,274.80682,274.70685,274.60684,276.00684,276.70685,278.60684,278.70685,278.30682,278.20685,278.10684,277.80682,277.40683,278.60684,279.00684,277.90683,277.60684,277.20685,277.10684,277.00684,277.00684,277.00684,277.00684,276.90683,275.80682,275.80682,275.80682,275.70685,275.30682,275.20685,274.70685,274.50684,272.30682,272.30682,272.20685,273.30682,272.30682,272.20685,273.30682,272.20685,271.80682,271.30682,271.40683,271.50684,272.90683,272.90683,272.80682,272.30682,272.30682,272.20685,272.60684,272.60684,272.20685,272.00684,271.90683
275.20685,275.20685,277.40683,277.40683,277.30682,277.30682,278.10684,279.70685,279.70685,279.70685,279.80682,280.00684,279.50684,277.20685,277.30682,277.40683,277.30682,279.60684,281.60684,281.00684,277.40683,276.70685,279.10684,277.30682,277.00684,276.80682,276.20685,276.50684,276.40683,276.30682,276.10684,275.30682,275.20685,274.80682,272.70685,272.50684,271.80682,271.50684,273.10684,272.20685,272.30682,272.50684,272.30682,271.40683,272.70685,273.30682,273.80682,274.20685,274.20685,274.10684,274.10684,274.00684,273.80682,273.70685,273.40683,273.20685,272.10684,272.60684,272.70685,272.30682
278.60684,278.50684,279.40683,279.20685,279.30682,280.00684,280.10684,280.10684,280.30682,280.50684,280.20685,277.40683,277.60684,277.20685,277.70685,277.90683,277.70685,277.50684,280.20685,281.00684,280.90683,274.30682,276.60684,279.20685,276.90683,276.40683,276.30682,277.60684,283.20685,284.20685,282.90683,276.40683,276.30682,276.00684,275.70685,274.80682,274.50684,273.40683,272.40683,272.40683,271.30682,271.60684,271.60684,271.30682,272.20685,271.60684,271.30682,271.70685,271.50684,272.30682,273.90683,274.00684,273.80682,271.50684,271.30682,271.40683,273.10684,271.60684,271.60684,272.00684
276.90683,276.40683,276.90683,276.60684,276.40683,276.50684,277.80682,278.70685,277.80682,278.10684,278.10684,278.40683,278.60684,278.10684,278.20685,278.10684,278.70685,278.60684,278.30682,278.10684,277.80682,283.40683,277.40683,277.20685,277.00684,276.80682,276.60684,276.40683,276.40683,276.40683,276.20685,276.20685,276.10684,275.80682,275.50684,274.80682,273.60684,273.90683,271.40683,271.30682,271.40683,271.90683,272.70685,272.70685,273.60684,271.40683,271.60684,271.70685,272.20685,273.00684,273.30682,273.30682,273.50684,273.00684,273.30682,272.80682,273.60684,273.60684,273.70685,273.90683
278.40683,278.10684,278.60684,275.90683,283.00684,282.70685,284.20685,277.90683,285.70685,284.20685,278.90683,278.90683,279.10684,279.00684,279.20685,279.20685,279.40683,279.20685,278.80682,279.70685,278.10684,277.70685,277.00684,276.70685,276.60684,276.70685,276.70685,276.50684,276.50684,276.50684,276.40683,276.30682,276.30682,276.00684,275.80682,275.40683,274.00684,271.90683,271.60684,271.30682,271.30682,271.30682,271.40683,272.20685,272.70685,272.70685,272.90683,273.00684,273.30682,273.40683,273.00684,272.60684,272.20685,271.30682,271.40683,271.30682,271.30682,271.40683,272.50684,273.90683
287.00684,287.20685,285.80682,285.90683,285.70685,284.80682,284.00684,283.90683,283.90683,278.20685,278.50684,277.80682,278.10684,277.90683,278.00684,277.80682,278.00684,278.00684,277.60684,277.10684,282.20685,282.30682,283.10684,282.90683,283.00684,283.20685,275.90683,282.60684,283.00684,282.70685,277.40683,276.90683,276.80682,276.60684,276.40683,276.10684,275.80682,275.60684,275.30682,275.30682,272.60684,273.40683,272.00684,272.70685,272.50684,272.30682,272.00684,273.50684,273.70685,273.50684,273.00684,271.20685,272.70685,273.90683,274.00684,271.40683,273.90683,274.10684,274.30682,274.20685
285.70685,287.10684,287.10684,286.20685,285.20685,287.20685,286.70685,286.90683,285.10684,284.10684,283.20685,275.50684,282.70685,282.40683,282.80682,283.40683,283.90683,283.70685,284.50684,284.60684,285.80682,286.90683,286.80682,287.10684,287.10684,287.50684,286.10684,282.70685,285.80682,284.10684,285.10684,284.90683,279.40683,275.90683,276.30682,278.70685,282.10684,278.30682,279.70685,276.20685,276.30682,276.20685,275.70685,273.90683,273.70685,273.60684,273.70685,273.80682,273.70685,273.60684,273.60684,274.20685,273.90683,274.00684,274.10684,275.10684,274.70685,274.50684,274.50684,277.70685
286.90683,286.80682,287.80682,289.00684,290.00684,289.70685,287.90683,286.10684,285.80682,286.30682,283.30682,283.40683,284.50684,285.90683,284.70685,283.50684,285.60684,284.50684,284.20685,284.70685,283.70685,284.10684,284.90683,283.90683,282.90683,286.40683,284.50684,286.30682,285.20685,284.30682,283.90683,284.00684,284.90683,283.30682,284.20685,285.20685,284.40683,285.00684,283.60684,283.10684,276.30682,276.50684,275.80682,276.50684,275.20685,274.90683,274.30682,274.40683,275.80682,275.30682,275.70685,277.20685,278.20685,274.10684,275.50684,274.30682,274.30682,275.60684,276.40683,274.10684
286.60684,287.00684,287.10684,287.00684,288.20685,286.50684,286.80682,284.10684,286.60684,283.20685,284.90683,286.50684,284.60684,286.50684,288.10684,285.20685,284.50684,285.90683,283.80682,284.50684,280.20685,285.10684,284.10684,286.10684,287.10684,287.60684,286.90683,285.90683,285.90683,285.40683,285.90683,285.70685,285.10684,285.10684,284.80682,286.70685,286.60684,286.20685,285.90683,285.40683,281.40683,285.30682,281.60684,281.20685,281.70685,278.90683,281.40683,282.40683,282.00684,278.30682,276.20685,277.00684,276.40683,279.30682,278.60684,279.70685,278.10684,276.80682,278.50684,275.90683
285.50684,285.60684,285.70685,286.60684,285.30682,283.40683,285.80682,284.70685,282.80682,279.20685,281.50684,284.10684,285.90683,285.80682,285.80682,285.30682,284.50684,283.90683,281.10684,280.80682,281.20685,283.00684,286.30682,287.00684,286.60684,286.60684,285.70685,285.20685,282.40683,283.50684,283.90683,285.30682,286.90683,286.20685,284.80682,278.70685,286.00684,287.00684,287.50684,282.90683,285.40683,286.20685,284.00684,282.60684,283.00684,280.80682,280.10684,281.10684,281.00684,278.30682,278.70685,280.50684,282.20685,280.00684,279.00684,279.00684,279.00684,279.30682,277.80682,275.60684
284.30682,284.10684,284.70685,284.40683,284.00684,284.30682,283.70685,283.10684,283.00684,282.50684,283.70685,282.20685,284.80682,287.90683,287.20685,285.20685,286.00684,285.20685,282.80682,281.70685,282.30682,285.80682,282.60684,282.80682,280.70685,282.00684,284.20685,286.20685,283.30682,282.90683,283.80682,285.00684,283.40683,285.20685,282.40683,283.10684,282.00684,284.20685,284.10684,283.00684,283.10684,283.10684,283.40683,283.50684,282.80682,281.80682,280.10684,278.50684,279.60684,279.80682,278.90683,278.30682,278.40683,278.10684,278.50684,277.00684,277.30682,278.10684,276.50684,275.50684
284.50684,284.20685,284.70685,284.80682,275.70685,285.50684,285.00684,282.80682,282.10684,281.30682,282.40683,285.70685,286.00684,286.90683,284.90683,286.60684,282.80682,283.90683,282.80682,283.50684,283.90683,282.20685,283.30682,282.30682,282.70685,283.00684,281.50684,281.70685,280.20685,279.30682,281.30682,285.90683,284.30682,280.60684,283.90683,278.50684,279.10684,280.20685,280.90683,281.40683,283.30682,282.40683,281.40683,280.20685,279.90683,281.10684,279.30682,281.00684,279.80682,279.70685,279.80682,278.30682,278.90683,281.10684,279.80682,275.70685,277.70685,277.90683,276.70685,276.90683
284.70685,284.40683,284.20685,284.50684,285.00684,277.50684,284.20685,283.50684,281.90683,279.60684,279.70685,281.00684,282.60684,282.60684,280.80682,281.00684,281.70685,282.70685,284.90683,282.00684,279.60684,278.60684,279.50684,282.70685,278.50684,279.90683,279.10684,285.00684,279.20685,279.70685,280.60684,284.60684,282.00684,280.40683,282.60684,281.90683,281.80682,282.40683,283.40683,281.80682,281.90683,283.40683,280.50684,281.60684,281.40683,280.60684,280.50684,280.90683,280.60684,279.20685,280.30682,282.00684,280.40683,279.20685,276.90683,278.10684,277.50684,278.00684,276.30682,275.50684
