nws-json/temp_20190820_18.f000.json
{"header": { "discipline":0, "disciplineName":"Meteorological products", "gribEdition":2, "gribLength":50114, "center":7, "centerName":"US National Weather Service - NCEP(WMC)", "subcenter":0, "refTime":"2019-08-20T18:00:00.000Z", "significanceOfRT":1, "significanceOfRTName":"Start of forecast", "productStatus":0, "productStatusName":"Operational products", "productType":1, "productTypeName":"Forecast products", "productDefinitionTemplate":0, "productDefinitionTemplateName":"Analysis/forecast at horizontal level/layer at a point in time", "parameterCategory":0, "parameterCategoryName":"Temperature", "parameterNumber":0, "parameterNumberName":"Temperature", "parameterUnit":"K", "genProcessType":2, "genProcessTypeName":"Forecast", "forecastTime":0, "surface1Type":1, "surface1TypeName":"Ground or water surface", "surface1Value":0.0, "surface2Type":255, "surface2TypeName":"Missing", "surface2Value":0.0, "gridDefinitionTemplate":0, "gridDefinitionTemplateName":"Latitude_Longitude", "numberPoints":65160, "shape":6, "shapeName":"Earth spherical with radius of 6,371,229.0 m", "gridUnits":"degrees", "resolution":48, "winds":"true", "scanMode":0, "nx":360, "ny":181, "basicAngle":0, "lo1":0.0, "la1":90.0, "lo2":359.0, "la2":-90.0, "dx":1.0, "dy":1.0 }, "data":
[rows 112 to 139 of 181, columns 62 to 123 of 360]
296.3649,296.06488,295.1649,295.3649,295.8649,296.1649,296.1649,295.9649,295.4649,294.8649,295.2649,295.06488,295.6649,296.06488,295.9649,295.56488,295.56488,295.4649,295.1649,294.7649,294.3649,294.4649,294.7649,294.8649,294.9649,295.1649,295.3649,295.1649,294.8649,294.8649,294.56488,294.4649,294.56488,294.9649,295.1649,295.3649,294.9649,294.56488,294.7649,294.9649,294.56488,294.9649,294.9649,294.3649,294.3649,294.2649,295.1649,296.1649,295.3649,295.3649,295.3649,295.4649,287.7649,287.56488,289.3649,285.8649,285.2649,285.9649,284.1649,284.2649,283.06488,283.7649
296.06488,295.7649,294.9649,294.8649,295.7649,295.8649,295.56488,295.3649,295.1649,294.6649,294.6649,295.06488,294.9649,295.2649,295.2649,295.06488,295.2649,295.1649,294.8649,294.4649,294.4649,294.1649,293.9649,294.2649,294.4649,294.8649,295.06488,294.7649,294.56488,294.4649,294.56488,294.1649,293.6649,293.3649,293.8649,294.3649,294.4649,294.2649,293.8649,293.8649,293.6649,294.06488,294.4649,294.2649,294.1649,294.06488,294.9649,295.06488,293.9649,294.56488,294.7649,294.6649,286.3649,286.6649,285.1649,284.6649,282.56488,281.8649,283.56488,282.6649,280.06488,283.1649
295.1649,294.8649,294.6649,294.8649,295.56488,295.8649,295.56488,295.4649,295.4649,294.56488,294.4649,294.2649,293.7649,293.8649,294.3649,294.8649,294.6649,294.4649,294.56488,294.6649,294.2649,294.1649,293.8649,294.06488,294.56488,294.56488,294.56488,294.06488,293.6649,293.6649,294.4649,293.9649,293.2649,293.2649,293.4649,294.06488,294.3649,294.2649,293.9649,293.6649,293.2649,293.56488,293.6649,293.4649,293.8649,293.56488,293.56488,294.1649,293.7649,294.06488,294.4649,294.2649,287.2649,286.1649,284.2649,284.3649,284.06488,282.4649,281.4649,282.4649,283.1649,283.1649
294.7649,294.6649,294.56488,294.3649,294.4649,294.7649,294.7649,294.7649,295.2649,294.7649,294.2649,294.2649,293.9649,293.7649,294.2649,294.4649,294.2649,293.8649,293.6649,293.8649,293.6649,293.4649,293.6649,293.8649,294.06488,293.8649,293.6649,293.56488,293.3649,293.4649,293.8649,293.56488,293.1649,292.7649,292.8649,293.4649,294.06488,293.9649,293.3649,292.8649,292.2649,292.7649,293.4649,293.4649,293.06488,292.6649,293.06488,294.1649,293.9649,293.1649,293.3649,293.2649,286.1649,285.9649,285.6649,282.9649,281.9649,281.56488,281.06488,281.7649,282.1649,283.06488
294.1649,294.3649,293.9649,294.06488,294.06488,293.9649,293.7649,294.06488,294.6649,294.4649,294.3649,294.06488,293.8649,293.7649,294.2649,294.2649,293.7649,293.56488,293.1649,293.06488,293.1649,293.06488,293.06488,292.9649,293.1649,293.56488,293.56488,293.3649,293.1649,293.6649,293.7649,293.06488,292.6649,292.6649,292.7649,293.2649,293.6649,293.2649,292.56488,291.4649,291.1649,291.7649,292.9649,293.2649,292.4649,292.2649,292.7649,293.7649,293.9649,293.3649,293.3649,293.3649,290.6649,285.56488,283.8649,283.1649,282.3649,281.7649,280.2649,280.56488,281.2649,282.3649
292.9649,293.1649,293.06488,293.2649,293.2649,293.2649,292.9649,292.4649,292.8649,292.7649,293.2649,292.8649,292.6649,292.56488,293.3649,293.8649,293.3649,293.4649,292.9649,292.7649,292.8649,292.9649,292.6649,292.3649,292.56488,293.1649,293.1649,292.8649,292.4649,292.7649,293.4649,292.9649,292.2649,292.6649,292.8649,293.1649,292.9649,292.06488,292.3649,291.56488,291.2649,291.06488,292.56488,293.1649,292.56488,291.8649,292.1649,293.1649,293.8649,293.2649,292.7649,293.7649,285.7649,284.9649,284.2649,283.2649,281.6649,281.56488,280.2649,279.7649,279.3649,280.7649
292.7649,292.7649,292.4649,292.3649,291.8649,291.8649,292.06488,291.7649,291.56488,291.2649,291.2649,291.4649,291.7649,291.2649,291.56488,291.9649,292.1649,292.9649,292.2649,291.6649,291.7649,291.7649,292.06488,292.4649,292.7649,292.6649,292.2649,292.06488,291.4649,291.3649,292.1649,292.1649,291.8649,292.2649,291.8649,291.7649,292.4649,292.56488,292.56488,291.4649,290.6649,290.6649,292.1649,292.8649,292.2649,292.06488,292.4649,293.06488,292.9649,293.06488,292.9649,293.9649,292.3649,283.2649,283.56488,282.6649,282.56488,281.8649,281.9649,280.9649,280.3649,279.7649
292.4649,292.2649,292.06488,292.2649,291.8649,291.56488,291.8649,291.6649,291.06488,290.7649,290.56488,290.7649,291.06488,290.6649,290.56488,291.3649,292.06488,292.2649,291.6649,291.06488,290.8649,290.56488,291.1649,291.8649,291.56488,291.8649,291.3649,290.7649,290.56488,290.8649,291.1649,291.3649,291.56488,292.3649,291.56488,290.56488,291.2649,291.4649,291.3649,290.8649,289.7649,289.6649,290.56488,291.8649,292.06488,291.7649,291.56488,291.8649,292.4649,293.4649,293.6649,293.1649,293.2649,286.7649,281.9649,282.56488,282.06488,281.6649,281.4649,280.7649,281.1649,279.9649
291.6649,291.2649,290.8649,290.8649,291.1649,291.4649,291.1649,290.7649,290.7649,290.56488,289.8649,290.1649,290.1649,289.4649,289.7649,290.9649,291.3649,291.7649,291.4649,290.56488,290.1649,289.9649,290.3649,290.4649,289.9649,290.7649,290.4649,289.8649,290.1649,290.56488,290.8649,290.8649,291.2649,291.4649,290.9649,289.56488,289.8649,290.8649,291.06488,290.7649,289.7649,289.4649,290.06488,291.2649,291.6649,291.2649,291.1649,291.2649,291.8649,292.9649,293.2649,292.06488,292.4649,290.56488,280.56488,281.56488,281.9649,281.4649,280.8649,281.1649,280.7649,280.4649
290.8649,290.7649,290.56488,290.1649,289.8649,290.1649,290.06488,289.3649,289.2649,289.4649,289.1649,289.4649,289.8649,289.1649,289.2649,289.9649,289.9649,290.6649,291.1649,290.7649,289.8649,289.4649,289.9649,290.06488,289.2649,288.6649,288.7649,288.6649,289.1649,289.4649,289.56488,290.06488,289.9649,289.9649,289.56488,288.7649,289.06488,289.9649,290.3649,289.6649,289.4649,289.56488,289.4649,289.7649,289.9649,290.1649,290.7649,291.06488,290.9649,292.06488,292.1649,291.3649,292.3649,292.8649,281.4649,280.56488,280.2649,280.4649,280.4649,280.3649,281.56488,281.06488
289.3649,289.3649,289.4649,289.3649,289.1649,289.2649,289.2649,288.7649,288.2649,288.56488,289.06488,289.56488,289.2649,288.7649,288.6649,288.4649,288.56488,289.56488,290.06488,289.8649,289.06488,288.7649,288.6649,288.8649,288.56488,287.8649,287.7649,288.2649,288.56488,288.06488,288.4649,289.2649,288.7649,288.3649,288.2649,288.4649,289.2649,289.1649,289.1649,288.7649,288.7649,288.7649,288.2649,288.3649,288.4649,288.9649,289.7649,290.2649,290.56488,291.2649,291.2649,291.1649,292.06488,292.7649,286.06488,279.3649,278.6649,280.06488,280.1649,280.9649,279.8649,279.7649
288.8649,288.4649,288.6649,289.2649,289.06488,288.8649,288.6649,288.6649,287.8649,287.9649,288.9649,289.3649,289.06488,288.56488,288.4649,288.06488,288.1649,288.4649,289.06488,289.06488,289.1649,288.9649,288.2649,287.7649,288.2649,288.06488,287.4649,288.1649,288.06488,287.56488,288.06488,288.7649,288.06488,288.1649,288.56488,287.9649,287.7649,287.8649,288.2649,288.7649,288.8649,288.3649,287.7649,288.4649,288.7649,288.9649,289.2649,289.2649,289.4649,289.4649,289.7649,290.8649,291.4649,291.56488,281.9649,279.4649,279.1649,279.2649,280.4649,280.2649,280.2649,280.4649
287.8649,287.6649,288.06488,288.2649,287.8649,288.06488,288.1649,287.9649,287.1649,287.2649,288.06488,287.8649,287.1649,287.3649,287.1649,286.7649,287.3649,287.9649,288.1649,287.8649,287.56488,287.6649,287.06488,286.56488,286.7649,287.06488,286.9649,287.3649,286.9649,286.7649,287.1649,287.3649,286.7649,287.06488,287.8649,287.3649,287.06488,287.06488,287.1649,288.06488,288.8649,288.2649,287.3649,287.9649,288.6649,288.56488,288.2649,288.4649,288.6649,289.06488,289.56488,290.4649,291.1649,287.9649,279.56488,278.8649,278.7649,279.56488,287.7649,290.06488,289.4649,287.6649
287.2649,287.06488,287.4649,287.2649,287.6649,287.9649,287.7649,286.9649,286.56488,286.8649,287.1649,286.4649,286.1649,286.7649,286.9649,286.8649,286.9649,286.7649,286.6649,286.4649,286.2649,286.3649,286.2649,286.2649,286.7649,286.7649,286.4649,285.8649,285.56488,285.8649,285.9649,286.06488,286.06488,285.9649,286.2649,286.3649,286.56488,286.4649,285.9649,286.3649,287.1649,286.9649,286.8649,287.2649,287.56488,286.9649,286.56488,287.4649,288.4649,288.6649,289.06488,290.06488,290.4649,291.2649,291.1649,283.2649,283.06488,290.7649,289.8649,289.3649,289.1649,288.6649
286.1649,286.06488,286.1649,286.2649,286.8649,287.6649,287.2649,286.6649,286.4649,286.2649,286.3649,286.3649,286.1649,286.4649,286.9649,287.06488,286.3649,285.7649,286.06488,286.06488,285.3649,285.3649,286.06488,286.2649,287.1649,286.7649,286.06488,285.7649,285.2649,284.8649,285.4649,286.1649,285.8649,284.9649,284.6649,285.6649,286.2649,286.1649,285.2649,285.1649,285.7649,286.1649,286.6649,286.8649,286.1649,285.8649,286.1649,286.8649,287.56488,288.06488,288.56488,288.6649,288.56488,288.9649,289.8649,289.3649,288.7649,288.2649,288.2649,287.9649,287.6649,287.4649
286.1649,286.06488,285.9649,286.06488,286.2649,286.56488,286.2649,286.56488,286.3649,285.8649,285.8649,285.56488,285.6649,285.8649,286.3649,286.3649,285.6649,285.1649,285.2649,285.56488,285.06488,284.56488,285.1649,285.7649,286.1649,285.8649,285.3649,285.3649,285.4649,285.2649,285.06488,285.4649,285.3649,284.4649,284.1649,284.56488,284.7649,284.6649,284.9649,285.6649,286.56488,286.6649,285.8649,285.6649,285.6649,286.06488,286.56488,286.4649,286.8649,286.9649,287.06488,287.4649,287.3649,287.7649,287.8649,286.06488,286.06488,286.6649,287.06488,286.7649,285.7649,285.8649
286.2649,286.06488,286.06488,286.06488,285.56488,285.8649,285.8649,286.06488,286.06488,285.7649,285.6649,285.2649,285.06488,285.06488,285.2649,285.2649,285.06488,284.8649,284.8649,284.9649,284.6649,284.2649,284.7649,284.9649,284.7649,285.1649,285.1649,285.1649,284.9649,284.7649,284.56488,284.56488,284.4649,284.06488,284.3649,284.6649,284.3649,283.8649,284.2649,284.7649,284.8649,285.1649,285.06488,285.4649,285.3649,285.56488,285.7649,285.7649,285.7649,285.8649,285.6649,285.56488,285.8649,286.56488,286.7649,285.1649,284.56488,284.6649,285.06488,285.2649,284.7649,285.06488
286.3649,286.06488,285.7649,285.56488,285.2649,285.4649,285.3649,285.1649,285.2649,285.4649,285.2649,284.7649,284.6649,284.7649,285.06488,285.1649,284.6649,284.56488,284.8649,284.8649,284.56488,284.4649,284.7649,284.7649,284.56488,284.9649,285.06488,284.56488,284.4649,284.7649,285.3649,284.8649,284.4649,283.9649,284.06488,284.1649,284.06488,283.56488,283.6649,283.7649,283.3649,283.56488,284.06488,283.9649,283.6649,283.7649,283.9649,283.8649,284.1649,284.9649,285.3649,285.2649,286.3649,287.3649,286.9649,285.2649,284.6649,284.2649,283.9649,284.06488,284.06488,283.8649
286.2649,286.06488,285.4649,285.1649,285.1649,285.4649,285.4649,285.2649,284.7649,284.8649,285.06488,284.6649,284.4649,284.2649,284.6649,285.1649,284.9649,284.56488,284.7649,284.4649,284.3649,284.1649,283.9649,284.3649,284.3649,284.06488,284.2649,284.06488,284.1649,284.3649,284.6649,284.3649,283.9649,283.6649,283.7649,283.2649,283.06488,282.9649,282.7649,282.8649,282.9649,283.2649,282.9649,282.4649,282.4649,282.9649,283.06488,282.8649,282.6649,283.06488,283.4649,283.8649,284.8649,284.9649,284.8649,284.56488,284.4649,283.8649,283.4649,283.4649,283.6649,283.2649
285.2649,285.56488,285.06488,284.06488,284.1649,285.1649,285.3649,284.8649,284.4649,284.56488,284.56488,284.56488,284.4649,284.06488,283.8649,284.1649,284.56488,284.3649,284.3649,284.2649,284.2649,284.06488,283.6649,283.9649,283.9649,283.7649,283.56488,283.8649,283.6649,283.56488,283.56488,283.6649,283.6649,283.56488,283.4649,282.8649,282.6649,282.8649,282.8649,282.8649,282.56488,282.3649,281.8649,281.56488,281.7649,281.6649,281.7649,281.9649,282.2649,282.2649,282.4649,282.9649,283.06488,282.8649,283.06488,283.4649,283.1649,282.8649,282.7649,282.4649,282.6649,282.56488
285.06488,284.9649,284.56488,283.9649,283.4649,283.8649,284.4649,284.4649,284.6649,284.7649,284.3649,284.06488,284.06488,284.1649,283.9649,283.56488,284.2649,284.2649,283.7649,283.8649,284.2649,284.06488,283.9649,284.1649,283.8649,283.06488,282.4649,282.56488,282.56488,283.06488,283.3649,282.8649,282.8649,283.56488,283.6649,282.9649,282.06488,281.8649,281.8649,281.9649,282.06488,281.7649,281.4649,281.2649,281.1649,281.1649,281.4649,281.7649,282.1649,282.2649,282.3649,282.2649,282.2649,282.3649,282.7649,282.7649,282.56488,282.1649,281.6649,281.56488,281.3649,281.56488
285.1649,284.8649,284.7649,284.6649,283.6649,283.4649,283.9649,284.6649,284.8649,284.6649,283.9649,283.3649,283.1649,282.6649,283.06488,283.4649,283.6649,283.3649,282.8649,282.8649,283.2649,283.4649,283.2649,282.9649,282.4649,281.9649,282.1649,282.2649,281.8649,282.2649,282.8649,282.2649,282.2649,283.56488,283.8649,283.2649,282.6649,282.06488,281.6649,281.56488,281.8649,281.6649,281.2649,281.06488,281.06488,281.06488,281.2649,281.3649,281.3649,281.3649,281.56488,281.7649,282.2649,283.1649,283.7649,283.2649,282.1649,281.6649,281.3649,281.3649,281.3649,281.1649
284.3649,284.56488,283.8649,283.7649,282.2649,281.3649,281.9649,283.06488,283.7649,283.9649,283.56488,283.1649,282.4649,281.7649,282.4649,283.56488,283.7649,283.1649,282.6649,281.9649,281.3649,281.3649,281.7649,281.6649,281.4649,281.7649,282.3649,282.3649,281.8649,281.56488,281.8649,282.06488,282.2649,282.8649,282.56488,282.2649,282.06488,281.7649,281.7649,281.7649,281.56488,281.2649,280.8649,280.7649,280.3649,279.7649,280.06488,280.2649,280.7649,281.1649,281.56488,281.7649,282.06488,282.6649,282.6649,282.3649,281.7649,281.56488,281.6649,281.4649,281.2649,281.2649
281.06488,280.06488,279.4649,279.2649,279.4649,279.2649,278.9649,279.8649,280.7649,280.8649,280.8649,281.6649,282.2649,282.4649,282.6649,282.8649,282.8649,281.6649,280.06488,278.9649,278.6649,279.6649,280.6649,281.4649,281.9649,282.06488,282.06488,281.7649,281.2649,280.6649,280.4649,280.8649,281.1649,281.2649,281.06488,279.9649,279.6649,280.4649,281.3649,281.56488,281.1649,280.56488,280.4649,280.7649,280.6649,280.2649,279.7649,279.1649,279.6649,280.56488,281.3649,281.7649,281.8649,281.8649,281.8649,281.8649,281.6649,281.56488,281.7649,281.8649,281.6649,281.56488
278.56488,277.9649,276.9649,276.7649,276.9649,276.1649,276.2649,277.1649,277.6649,277.2649,277.4649,278.7649,280.3649,280.6649,281.4649,281.3649,280.3649,278.9649,278.06488,277.8649,278.06488,279.06488,280.56488,281.3649,281.6649,281.1649,280.6649,280.2649,280.1649,280.7649,280.8649,280.6649,280.3649,279.8649,279.4649,279.3649,279.4649,279.6649,280.1649,280.2649,279.4649,278.6649,278.7649,279.6649,280.3649,280.8649,280.56488,280.06488,279.9649,280.4649,281.3649,281.2649,280.6649,281.06488,281.6649,281.56488,281.1649,280.4649,280.7649,281.56488,281.8649,281.6649
277.56488,277.2649,276.4649,275.3649,275.7649,276.2649,276.1649,276.2649,276.3649,276.2649,276.1649,276.9649,277.2649,277.4649,277.1649,277.2649,277.4649,277.6649,277.6649,277.6649,278.06488,278.7649,279.6649,280.56488,280.7649,280.9649,280.8649,280.3649,279.56488,279.56488,279.7649,279.7649,279.56488,279.06488,278.7649,279.06488,279.3649,279.06488,278.4649,277.7649,277.6649,278.2649,278.9649,279.1649,278.9649,279.3649,279.56488,279.56488,279.6649,280.06488,280.7649,280.7649,279.9649,280.56488,281.4649,281.2649,280.2649,279.4649,279.56488,280.9649,281.7649,281.7649
276.2649,275.6649,275.3649,275.06488,275.6649,275.8649,275.7649,275.6649,276.06488,275.56488,275.06488,274.8649,275.06488,275.06488,275.56488,275.6649,275.9649,276.7649,277.06488,276.7649,277.1649,277.3649,277.4649,277.3649,278.06488,278.6649,279.56488,279.7649,279.56488,279.3649,278.9649,278.8649,279.1649,279.3649,279.1649,278.9649,278.6649,278.56488,278.1649,277.4649,277.2649,277.9649,278.1649,277.7649,277.3649,277.8649,278.2649,278.2649,278.4649,278.8649,279.7649,280.3649,279.8649,279.2649,279.6649,279.8649,279.8649,279.7649,279.8649,280.1649,280.4649,280.7649
275.6649,275.06488,274.8649,274.6649,275.1649,275.4649,275.1649,276.2649,275.4649,274.9649,274.4649,274.56488,274.4649,274.56488,274.9649,275.2649,275.2649,275.8649,276.06488,275.9649,276.2649,276.56488,276.2649,276.6649,277.06488,277.06488,277.1649,278.06488,279.06488,279.6649,279.2649,278.4649,278.4649,278.3649,278.2649,278.1649,277.7649,277.56488,277.2649,277.2649,277.3649,277.1649,277.06488,276.9649,276.56488,276.6649,276.6649,276.4649,276.6649,277.56488,278.1649,277.9649,277.3649,277.9649,278.6649,278.7649,278.7649,278.6649,278.7649,278.3649,278.2649,278.56488
