nws-json/temp2019082100.f000.json
{"header": { "discipline":0, "disciplineName":"Meteorological products", "gribEdition":2, "gribLength":49984, "center":7, "centerName":"US National Weather Service - NCEP(WMC)", "subcenter":0, "refTime":"2019-08-21T00:00:00.000Z", "significanceOfRT":1, "significanceOfRTName":"Start of forecast", "productStatus":0, "productStatusName":"Operational products", "productType":1, "productTypeName":"Forecast products", "productDefinitionTemplate":0, "productDefinitionTemplateName":"Analysis/forecast at horizontal level/layer at a point in time", "parameterCategory":0, "parameterCategoryName":"Temperature", "parameterNumber":0, "parameterNumberName":"Temperature", "parameterUnit":"K", "genProcessType":2, "genProcessTypeName":"Forecast", "forecastTime":0, "surface1Type":1, "surface1TypeName":"Ground or water surface", "surface1Value":0.0, "surface2Type":255, "surface2TypeName":"Missing", "surface2Value":0.0, "gridDefinitionTemplate":0, "gridDefinitionTemplateName":"Latitude_Longitude", "numberPoints":65160, "shape":6, "shapeName":"Earth spherical with radius of 6,371,229.0 m", "gridUnits":"degrees", "resolution":48, "winds":"true", "scanMode":0, "nx":360, "ny":181, "basicAngle":0, "lo1":0.0, "la1":90.0, "lo2":359.0, "la2":-90.0, "dx":1.0, "dy":1.0 }, "data":
[rows 78 to 103 of 181, columns 240 to 299 of 360]
301.55023,301.65024,301.75024,301.55023,301.25024,301.05023,300.95026,301.05023,301.45026,301.65024,301.95026,301.95026,302.45026,302.15024,301.95026,302.15024,302.15024,301.95026,301.65024,302.05023,302.25024,302.35025,303.15024,303.05023,302.75024,302.45026,302.15024,301.95026,302.05023,301.75024,301.55023,301.85025,302.25024,302.25024,296.75024,296.15024,297.85025,301.55023,301.65024,301.45026,301.35025,301.15024,300.95026,301.15024,301.35025,301.35025,301.25024,300.75024,302.75024,300.65024,300.45026,301.35025,301.65024,301.55023,301.25024,300.75024,301.15024,301.75024,301.85025,301.95026
301.45026,301.65024,301.55023,301.45026,301.15024,301.05023,300.95026,301.25024,301.25024,301.25024,301.25024,301.75024,301.95026,301.95026,301.95026,301.95026,301.85025,301.75024,301.55023,301.55023,301.65024,301.85025,302.15024,302.25024,301.85025,301.95026,302.15024,302.65024,302.45026,303.65024,301.05023,301.65024,301.65024,301.45026,301.55023,298.65024,297.55023,301.45026,301.55023,302.45026,302.25024,301.95026,301.45026,301.45026,302.25024,301.35025,291.45026,296.05023,300.05023,302.65024,299.75024,296.75024,300.95026,301.25024,300.85025,300.35025,296.55023,300.95026,301.85025,302.15024
301.25024,301.45026,301.45026,301.25024,301.05023,300.95026,300.95026,301.05023,301.15024,300.95026,301.05023,301.45026,301.85025,301.95026,301.45026,301.25024,301.25024,301.15024,301.15024,301.05023,300.95026,301.55023,301.55023,301.15024,300.95026,301.45026,301.85025,302.05023,301.45026,300.65024,300.65024,300.95026,301.65024,301.45026,301.15024,298.65024,290.15024,301.05023,301.25024,301.85025,301.85025,301.65024,301.45026,301.85025,302.35025,297.75024,300.15024,287.35025,302.35025,297.65024,297.15024,294.15024,294.25024,293.75024,294.55023,295.85025,291.15024,297.55023,301.75024,302.15024
301.35025,301.35025,301.25024,301.25024,301.05023,300.95026,300.85025,300.95026,300.95026,300.95026,300.85025,301.15024,301.15024,301.05023,300.75024,300.65024,300.45026,300.55023,300.75024,300.85025,300.75024,301.25024,301.25024,300.95026,300.75024,301.05023,301.05023,300.95026,300.95026,300.45026,300.25024,300.55023,300.65024,300.55023,300.35025,300.45026,301.05023,290.55023,299.05023,301.65024,297.05023,297.55023,296.75024,302.05023,297.35025,299.05023,298.75024,295.75024,297.55023,292.55023,295.45026,295.95026,296.25024,296.75024,296.35025,296.95026,299.45026,298.75024,298.05023,297.45026
300.85025,301.05023,301.15024,301.25024,300.95026,300.85025,300.85025,300.75024,300.75024,300.85025,300.85025,300.75024,300.85025,300.85025,300.95026,300.65024,299.85025,299.75024,300.25024,300.65024,300.35025,300.55023,300.85025,300.85025,300.85025,300.45026,300.15024,300.05023,299.85025,299.75024,299.75024,300.15024,300.35025,299.95026,300.05023,300.15024,300.45026,301.35025,301.45026,297.25024,301.85025,300.95026,296.95026,298.95026,295.95026,300.05023,295.75024,285.75024,286.35025,292.65024,295.15024,296.55023,296.75024,297.05023,299.25024,300.75024,298.85025,297.25024,294.55023,297.25024
300.75024,300.85025,300.95026,301.25024,300.95026,300.65024,300.65024,300.75024,300.45026,300.55023,300.65024,300.65024,300.65024,300.45026,300.75024,300.45026,299.75024,299.55023,299.85025,300.25024,300.15024,300.15024,300.35025,300.35025,300.15024,299.85025,299.65024,299.75024,299.75024,299.55023,299.65024,299.85025,300.05023,300.05023,300.45026,300.25024,300.25024,300.55023,300.75024,300.85025,300.65024,300.15024,300.25024,296.75024,289.45026,291.35025,300.05023,289.45026,292.15024,294.35025,295.95026,297.55023,298.75024,297.15024,296.35025,298.65024,296.75024,295.15024,297.65024,298.25024
300.25024,300.45026,300.55023,300.65024,300.75024,300.45026,300.25024,300.15024,300.05023,300.25024,300.65024,300.45026,300.15024,299.85025,300.05023,299.95026,299.65024,299.45026,299.35025,299.75024,300.05023,300.15024,299.95026,299.55023,299.25024,299.75024,299.95026,299.75024,299.55023,299.35025,299.45026,299.75024,300.05023,300.25024,300.55023,300.55023,300.65024,300.65024,300.45026,300.45026,300.25024,299.95026,300.15024,295.65024,287.45026,293.55023,293.45026,281.85025,291.85025,294.95026,296.15024,297.55023,299.15024,295.35025,292.55023,294.15024,296.55023,294.55023,291.95026,291.95026
298.85025,299.15024,299.65024,299.85025,299.75024,299.75024,299.75024,299.55023,299.45026,299.65024,300.25024,299.35025,299.15024,299.35025,299.55023,299.45026,299.55023,299.65024,299.45026,299.55023,299.95026,299.85025,299.75024,299.35025,299.45026,300.35025,300.25024,299.95026,299.45026,298.95026,299.25024,299.45026,299.85025,300.05023,299.95026,300.15024,300.35025,300.35025,300.35025,300.35025,300.35025,299.95026,299.85025,296.75024,289.55023,294.25024,279.95026,289.25024,295.85025,295.85025,295.35025,296.25024,297.45026,290.15024,300.15024,292.35025,296.55023,296.25024,291.75024,291.95026
298.35025,298.35025,298.75024,298.95026,299.15024,299.25024,299.35025,298.65024,298.35025,297.95026,298.05023,297.85025,298.15024,298.85025,299.05023,298.95026,299.25024,299.35025,299.55023,299.35025,299.35025,299.15024,299.35025,299.05023,299.15024,299.45026,299.35025,299.65024,299.15024,299.05023,299.05023,299.25024,299.35025,299.45026,299.35025,299.65024,299.95026,299.95026,300.15024,299.85025,299.85025,299.75024,299.95026,297.25024,287.45026,302.65024,280.65024,295.55023,296.15024,296.65024,295.35025,295.65024,297.15024,295.95026,294.75024,290.05023,293.65024,293.85025,294.15024,298.35025
298.35025,298.45026,298.35025,298.55023,298.65024,298.55023,298.25024,297.65024,297.35025,297.15024,297.45026,297.55023,298.15024,298.65024,298.75024,298.85025,299.15024,298.85025,299.25024,298.95026,298.85025,298.85025,299.05023,298.65024,298.35025,298.65024,298.65024,298.65024,298.15024,298.35025,298.65024,298.85025,299.05023,298.75024,298.75024,299.25024,299.65024,299.55023,299.45026,299.35025,299.55023,299.75024,300.45026,294.35025,277.65024,290.55023,291.85025,295.35025,296.35025,295.25024,295.75024,297.35025,296.55023,297.45026,299.05023,299.15024,290.35025,295.45026,295.65024,299.75024
297.85025,298.25024,298.25024,298.15024,297.85025,297.45026,296.95026,296.15024,296.15024,296.55023,296.85025,297.35025,297.75024,298.35025,298.65024,298.95026,298.95026,298.35025,298.15024,298.05023,297.65024,297.85025,298.05023,297.75024,298.05023,298.55023,297.95026,296.85025,296.25024,296.35025,296.95026,297.85025,297.95026,297.85025,298.15024,298.75024,298.95026,298.85025,298.85025,298.95026,299.25024,299.85025,297.15024,296.25024,286.45026,292.35025,294.65024,294.65024,296.65024,296.25024,295.55023,296.05023,296.65024,297.95026,297.95026,297.45026,294.75024,298.55023,296.95026,296.65024
297.35025,297.65024,297.45026,297.15024,296.25024,295.95026,295.55023,295.25024,295.35025,295.45026,295.65024,295.75024,296.55023,297.35025,297.35025,297.35025,297.45026,296.75024,296.35025,296.45026,295.95026,295.95026,296.35025,296.55023,296.55023,296.95026,296.15024,294.75024,294.35025,294.75024,295.35025,296.25024,296.85025,296.95026,297.05023,297.55023,297.75024,298.05023,298.35025,298.35025,298.85025,297.05023,284.45026,280.95026,295.25024,294.65024,295.45026,295.65024,296.65024,296.85025,297.35025,297.85025,297.85025,299.35025,293.95026,298.55023,298.55023,298.55023,297.75024,299.35025
296.35025,296.45026,296.15024,295.75024,295.25024,295.15024,295.05023,295.15024,295.05023,294.65024,294.45026,294.35025,294.75024,295.35025,295.55023,295.55023,295.45026,295.35025,294.95026,294.55023,294.25024,294.55023,294.95026,294.75024,294.35025,294.05023,293.25024,292.25024,291.65024,293.85025,293.75024,294.15024,294.65024,295.25024,295.25024,295.65024,296.45026,297.25024,297.15024,296.95026,294.75024,293.85025,278.25024,295.45026,294.85025,295.35025,297.75024,298.25024,299.45026,298.85025,298.55023,299.05023,299.25024,299.75024,299.55023,297.25024,298.25024,298.65024,298.55023,298.15024
296.35025,296.25024,295.95026,295.85025,295.75024,295.65024,295.75024,295.65024,295.45026,294.95026,294.75024,294.45026,294.35025,294.55023,295.05023,295.05023,295.05023,295.05023,294.85025,294.55023,294.15024,294.05023,294.05023,293.65024,292.85025,292.35025,292.05023,291.45026,290.65024,294.75024,292.95026,292.85025,292.85025,293.05023,292.75024,293.05023,294.15024,294.85025,295.05023,295.55023,295.55023,283.75024,291.45026,295.05023,295.05023,295.55023,297.45026,299.25024,298.35025,299.65024,301.25024,299.85025,299.65024,298.95026,300.15024,299.85025,299.25024,299.95026,298.55023,298.25024
296.85025,296.55023,296.25024,296.15024,296.25024,296.15024,296.05023,296.25024,296.25024,295.55023,295.25024,295.05023,294.95026,294.95026,295.15024,295.35025,295.15024,295.15024,295.35025,295.25024,294.95026,294.65024,294.25024,293.65024,293.15024,293.15024,292.45026,292.35025,292.35025,292.85025,292.95026,292.75024,292.35025,291.35025,290.65024,290.65024,291.25024,291.95026,292.75024,294.55023,296.25024,285.15024,289.55023,295.55023,295.35025,297.15024,295.85025,298.85025,299.05023,299.75024,300.15024,300.35025,298.25024,300.45026,300.15024,301.05023,299.65024,299.05023,301.05023,300.15024
297.05023,297.15024,296.95026,296.85025,296.75024,296.65024,296.75024,296.85025,296.75024,296.15024,295.75024,295.75024,295.45026,295.55023,295.65024,295.45026,295.25024,295.15024,295.45026,295.75024,295.85025,295.45026,294.75024,294.05023,293.45026,293.35025,293.05023,293.15024,293.35025,293.45026,293.45026,293.15024,292.55023,291.35025,290.55023,290.05023,290.15024,290.15024,291.15024,293.85025,295.55023,280.45026,292.95026,297.25024,296.45026,297.85025,299.05023,298.45026,300.25024,300.15024,300.25024,299.25024,300.25024,295.45026,299.45026,300.95026,301.05023,300.65024,298.25024,300.15024
297.15024,297.15024,297.15024,297.15024,297.15024,297.25024,297.35025,297.55023,297.25024,296.75024,296.15024,295.85025,295.85025,295.65024,295.65024,295.75024,295.55023,295.25024,295.25024,295.45026,295.75024,295.75024,295.45026,294.95026,293.95026,293.55023,293.55023,293.45026,293.65024,294.05023,293.95026,293.65024,292.55023,291.45026,290.55023,290.05023,289.95026,289.65024,290.55023,293.45026,292.35025,284.95026,291.75024,298.45026,298.35025,300.45026,299.05023,295.95026,297.55023,296.25024,300.35025,299.15024,299.95026,300.45026,299.75024,298.85025,299.25024,299.25024,299.85025,300.25024
297.55023,297.55023,297.45026,297.35025,297.25024,297.55023,297.85025,297.95026,297.65024,297.35025,296.75024,296.35025,296.05023,295.85025,295.95026,295.95026,296.05023,295.45026,295.25024,295.35025,295.35025,295.55023,295.65024,295.55023,294.55023,294.35025,294.25024,294.05023,293.85025,294.05023,293.95026,293.55023,292.65024,291.45026,290.85025,290.35025,290.35025,289.65024,289.15024,293.95026,287.95026,288.85025,293.35025,297.45026,298.85025,298.95026,299.75024,299.15024,298.15024,296.15024,299.55023,295.45026,299.85025,300.05023,297.45026,299.25024,298.75024,296.55023,299.35025,299.75024
298.05023,297.75024,297.55023,297.35025,297.25024,297.55023,297.95026,297.95026,297.55023,297.45026,297.25024,296.75024,296.45026,296.35025,296.45026,296.55023,296.55023,295.95026,295.95026,296.05023,295.65024,295.45026,295.65024,295.35025,294.75024,294.65024,294.85025,294.75024,294.25024,293.85025,293.75024,293.55023,292.85025,292.05023,291.75024,291.05023,290.75024,290.05023,289.35025,290.05023,291.15024,290.75024,284.05023,291.35025,295.15024,300.05023,299.55023,296.95026,297.55023,297.25024,298.45026,296.15024,295.95026,297.25024,297.45026,297.15024,299.05023,299.15024,300.35025,299.35025
298.45026,298.05023,298.05023,297.95026,297.55023,297.85025,297.85025,297.95026,297.65024,297.25024,296.65024,296.35025,296.65024,297.05023,297.05023,296.85025,296.75024,296.35025,296.35025,296.45026,296.05023,295.65024,295.65024,295.45026,295.35025,295.35025,295.15024,294.95026,294.65024,294.15024,293.85025,293.75024,293.15024,292.35025,291.75024,290.85025,290.75024,290.55023,290.35025,289.45026,288.35025,284.35025,286.65024,292.05023,293.55023,299.25024,299.05023,298.85025,297.85025,298.65024,295.15024,299.65024,299.35025,295.45026,295.95026,295.45026,297.95026,300.35025,295.55023,297.25024
298.45026,298.45026,298.35025,298.25024,298.05023,297.95026,297.95026,297.95026,297.75024,297.15024,296.55023,296.75024,297.05023,297.15024,296.95026,296.95026,296.85025,296.55023,296.45026,296.35025,296.05023,295.75024,295.75024,295.35025,295.65024,296.05023,295.45026,295.05023,294.75024,294.35025,293.85025,293.35025,292.65024,292.05023,291.65024,290.85025,290.85025,290.85025,290.85025,290.25024,289.15024,291.25024,280.75024,286.05023,290.25024,297.65024,298.25024,295.15024,296.35025,297.55023,298.75024,295.15024,294.25024,293.65024,293.95026,297.25024,295.75024,297.95026,297.65024,298.95026
298.45026,298.45026,298.25024,298.25024,298.25024,298.25024,298.15024,298.05023,297.85025,297.55023,297.35025,297.35025,297.35025,297.25024,297.05023,296.85025,296.75024,296.45026,296.25024,295.95026,295.75024,295.55023,295.65024,295.35025,295.35025,295.45026,295.15024,294.95026,294.75024,294.55023,293.95026,293.25024,292.35025,292.15024,291.85025,291.05023,290.85025,291.05023,290.95026,290.55023,289.65024,288.45026,284.35025,278.55023,292.35025,299.85025,300.45026,296.65024,294.35025,295.25024,298.95026,296.55023,294.45026,294.75024,295.45026,295.35025,298.45026,298.85025,296.25024,296.45026
298.45026,298.35025,298.05023,298.05023,298.05023,298.05023,298.05023,298.05023,297.75024,297.45026,297.25024,297.15024,297.15024,297.05023,296.95026,296.55023,296.35025,296.05023,295.75024,295.55023,295.35025,295.45026,295.55023,295.25024,294.95026,294.95026,294.65024,294.35025,294.35025,294.15024,293.85025,293.25024,292.55023,292.55023,291.85025,290.95026,290.75024,290.85025,290.45026,290.35025,289.75024,289.05023,288.55023,275.45026,281.05023,295.25024,298.85025,294.35025,294.45026,294.05023,297.75024,296.65024,296.45026,297.45026,296.15024,295.65024,295.15024,297.75024,300.55023,298.85025
298.15024,298.15024,297.95026,297.85025,297.65024,297.55023,297.45026,297.55023,297.25024,297.25024,297.15024,297.05023,296.95026,296.75024,296.75024,296.35025,296.05023,295.65024,295.25024,294.95026,294.75024,295.15024,295.35025,295.05023,294.55023,294.25024,293.85025,293.55023,293.45026,293.25024,292.95026,292.45026,291.95026,291.95026,291.25024,290.85025,290.75024,290.45026,289.95026,289.55023,289.05023,289.05023,288.55023,283.65024,273.95026,289.45026,290.05023,294.85025,294.15024,294.45026,295.95026,297.75024,298.85025,297.95026,299.15024,295.25024,296.85025,297.35025,298.15024,299.55023
298.15024,298.15024,297.85025,297.65024,297.25024,297.15024,297.25024,297.35025,297.05023,296.95026,297.15024,296.95026,296.65024,296.65024,296.65024,296.35025,296.05023,295.65024,295.15024,294.75024,294.45026,294.45026,294.55023,294.55023,294.15024,293.85025,293.55023,293.35025,293.15024,292.85025,292.35025,291.65024,291.15024,291.05023,290.55023,290.15024,290.15024,289.45026,289.15024,288.85025,288.65024,288.45026,288.35025,295.55023,278.35025,279.25024,297.05023,293.75024,291.15024,294.35025,295.95026,297.65024,298.35025,299.05023,299.15024,296.45026,294.65024,296.45026,297.95026,302.05023
297.65024,297.55023,297.55023,297.25024,297.05023,296.95026,296.85025,296.95026,296.75024,296.65024,296.55023,296.35025,296.25024,296.25024,296.25024,296.05023,295.65024,295.45026,294.95026,294.55023,294.35025,294.35025,294.25024,294.05023,293.65024,293.15024,293.15024,293.35025,293.15024,292.35025,291.75024,291.45026,291.05023,290.85025,290.25024,289.85025,289.55023,288.85025,288.55023,288.45026,288.35025,288.15024,287.95026,287.95026,284.95026,276.25024,279.45026,279.95026,280.55023,292.65024,295.75024,297.65024,296.75024,297.55023,297.85025,299.85025,298.65024,297.75024,299.55023,300.15024
