nws-json/temp_20190820_00.f000.json
{"header": { "discipline":0, "disciplineName":"Meteorological products", "gribEdition":2, "gribLength":49813, "center":7, "centerName":"US National Weather Service - NCEP(WMC)", "subcenter":0, "refTime":"2019-08-20T00:00:00.000Z", "significanceOfRT":1, "significanceOfRTName":"Start of forecast", "productStatus":0, "productStatusName":"Operational products", "productType":1, "productTypeName":"Forecast products", "productDefinitionTemplate":0, "productDefinitionTemplateName":"Analysis/forecast at horizontal level/layer at a point in time", "parameterCategory":0, "parameterCategoryName":"Temperature", "parameterNumber":0, "parameterNumberName":"Temperature", "parameterUnit":"K", "genProcessType":2, "genProcessTypeName":"Forecast", "forecastTime":0, "surface1Type":1, "surface1TypeName":"Ground or water surface", "surface1Value":0.0, "surface2Type":255, "surface2TypeName":"Missing", "surface2Value":0.0, "gridDefinitionTemplate":0, "gridDefinitionTemplateName":"Latitude_Longitude", "numberPoints":65160, "shape":6, "shapeName":"Earth spherical with radius of 6,371,229.0 m", "gridUnits":"degrees", "resolution":48, "winds":"true", "scanMode":0, "nx":360, "ny":181, "basicAngle":0, "lo1":0.0, "la1":90.0, "lo2":359.0, "la2":-90.0, "dx":1.0, "dy":1.0 }, "data":
[rows 130 to 155 of 181, columns 180 to 239 of 360]
285.74615,285.94614,285.64615,285.24615,285.24615,285.74615,285.64615,285.14615,285.24615,285.54614,285.44614,285.24615,284.94614,285.14615,285.44614,285.04614,284.24615,284.44614,284.84613,285.04614,285.14615,285.34613,285.44614,285.64615,285.64615,285.24615,285.14615,284.94614,285.24615,285.24615,285.24615,285.64615,285.74615,284.94614,284.74615,284.84613,285.14615,284.94614,284.84613,285.14615,285.14615,284.84613,285.14615,285.14615,284.94614,284.74615,284.64615,284.14615,283.74615,283.94614,284.24615,284.24615,284.04614,284.14615,284.24615,284.24615,283.94614,283.34613,283.14615,283.54614
284.74615,285.54614,285.34613,285.14615,285.14615,285.04614,285.14615,285.04614,285.24615,284.84613,284.64615,284.74615,284.34613,284.24615,284.44614,283.94614,284.14615,284.24615,284.34613,284.44614,284.34613,284.84613,285.34613,285.34613,285.44614,285.24615,284.94614,284.64615,284.74615,284.74615,285.14615,286.14615,285.04614,285.24615,284.94614,284.04614,283.94614,283.84613,284.24615,284.24615,283.94614,283.84613,284.34613,284.54614,284.34613,284.14615,284.04614,283.64615,283.34613,283.24615,283.64615,283.84613,283.64615,283.44614,283.24615,283.14615,283.44614,283.34613,282.94614,283.04614
284.64615,284.84613,284.74615,284.74615,284.74615,284.64615,284.64615,284.64615,284.54614,284.14615,283.54614,283.54614,283.54614,283.44614,283.84613,284.14615,284.14615,284.14615,284.04614,284.34613,284.34613,284.24615,284.34613,284.54614,284.64615,284.54614,284.64615,284.34613,284.24615,284.24615,284.44614,284.14615,283.84613,284.34613,284.14615,283.64615,283.44614,283.54614,283.64615,283.54614,283.34613,283.24615,283.44614,283.54614,283.64615,283.54614,283.24615,283.04614,283.14615,282.84613,282.94614,283.04614,282.84613,282.64615,282.94614,282.94614,282.94614,282.94614,282.54614,282.14615
284.24615,284.14615,284.04614,283.94614,284.04614,284.24615,284.44614,284.24615,283.94614,283.54614,283.64615,283.64615,283.64615,283.14615,283.34613,283.64615,283.44614,283.44614,283.44614,283.74615,283.74615,283.54614,283.44614,283.64615,283.74615,284.04614,284.04614,283.64615,283.14615,283.54614,283.44614,283.14615,282.74615,282.64615,283.24615,283.34613,283.04614,282.74615,282.54614,282.64615,282.44614,282.34613,282.44614,282.94614,282.84613,282.54614,282.44614,282.64615,282.44614,281.74615,281.44614,281.84613,281.94614,281.94614,282.24615,282.54614,282.34613,282.04614,281.84613,281.34613
281.94614,281.94614,282.64615,283.24615,283.34613,283.84613,284.04614,284.04614,283.34613,283.24615,283.34613,283.74615,283.34613,283.04614,282.94614,282.54614,282.54614,282.94614,283.34613,283.34613,283.64615,283.34613,282.84613,283.04614,283.04614,283.04614,282.84613,282.74615,282.34613,282.84613,283.24615,283.04614,282.54614,282.04614,282.04614,282.44614,282.64615,282.44614,282.14615,281.84613,281.74615,281.44614,281.54614,282.34613,282.34613,281.84613,281.44614,281.34613,280.94614,280.84613,280.84613,280.94614,281.24615,280.94614,281.24615,281.54614,281.64615,281.54614,281.34613,281.04614
281.44614,281.64615,282.04614,282.34613,283.24615,283.44614,283.14615,282.94614,282.84613,282.94614,283.04614,283.04614,282.94614,282.84613,282.64615,282.44614,282.64615,282.84613,282.74615,282.84613,283.14615,283.14615,282.84613,282.84613,282.64615,282.24615,282.04614,282.24615,282.54614,282.44614,282.44614,282.34613,282.24615,281.84613,281.64615,281.64615,281.94614,281.94614,281.84613,281.64615,281.44614,281.04614,281.04614,281.54614,281.74615,281.34613,280.84613,280.44614,280.34613,280.64615,280.64615,280.34613,280.14615,280.44614,280.34613,280.44614,280.34613,280.44614,280.64615,280.84613
281.74615,281.94614,282.24615,282.74615,283.04614,282.94614,282.54614,282.54614,282.64615,282.54614,282.54614,282.84613,283.04614,282.74615,282.44614,282.44614,282.44614,282.54614,282.64615,282.74615,282.84613,282.94614,282.74615,282.74615,282.54614,282.24615,282.04614,281.84613,281.84613,281.84613,281.84613,281.84613,281.94614,281.74615,281.44614,281.44614,281.74615,281.54614,281.34613,281.04614,280.64615,280.44614,280.64615,280.94614,280.94614,280.64615,280.44614,280.14615,280.04614,280.14615,279.94614,279.84613,279.94614,280.14615,280.14615,279.74615,279.74615,280.04614,280.34613,280.44614
281.14615,281.34613,282.44614,283.54614,283.44614,282.94614,282.14615,281.74615,282.34613,282.64615,282.74615,282.74615,282.74615,282.84613,282.64615,282.64615,283.44614,282.64615,282.84613,282.84613,282.74615,282.74615,282.74615,282.74615,282.64615,282.54614,282.64615,282.34613,281.94614,281.74615,281.74615,281.94614,281.94614,281.64615,281.44614,281.24615,281.24615,281.14615,280.84613,280.54614,280.34613,280.14615,280.34613,280.34613,280.34613,280.14615,280.04614,279.94614,279.84613,279.64615,279.54614,279.64615,279.74615,279.84613,279.54614,279.24615,279.34613,279.74615,280.04614,280.04614
280.74615,280.14615,281.14615,282.14615,282.84613,282.94614,282.84613,282.24615,282.04614,282.34613,282.64615,282.54614,282.34613,282.34613,282.04614,281.74615,282.14615,283.04614,282.94614,282.54614,282.54614,282.34613,282.34613,282.44614,282.54614,282.54614,282.64615,282.34613,282.04614,281.74615,281.84613,281.84613,281.54614,281.04614,280.84613,280.64615,280.64615,280.74615,280.54614,280.14615,280.04614,280.14615,280.34613,280.24615,280.04614,280.04614,280.14615,280.14615,280.04614,280.04614,279.94614,279.84613,279.64615,279.54614,279.44614,279.34613,279.04614,279.14615,279.34613,279.34613
280.14615,280.04614,280.74615,280.74615,280.74615,281.94614,282.94614,282.84613,282.24615,282.24615,282.24615,282.24615,282.14615,282.44614,282.14615,281.14615,281.14615,282.14615,282.54614,282.44614,282.44614,282.44614,282.24615,282.24615,282.44614,282.14615,282.04614,282.24615,282.24615,281.84613,281.64615,281.54614,281.44614,281.34613,281.14615,280.94614,280.74615,280.64615,280.64615,280.54614,280.44614,280.34613,280.34613,280.44614,280.24615,279.94614,280.04614,280.14615,280.24615,280.14615,279.84613,279.34613,279.04614,279.04614,279.24615,279.14615,278.74615,278.74615,278.74615,278.64615
279.24615,279.64615,280.74615,280.94614,280.54614,280.74615,281.24615,281.24615,280.64615,280.54614,280.54614,281.24615,282.14615,281.84613,281.44614,281.24615,281.14615,280.74615,280.74615,280.64615,281.04614,281.34613,281.44614,281.54614,281.64615,281.44614,281.34613,281.74615,281.74615,281.54614,281.54614,281.44614,281.04614,280.84613,280.94614,280.94614,280.84613,280.74615,280.74615,280.74615,280.54614,280.44614,280.54614,280.74615,280.44614,280.14615,280.14615,280.24615,280.24615,280.04614,279.74615,279.44614,279.04614,279.04614,279.04614,279.04614,278.94614,278.74615,278.44614,278.04614
279.14615,279.34613,279.64615,280.04614,280.34613,280.54614,280.84613,280.94614,280.84613,280.54614,280.44614,280.74615,280.94614,280.64615,280.74615,281.14615,280.94614,280.14615,279.74615,279.74615,279.94614,279.94614,279.84613,279.84613,280.34613,280.54614,280.84613,281.24615,281.34613,281.34613,281.24615,280.54614,279.74615,279.84613,280.54614,281.04614,281.14615,281.04614,280.74615,280.54614,280.54614,280.64615,280.74615,280.74615,280.24615,279.84613,279.94614,280.04614,280.04614,280.14615,280.04614,279.94614,279.64615,279.34613,278.94614,278.74615,278.84613,278.64615,278.24615,277.84613
278.94614,279.14615,279.14615,279.44614,279.94614,280.04614,280.34613,280.64615,280.54614,280.04614,279.84613,279.84613,279.84613,279.74615,279.94614,280.04614,279.54614,278.94614,278.94614,279.24615,279.64615,279.54614,279.24615,278.94614,279.34613,280.04614,280.64615,280.94614,280.94614,280.74615,280.04614,279.04614,278.14615,278.04614,278.74615,279.24615,279.74615,279.64615,279.24615,279.24615,279.64615,280.04614,280.44614,280.54614,280.34613,280.14615,279.94614,279.74615,279.34613,279.24615,279.64615,280.14615,279.94614,279.54614,279.04614,278.74615,278.54614,278.14615,277.74615,277.84613
278.34613,278.54614,278.94614,279.34613,280.04614,280.14615,279.94614,279.64615,279.64615,279.64615,279.84613,279.84613,279.54614,279.14615,278.74615,278.54614,278.34613,278.14615,278.24615,278.64615,278.64615,279.14615,279.24615,278.74615,278.14615,277.94614,278.54614,279.04614,278.74615,278.84613,278.44614,278.44614,278.14615,277.74615,277.34613,277.24615,277.54614,277.64615,277.54614,277.34613,277.24615,277.34613,277.94614,278.34613,278.94614,279.04614,279.24615,279.04614,278.44614,278.34613,278.84613,279.34613,279.34613,279.04614,278.94614,278.74615,278.44614,277.94614,277.64615,277.74615
278.14615,278.34613,278.84613,279.34613,279.64615,279.24615,278.84613,278.94614,279.04614,278.94614,278.84613,278.34613,277.24615,276.54614,276.44614,276.94614,277.64615,277.84613,277.64615,277.44614,277.64615,278.04614,277.94614,277.14615,276.84613,277.54614,277.34613,276.34613,275.74615,276.34613,277.14615,277.74615,277.94614,277.74615,277.34613,277.14615,277.64615,277.54614,276.64615,276.54614,276.84613,276.94614,276.64615,276.24615,276.24615,276.44614,276.34613,276.74615,276.94614,277.64615,278.24615,278.64615,278.84613,278.74615,278.64615,278.64615,278.64615,278.54614,278.14615,278.04614
278.54614,278.34613,278.24615,278.64615,279.04614,278.64615,278.14615,278.04614,277.84613,277.34613,276.74615,276.94614,276.64615,276.34613,276.34613,276.74615,277.14615,276.84613,276.44614,276.44614,276.94614,277.14615,276.44614,276.04614,276.64615,277.64615,276.94614,275.64615,275.44614,276.04614,276.44614,275.64615,274.44614,272.94614,274.74615,276.14615,277.34613,277.74615,277.24615,276.54614,276.44614,276.24615,276.14615,276.04614,275.64615,275.04614,274.54614,274.34613,274.84613,275.64615,276.44614,277.44614,278.24615,278.44614,278.44614,278.64615,278.74615,278.34613,277.84613,277.74615
278.24615,277.84613,277.54614,277.74615,277.94614,277.94614,277.94614,277.94614,277.54614,276.64615,276.44614,276.84613,276.94614,276.64615,276.54614,276.24615,275.64615,275.04614,274.84613,274.84613,274.84613,274.94614,275.24615,275.64615,275.94614,275.84613,275.04614,274.14615,274.14615,274.54614,274.54614,273.94614,273.34613,272.94614,272.64615,272.74615,273.54614,274.54614,275.74615,276.04614,276.04614,275.84613,275.94614,275.74615,275.14615,274.54614,274.44614,274.44614,274.54614,275.04614,275.64615,276.14615,276.34613,276.34613,276.84613,277.54614,277.84613,277.84613,277.44614,277.04614
276.54614,277.14615,277.54614,277.34613,276.84613,276.64615,276.84613,276.84613,276.34613,275.94614,275.94614,275.94614,276.04614,275.74615,275.64615,275.54614,274.94614,274.44614,274.34613,273.94614,273.74615,273.94614,274.44614,274.64615,274.14615,273.74615,273.04614,272.74615,272.44614,272.44614,272.24615,272.04614,272.14615,272.04614,271.74615,271.54614,271.74615,272.04614,272.34613,273.24615,274.44614,274.44614,274.94614,274.94614,274.04614,273.74615,274.04614,274.34613,274.44614,275.04614,275.74615,276.04614,275.64615,275.54614,275.74615,276.24615,276.74615,277.04614,276.84613,276.14615
276.24615,276.54614,277.04614,277.04614,276.74615,276.64615,276.74615,276.44614,275.94614,275.74615,275.64615,275.34613,275.24615,275.24615,275.04614,274.94614,274.64615,274.34613,274.14615,273.94614,273.64615,273.34613,273.14615,273.04614,272.74615,272.74615,272.34613,272.04614,271.84613,271.64615,271.44614,271.24615,271.24615,271.24615,271.24615,271.24615,271.44614,271.84613,272.14615,272.14615,272.04614,271.94614,272.24615,272.54614,272.94614,273.44614,274.04614,274.34613,274.24615,274.34613,274.54614,274.64615,274.54614,274.74615,275.14615,275.44614,275.74615,276.04614,276.24615,275.74615
275.84613,275.44614,275.24615,275.34613,275.54614,275.94614,276.14615,275.94614,275.84613,275.84613,275.84613,275.34613,274.94614,274.44614,274.14615,273.74615,273.64615,273.64615,273.64615,273.44614,273.04614,273.04614,272.84613,272.54614,272.04614,271.64615,271.44614,271.34613,271.24615,271.24615,271.24615,271.24615,271.24615,271.24615,271.24615,271.24615,271.24615,271.24615,271.24615,271.24615,271.24615,271.24615,271.44614,271.94614,272.24615,272.64615,273.14615,273.54614,273.94614,274.04614,273.74615,273.44614,273.84613,273.74615,274.24615,274.04614,274.54614,274.54614,275.04614,274.94614
274.44614,274.14615,274.14615,274.34613,274.54614,274.64615,272.64615,274.34613,274.44614,273.04614,274.54614,274.14615,273.94614,273.54614,273.44614,273.34613,273.34613,273.24615,272.64615,272.64615,272.34613,272.24615,271.94614,271.54614,271.34613,271.34613,271.34613,271.24615,271.24615,271.24615,271.24615,271.24615,271.24615,271.24615,271.24615,271.24615,271.24615,271.24615,271.24615,271.24615,271.24615,271.24615,271.24615,271.24615,271.44614,271.94614,272.34613,272.64615,272.74615,272.54614,272.94614,273.04614,272.74615,272.94614,273.34613,273.84613,273.44614,273.54614,273.74615,273.44614
273.54614,273.24615,273.24615,273.44614,273.44614,273.34613,273.24615,273.24615,273.34613,273.44614,273.24615,272.94614,272.54614,272.54614,272.44614,272.64615,272.34613,271.84613,271.54614,271.44614,271.24615,271.24615,271.24615,271.24615,271.24615,271.24615,271.04614,269.44614,267.74615,268.84613,269.54614,271.04614,271.24615,271.24615,271.24615,271.24615,271.24615,271.24615,271.24615,271.24615,271.24615,271.24615,271.24615,271.24615,271.24615,271.24615,271.44614,271.94614,272.14615,272.34613,272.64615,272.54614,272.64615,272.84613,272.94614,273.04614,273.14615,272.94614,273.34613,273.24615
271.74615,272.94614,273.04614,272.14615,272.84613,272.54614,272.24615,271.94614,271.64615,271.64615,271.74615,271.84613,271.54614,270.34613,271.54614,271.24615,271.24615,271.24615,271.24615,271.24615,271.24615,271.24615,271.24615,271.24615,271.24615,271.24615,268.74615,264.54614,264.14615,264.34613,263.74615,265.24615,267.84613,270.74615,270.94614,270.44614,271.24615,269.84613,271.24615,271.24615,271.24615,271.24615,271.24615,271.24615,271.24615,271.24615,271.24615,271.44614,271.74615,271.94614,272.04614,272.24615,272.34613,272.84613,273.24615,273.44614,273.24615,273.04614,272.74615,272.84613
272.64615,272.14615,272.24615,272.04614,272.24615,271.94614,271.74615,271.54614,271.34613,271.24615,270.24615,268.84613,265.14615,263.24615,265.44614,265.34613,264.44614,265.04614,264.44614,263.64615,264.04614,267.64615,265.84613,265.24615,265.14615,264.64615,263.44614,261.14615,257.54614,256.74615,255.14615,255.64615,256.84613,261.44614,268.34613,269.54614,270.04614,270.84613,269.04614,267.94614,269.94614,270.14615,267.84613,270.34613,268.34613,271.24615,271.24615,271.24615,271.34613,271.64615,271.94614,272.24615,272.54614,272.74615,272.94614,273.04614,272.84613,272.84613,272.74615,272.64615
271.24615,271.34613,271.94614,265.94614,271.04614,269.04614,270.34613,270.94614,271.24615,268.04614,262.64615,256.64615,255.24614,253.44614,253.14615,253.14615,252.64615,251.74614,254.04614,255.64615,255.64615,256.54614,258.24615,257.04614,255.24614,256.34613,254.84615,252.84615,252.14615,251.94614,251.94614,252.04614,252.54614,254.04614,256.04614,257.64615,258.84613,258.04614,258.14615,257.14615,259.74615,261.54614,258.84613,264.14615,264.44614,271.14615,269.34613,271.24615,269.04614,270.44614,271.64615,271.84613,272.04614,272.04614,272.24615,272.24615,272.34613,272.24615,272.24615,272.24615
259.24615,261.54614,254.94614,261.94614,260.74615,260.94614,258.94614,254.64615,252.64615,252.54614,251.04614,249.84615,250.44614,249.44614,249.34615,249.74614,251.34615,252.04614,252.34615,253.34615,253.14615,253.64615,252.14615,253.44614,253.74614,253.84615,253.84615,253.94614,252.94614,252.54614,253.04614,252.44614,252.34615,251.54614,251.54614,252.44614,252.34615,251.64615,253.64615,252.94614,252.44614,253.74614,254.54614,254.24614,258.84613,267.14615,270.64615,267.44614,270.74615,270.84613,271.14615,271.54614,271.54614,271.64615,271.24615,271.54614,271.14615,271.54614,271.54614,271.74615
