nws-json/temp_20190823_18.f000.json
{"header": { "discipline":0, "disciplineName":"Meteorological products", "gribEdition":2, "gribLength":50151, "center":7, "centerName":"US National Weather Service - NCEP(WMC)", "subcenter":0, "refTime":"2019-08-23T18:00:00.000Z", "significanceOfRT":1, "significanceOfRTName":"Start of forecast", "productStatus":0, "productStatusName":"Operational products", "productType":1, "productTypeName":"Forecast products", "productDefinitionTemplate":0, "productDefinitionTemplateName":"Analysis/forecast at horizontal level/layer at a point in time", "parameterCategory":0, "parameterCategoryName":"Temperature", "parameterNumber":0, "parameterNumberName":"Temperature", "parameterUnit":"K", "genProcessType":2, "genProcessTypeName":"Forecast", "forecastTime":0, "surface1Type":1, "surface1TypeName":"Ground or water surface", "surface1Value":0.0, "surface2Type":255, "surface2TypeName":"Missing", "surface2Value":0.0, "gridDefinitionTemplate":0, "gridDefinitionTemplateName":"Latitude_Longitude", "numberPoints":65160, "shape":6, "shapeName":"Earth spherical with radius of 6,371,229.0 m", "gridUnits":"degrees", "resolution":48, "winds":"true", "scanMode":0, "nx":360, "ny":181, "basicAngle":0, "lo1":0.0, "la1":90.0, "lo2":359.0, "la2":-90.0, "dx":1.0, "dy":1.0 }, "data":
[rows 104 to 129 of 181, columns 240 to 299 of 360]
297.61493,297.21494,297.01495,297.01495,297.01495,296.91495,296.91495,296.81494,296.61493,296.41495,296.11493,296.01495,296.01495,295.61493,295.41495,295.31494,295.11493,295.11493,294.91495,294.51495,294.31494,294.21494,293.91495,293.61493,293.31494,293.01495,293.01495,293.01495,292.61493,291.41495,290.91495,290.71494,290.51495,290.51495,290.11493,289.41495,289.01495,288.81494,288.71494,288.41495,288.41495,288.31494,288.11493,287.41495,322.31494,312.61493,302.71494,309.31494,312.21494,293.11493,281.01495,299.11493,307.31494,310.91495,312.41495,314.01495,313.21494,309.21494,310.81494,303.91495
297.61493,297.21494,297.01495,296.91495,296.81494,296.71494,296.61493,296.51495,296.31494,296.31494,296.01495,295.61493,295.61493,295.31494,295.11493,295.01495,295.01495,294.81494,294.61493,294.21494,294.01495,293.81494,293.51495,293.21494,292.91495,292.71494,292.41495,292.21494,291.81494,291.41495,290.91495,290.41495,290.41495,290.31494,290.01495,289.41495,289.21494,289.21494,289.11493,288.91495,288.81494,288.51495,288.21494,287.71494,287.21494,326.81494,316.11493,295.81494,299.21494,304.61493,315.11493,285.41495,299.11493,307.91495,309.51495,311.31494,311.01495,309.71494,310.31494,312.21494
297.41495,297.11493,297.01495,296.71494,296.71494,296.61493,296.41495,296.41495,296.21494,296.21494,296.11493,295.81494,295.51495,295.31494,295.01495,294.91495,294.61493,294.51495,294.41495,294.31494,294.21494,294.01495,293.71494,293.31494,292.91495,292.71494,292.21494,291.81494,291.51495,290.81494,290.41495,289.91495,289.91495,290.01495,289.91495,289.51495,289.41495,289.31494,289.21494,288.91495,288.81494,288.61493,288.21494,287.71494,287.71494,287.41495,302.41495,325.91495,314.11493,304.71494,310.11493,286.61493,285.41495,299.21494,305.41495,307.81494,309.51495,308.71494,309.21494,312.21494
297.41495,297.11493,296.81494,296.41495,296.31494,296.11493,296.11493,295.91495,295.91495,296.01495,296.11493,295.81494,295.31494,295.01495,294.81494,294.81494,294.51495,294.21494,294.21494,293.91495,293.81494,293.81494,293.51495,293.21494,293.01495,292.71494,292.31494,291.81494,291.61493,291.01495,290.41495,290.11493,289.91495,289.91495,289.71494,289.61493,289.61493,289.51495,289.21494,288.81494,288.81494,288.71494,288.41495,288.21494,288.01495,288.11493,288.31494,288.91495,298.01495,321.31494,300.51495,307.61493,306.01495,297.51495,283.81494,302.81494,307.11493,306.91495,307.01495,302.21494
297.31494,297.01495,296.81494,296.41495,296.21494,296.01495,295.91495,295.71494,295.71494,295.91495,296.01495,295.71494,295.21494,294.91495,294.91495,294.91495,294.51495,294.11493,294.11493,293.81494,293.71494,293.81494,293.21494,293.01495,292.81494,292.71494,292.41495,291.91495,291.61493,291.51495,291.11493,290.61493,290.31494,290.11493,289.91495,290.01495,290.11493,289.91495,289.61493,289.31494,289.11493,288.91495,288.81494,288.61493,288.61493,288.61493,288.81494,289.01495,290.51495,290.01495,314.31494,303.61493,306.11493,308.71494,312.81494,301.81494,299.01495,309.41495,310.01495,309.91495
297.01495,296.71494,296.61493,296.51495,296.21494,296.21494,296.11493,296.01495,295.71494,295.71494,295.71494,295.41495,295.01495,294.71494,294.61493,294.61493,294.31494,294.21494,294.11493,293.81494,293.81494,293.61493,293.41495,293.31494,292.71494,292.51495,292.21494,291.91495,291.61493,291.41495,291.21494,290.81494,290.51495,290.31494,290.21494,290.31494,290.31494,290.11493,289.91495,289.61493,289.51495,289.01495,288.91495,289.01495,288.81494,288.61493,288.71494,288.81494,289.01495,290.01495,324.31494,300.91495,311.31494,284.61493,309.61493,307.11493,302.11493,312.41495,309.71494,307.61493
296.71494,296.61493,296.61493,296.31494,295.91495,295.91495,295.91495,295.91495,295.91495,296.11493,295.61493,295.31494,295.11493,294.71494,294.61493,294.41495,294.21494,294.11493,294.01495,293.81494,293.71494,293.71494,293.41495,293.31494,292.81494,292.61493,292.21494,291.71494,291.51495,291.21494,290.71494,290.41495,290.41495,290.21494,290.11493,290.31494,290.21494,289.81494,289.51495,289.41495,289.51495,289.41495,289.01495,288.71494,288.71494,288.51495,288.31494,288.11493,289.01495,289.41495,318.11493,305.01495,297.21494,307.31494,310.71494,307.01495,302.11493,310.11493,311.01495,311.61493
296.41495,296.31494,296.31494,296.11493,295.81494,295.61493,295.51495,295.31494,295.31494,295.31494,295.41495,295.21494,295.01495,295.01495,294.91495,294.51495,294.11493,293.91495,293.71494,293.51495,293.61493,293.81494,293.61493,293.31494,293.01495,292.61493,292.31494,291.81494,291.71494,291.11493,290.41495,290.11493,290.01495,290.11493,290.11493,290.31494,290.11493,289.61493,289.51495,289.41495,289.41495,289.41495,289.21494,288.71494,288.51495,288.61493,288.41495,288.31494,288.01495,288.21494,319.01495,318.11493,317.61493,307.51495,307.01495,312.11493,306.41495,305.61493,309.61493,315.01495
296.21494,295.91495,296.01495,296.11493,295.91495,295.61493,295.51495,295.11493,294.81494,294.81494,294.71494,294.71494,294.71494,294.81494,294.61493,294.41495,294.21494,294.71494,293.61493,293.31494,293.21494,293.51495,293.71494,293.31494,293.01495,292.61493,292.31494,291.61493,291.71494,291.21494,290.81494,290.31494,290.11493,290.01495,290.01495,290.31494,290.01495,289.71494,289.41495,289.31494,289.21494,289.51495,289.31494,289.01495,288.71494,288.61493,288.01495,287.61493,287.91495,287.61493,326.41495,316.31494,300.71494,297.91495,311.51495,302.91495,298.51495,312.41495,311.01495,315.61493
295.61493,295.41495,295.61493,295.51495,295.51495,295.41495,295.21494,294.91495,294.81494,294.51495,294.41495,294.21494,294.11493,294.21494,294.21494,294.01495,293.71494,293.91495,293.71494,293.31494,292.51495,292.51495,293.01495,293.11493,292.81494,292.51495,292.11493,291.91495,291.71494,291.31494,291.01495,290.61493,290.41495,290.11493,290.21494,290.21494,290.31494,289.91495,289.61493,289.41495,289.11493,289.01495,288.91495,288.91495,288.81494,288.61493,288.01495,287.31494,287.61493,287.81494,320.71494,314.91495,317.91495,297.61493,305.61493,299.71494,302.61493,309.51495,305.51495,308.31494
295.21494,295.21494,294.91495,294.51495,294.51495,294.51495,294.71494,294.71494,294.71494,294.41495,294.21494,294.01495,293.81494,294.11493,294.01495,293.61493,293.21494,293.21494,293.01495,292.81494,292.61493,292.81494,292.31494,292.51495,292.21494,291.81494,291.71494,291.71494,291.51495,291.51495,291.11493,290.91495,290.71494,290.41495,290.31494,290.01495,290.31494,290.31494,290.21494,289.71494,289.31494,288.81494,288.71494,288.61493,288.51495,288.41495,287.91495,287.41495,287.41495,287.11493,320.11493,317.11493,303.31494,282.31494,300.41495,299.21494,304.21494,308.41495,310.51495,304.81494
294.91495,294.91495,294.31494,293.91495,293.71494,293.81494,294.11493,294.41495,294.21494,293.91495,293.71494,293.71494,293.61493,293.61493,293.61493,293.41495,293.21494,292.91495,292.91495,292.81494,292.71494,292.41495,292.41495,292.61493,292.01495,291.41495,291.11493,291.01495,291.31494,291.31494,291.21494,291.21494,291.01495,290.31494,290.11493,289.81494,290.21494,290.11493,290.31494,289.71494,289.21494,288.41495,288.31494,288.21494,288.01495,288.01495,287.61493,287.41495,287.21494,287.11493,317.91495,300.41495,286.01495,282.11493,312.71494,302.81494,305.11493,308.61493,305.61493,304.61493
293.51495,294.01495,293.81494,293.51495,293.41495,293.61493,294.01495,293.91495,293.61493,293.41495,293.41495,293.41495,293.41495,293.31494,293.21494,293.21494,292.91495,292.61493,292.51495,292.31494,292.71494,292.91495,293.01495,292.41495,292.11493,291.71494,291.51495,291.11493,291.21494,291.31494,291.01495,290.91495,290.81494,289.91495,289.81494,290.21494,290.11493,290.21494,290.21494,289.31494,289.11493,288.61493,287.81494,287.61493,287.91495,288.11493,287.81494,287.41495,287.01495,287.31494,321.01495,292.21494,276.61493,270.31494,309.51495,299.71494,307.81494,305.31494,304.21494,303.11493
292.91495,293.31494,293.21494,293.11493,292.51495,292.61493,293.21494,293.41495,293.01495,293.21494,293.31494,292.91495,292.91495,292.81494,293.11493,292.91495,292.81494,292.51495,292.11493,292.01495,292.11493,292.11493,292.11493,291.81494,292.81494,291.51495,291.51495,291.61493,291.21494,291.01495,290.61493,290.31494,290.41495,290.21494,290.01495,290.11493,290.51495,290.31494,289.71494,289.41495,288.91495,288.71494,288.21494,288.01495,288.11493,288.21494,287.71494,286.91495,286.51495,286.51495,321.01495,282.11493,290.21494,306.81494,302.61493,306.51495,307.71494,304.91495,303.51495,301.51495
292.21494,292.41495,292.31494,292.01495,291.11493,291.21494,292.01495,292.51495,292.51495,292.61493,292.41495,292.11493,292.11493,292.21494,292.71494,292.61493,292.41495,292.01495,292.01495,292.31494,291.71494,291.31494,291.31494,291.11493,291.21494,291.31494,291.31494,291.41495,291.61493,291.61493,290.51495,290.21494,289.91495,289.91495,289.91495,289.81494,289.71494,290.31494,290.71494,289.61493,288.81494,288.51495,288.21494,288.01495,288.11493,288.01495,287.41495,286.41495,286.11493,313.41495,319.81494,268.11493,297.61493,313.51495,304.21494,305.41495,307.01495,305.41495,302.61493,300.31494
292.01495,291.21494,291.21494,291.21494,290.71494,291.21494,291.81494,291.71494,292.01495,292.61493,292.41495,292.11493,291.91495,291.61493,291.61493,291.71494,291.71494,291.61493,291.51495,291.91495,291.61493,291.01495,290.51495,290.61493,290.81494,290.91495,290.71494,290.61493,290.71494,291.11493,290.71494,290.01495,289.61493,289.81494,289.71494,289.41495,289.11493,289.61493,290.11493,289.51495,289.11493,288.61493,288.41495,288.21494,288.21494,288.11493,287.71494,286.61493,285.81494,318.41495,281.81494,297.21494,314.31494,303.81494,313.61493,306.91495,306.81494,304.11493,299.61493,301.41495
291.01495,290.51495,290.21494,290.51495,290.81494,291.21494,291.31494,290.61493,290.51495,290.61493,290.81494,291.11493,291.21494,290.91495,290.51495,290.41495,290.61493,290.81494,290.61493,290.41495,290.91495,290.91495,290.51495,290.21494,290.11493,290.11493,290.01495,289.91495,290.11493,290.21494,290.21494,290.21494,290.11493,290.11493,289.31494,289.11493,289.01495,288.81494,289.21494,289.11493,288.91495,288.71494,288.51495,288.61493,288.21494,287.41495,287.01495,286.31494,285.51495,316.71494,272.21494,307.91495,308.91495,310.51495,310.21494,304.61493,297.51495,302.71494,297.21494,296.81494
290.41495,289.81494,290.01495,290.21494,290.31494,290.51495,290.61493,290.21494,289.91495,289.81494,290.11493,290.41495,290.41495,290.11493,289.91495,289.71494,289.81494,290.11493,290.11493,289.31494,289.71494,290.11493,290.01495,289.81494,289.41495,289.61493,289.71494,289.61493,289.81494,289.71494,289.41495,289.31494,289.51495,289.71494,289.21494,289.31494,288.91495,288.71494,288.91495,288.91495,288.71494,288.11493,288.11493,288.31494,287.61493,286.51495,286.11493,286.11493,285.61493,314.31494,273.71494,306.41495,313.91495,308.11493,304.61493,303.01495,298.61493,296.91495,295.61493,294.71494
289.91495,289.41495,289.71494,289.71494,289.51495,289.81494,290.21494,290.11493,289.81494,289.81494,289.91495,289.81494,289.61493,289.61493,289.21494,288.91495,289.01495,289.51495,289.81494,289.51495,289.31494,289.31494,289.51495,289.71494,289.01495,289.01495,289.01495,288.91495,288.21494,288.31494,288.31494,288.31494,288.21494,288.41495,288.51495,288.61493,288.61493,288.61493,288.31494,288.31494,288.01495,287.41495,287.61493,287.11493,286.81494,286.31494,286.01495,285.51495,285.21494,308.61493,271.51495,303.11493,308.51495,305.11493,305.41495,300.71494,299.31494,295.71494,294.41495,294.81494
289.61493,289.51495,289.01495,288.81494,288.81494,288.71494,288.41495,288.11493,288.91495,289.61493,289.11493,288.71494,288.61493,288.71494,288.61493,288.21494,288.11493,288.51495,289.51495,289.41495,289.11493,288.81494,288.81494,288.81494,288.71494,288.31494,288.01495,287.41495,287.61493,287.81494,287.61493,287.91495,288.01495,287.91495,287.91495,288.01495,288.01495,287.81494,287.91495,287.71494,287.31494,287.11493,287.31494,286.81494,286.41495,286.21494,285.51495,285.21494,284.71494,301.41495,273.11493,300.01495,307.31494,303.51495,296.71494,299.41495,297.91495,296.31494,295.41495,293.41495
288.11493,288.21494,287.81494,287.91495,288.11493,287.91495,287.41495,286.91495,287.41495,288.41495,288.41495,288.01495,287.51495,287.61493,287.41495,287.51495,287.81494,287.51495,287.41495,288.21494,288.41495,288.51495,287.81494,287.31494,287.41495,287.51495,287.01495,286.91495,287.31494,287.31494,287.01495,287.01495,287.31494,287.61493,287.51495,287.21494,287.01495,287.11493,287.11493,287.31494,287.31494,286.91495,286.51495,286.41495,286.31494,285.81494,285.21494,284.91495,284.71494,298.61493,273.21494,305.91495,306.41495,305.61493,307.51495,304.11493,298.71494,297.51495,295.11493,293.11493
286.91495,286.81494,286.81494,287.01495,287.21494,287.41495,287.01495,286.71494,287.01495,287.31494,287.21494,287.11493,287.01495,286.71494,286.31494,286.51495,286.61493,286.51495,286.61493,286.81494,287.01495,287.21494,286.91495,286.61493,286.81494,286.91495,286.51495,286.41495,286.91495,287.21494,286.71494,286.51495,286.61493,286.91495,287.01495,286.81494,286.71494,286.71494,286.31494,286.41495,286.81494,286.71494,286.31494,286.31494,285.81494,285.51495,285.11493,284.51495,294.51495,293.41495,275.01495,302.81494,305.31494,304.51495,305.21494,300.01495,297.41495,295.21494,294.41495,293.71494
286.41495,286.31494,286.31494,286.21494,286.01495,285.91495,286.41495,286.41495,286.51495,286.71494,287.01495,287.01495,286.81494,286.31494,286.41495,286.11493,286.01495,286.41495,286.71494,286.41495,285.91495,285.81494,286.21494,286.51495,286.71494,286.71494,286.41495,285.71494,286.01495,286.81494,286.31494,286.01495,286.11493,286.01495,286.11493,286.31494,286.21494,285.91495,285.91495,286.11493,286.21494,286.61493,286.61493,286.11493,285.11493,284.91495,284.71494,284.21494,291.91495,286.71494,281.11493,296.21494,299.21494,303.01495,300.81494,300.21494,296.21494,294.91495,296.61493,294.11493
285.61493,284.81494,285.11493,285.71494,285.81494,285.41495,285.51495,286.11493,286.41495,286.41495,286.61493,286.81494,286.51495,285.51495,285.51495,285.51495,285.41495,285.51495,285.71494,286.41495,286.21494,285.51495,285.51495,285.71494,285.31494,285.01495,285.41495,285.61493,286.01495,286.71494,286.31494,285.91495,285.91495,285.71494,285.51495,285.51495,285.81494,285.81494,285.71494,285.41495,285.51495,285.81494,285.91495,285.51495,284.91495,284.81494,284.81494,288.31494,289.51495,277.51495,284.51495,297.81494,301.81494,302.81494,301.51495,298.61493,296.51495,293.91495,293.51495,292.61493
284.71494,284.21494,284.51495,285.21494,285.71494,285.41495,285.21494,285.41495,286.01495,285.71494,285.31494,285.11493,285.01495,284.91495,285.21494,285.01495,284.81494,284.51495,284.51495,285.21494,285.61493,285.11493,284.81494,285.11493,284.61493,284.11493,284.71494,285.01495,285.11493,285.51495,285.51495,285.31494,285.21494,285.11493,285.31494,285.51495,285.41495,285.31494,285.31494,285.11493,285.21494,285.21494,285.11493,284.91495,284.61493,284.51495,284.21494,287.71494,289.21494,274.01495,291.21494,293.11493,296.71494,300.01495,297.71494,298.41495,296.11493,292.41495,290.71494,292.51495
284.21494,284.31494,284.41495,284.41495,284.51495,284.51495,284.31494,284.71494,285.31494,285.31494,284.81494,284.81494,284.41495,284.41495,284.51495,284.11493,284.21494,284.21494,284.01495,283.81494,284.21494,284.11493,283.91495,284.01495,283.91495,283.71494,283.81494,283.71494,283.81494,284.11493,284.11493,284.11493,284.11493,284.21494,284.51495,284.91495,284.81494,284.81494,285.01495,285.01495,285.11493,285.11493,285.01495,284.81494,284.41495,284.21494,283.91495,287.51495,286.71494,279.01495,273.21494,293.61493,294.11493,296.11493,298.81494,296.41495,294.71494,293.01495,290.11493,288.61493
