nws-json/temp_20190823_12.f000.json
{"header": { "discipline":0, "disciplineName":"Meteorological products", "gribEdition":2, "gribLength":49747, "center":7, "centerName":"US National Weather Service - NCEP(WMC)", "subcenter":0, "refTime":"2019-08-23T12:00:00.000Z", "significanceOfRT":1, "significanceOfRTName":"Start of forecast", "productStatus":0, "productStatusName":"Operational products", "productType":1, "productTypeName":"Forecast products", "productDefinitionTemplate":0, "productDefinitionTemplateName":"Analysis/forecast at horizontal level/layer at a point in time", "parameterCategory":0, "parameterCategoryName":"Temperature", "parameterNumber":0, "parameterNumberName":"Temperature", "parameterUnit":"K", "genProcessType":2, "genProcessTypeName":"Forecast", "forecastTime":0, "surface1Type":1, "surface1TypeName":"Ground or water surface", "surface1Value":0.0, "surface2Type":255, "surface2TypeName":"Missing", "surface2Value":0.0, "gridDefinitionTemplate":0, "gridDefinitionTemplateName":"Latitude_Longitude", "numberPoints":65160, "shape":6, "shapeName":"Earth spherical with radius of 6,371,229.0 m", "gridUnits":"degrees", "resolution":48, "winds":"true", "scanMode":0, "nx":360, "ny":181, "basicAngle":0, "lo1":0.0, "la1":90.0, "lo2":359.0, "la2":-90.0, "dx":1.0, "dy":1.0 }, "data":
[rows 52 to 77 of 181, columns 300 to 359 of 360]
300.36157,300.26157,299.86157,299.76157,299.86157,299.86157,299.86157,299.76157,299.76157,299.86157,299.96158,299.86157,299.86157,299.96158,299.56158,299.06158,298.96158,299.06158,298.66156,298.06158,297.86157,298.06158,297.56158,297.46158,297.66156,297.36157,297.06158,296.76157,296.76157,296.76157,296.96158,296.46158,296.26157,295.96158,295.46158,295.86157,295.86157,295.66156,295.66156,295.46158,295.16156,294.96158,295.06158,294.86157,294.56158,294.46158,294.56158,294.36157,293.96158,294.06158,293.96158,293.06158,335.06158,316.16156,314.06158,317.26157,327.76157,321.86157,311.36157,315.66156
300.56158,300.56158,300.36157,300.16156,299.96158,299.96158,300.26157,300.26157,300.06158,300.06158,300.26157,300.16156,300.26157,299.76157,299.26157,298.86157,298.76157,299.26157,299.76157,299.66156,298.66156,298.66156,298.76157,298.66156,298.46158,298.06158,298.06158,297.86157,297.56158,297.86157,298.06158,297.76157,297.36157,297.56158,297.46158,296.86157,296.56158,296.26157,296.06158,295.96158,295.36157,295.16156,295.16156,295.16156,294.96158,294.66156,294.76157,294.56158,294.16156,294.16156,294.66156,295.86157,301.66156,295.86157,335.86157,314.26157,318.36157,317.26157,318.86157,298.96158
300.36157,300.66156,300.56158,300.46158,300.36157,300.26157,300.46158,300.46158,300.26157,300.26157,300.46158,300.26157,300.16156,299.86157,299.56158,299.36157,299.26157,299.56158,299.66156,299.26157,299.26157,299.76157,300.06158,299.56158,299.36157,298.96158,298.86157,298.96158,298.96158,298.76157,298.76157,298.46158,298.56158,298.66156,298.56158,298.36157,297.76157,297.16156,296.76157,296.56158,295.76157,295.56158,295.46158,295.56158,295.36157,295.06158,295.06158,294.86157,294.56158,294.76157,294.66156,294.36157,295.36157,296.06158,295.16156,295.16156,296.76157,296.96158,298.06158,298.06158
300.56158,300.76157,300.56158,300.66156,301.06158,300.96158,300.76157,300.56158,300.36157,300.46158,300.66156,300.76157,300.76157,300.06158,300.06158,299.96158,299.96158,299.96158,299.86157,299.36157,299.76157,300.16156,300.16156,300.06158,299.86157,299.46158,299.56158,299.56158,299.26157,299.06158,299.16156,299.46158,299.36157,299.06158,299.56158,299.66156,298.66156,297.96158,297.56158,297.36157,296.86157,296.26157,295.96158,295.76157,295.66156,295.26157,295.06158,294.96158,295.06158,295.06158,294.96158,295.16156,296.56158,297.16156,340.66156,321.56158,325.96158,320.66156,318.96158,326.16156
301.06158,300.96158,300.56158,300.76157,301.26157,301.46158,301.06158,300.46158,300.26157,300.86157,301.46158,301.66156,301.46158,300.76157,300.66156,300.56158,300.66156,300.66156,300.46158,299.96158,300.16156,300.26157,299.96158,300.46158,300.46158,300.56158,300.16156,300.06158,299.86157,299.46158,299.46158,300.16156,300.36157,299.96158,300.16156,299.36157,298.96158,298.46158,298.06158,297.56158,297.06158,296.76157,296.36157,295.96158,295.86157,295.46158,295.26157,295.16156,295.16156,295.06158,295.46158,296.16156,296.96158,296.76157,335.86157,321.96158,326.96158,327.36157,326.26157,325.36157
301.36157,301.36157,301.26157,301.16156,301.36157,301.56158,301.36157,300.96158,300.86157,301.56158,301.76157,301.76157,301.66156,301.56158,301.56158,301.26157,301.06158,300.76157,300.76157,300.16156,300.16156,300.36157,300.66156,300.46158,300.46158,300.46158,300.16156,300.26157,300.16156,299.66156,299.66156,300.36157,300.26157,299.76157,300.26157,299.66156,298.76157,298.36157,297.76157,297.26157,296.96158,296.66156,296.16156,296.06158,295.66156,295.26157,294.96158,294.76157,294.76157,294.86157,295.26157,294.86157,336.46158,335.76157,327.46158,320.66156,330.76157,318.66156,319.66156,322.66156
301.56158,301.66156,302.16156,301.96158,301.56158,301.56158,302.06158,302.16156,302.16156,302.06158,301.96158,301.76157,301.66156,301.56158,301.46158,301.16156,301.06158,300.96158,300.66156,300.36157,300.36157,300.56158,300.66156,300.26157,300.16156,300.36157,300.36157,300.26157,300.26157,299.86157,299.76157,299.86157,299.36157,299.46158,299.66156,299.46158,298.36157,297.76157,297.36157,297.06158,296.86157,296.46158,296.56158,295.86157,295.16156,294.56158,294.36157,294.26157,294.46158,294.36157,293.06158,340.76157,339.96158,330.96158,309.96158,326.26157,328.06158,330.76157,327.16156,329.26157
301.86157,301.76157,302.06158,301.86157,301.56158,301.56158,301.86157,301.86157,301.96158,301.86157,301.66156,301.56158,301.46158,301.16156,300.96158,300.96158,300.76157,300.66156,300.46158,300.56158,300.46158,300.46158,300.26157,300.36157,300.36157,300.26157,300.16156,300.16156,300.16156,299.96158,299.96158,299.06158,299.06158,299.56158,299.26157,298.96158,298.16156,297.66156,297.56158,297.16156,296.76157,296.46158,295.86157,295.16156,294.66156,294.36157,294.06158,293.86157,294.26157,293.26157,291.26157,309.76157,321.66156,331.86157,326.46158,335.46158,335.66156,333.26157,326.86157,328.76157
302.16156,302.06158,302.06158,301.76157,301.76157,301.66156,301.46158,301.46158,301.46158,301.26157,301.26157,301.26157,300.86157,300.36157,300.16156,300.06158,300.16156,300.36157,300.46158,300.36157,300.46158,300.26157,300.16156,300.36157,300.46158,300.16156,300.06158,300.16156,300.26157,300.16156,299.66156,299.26157,299.56158,299.66156,299.16156,298.56158,298.06158,297.66156,297.56158,297.66156,296.86157,295.96158,295.36157,294.66156,294.36157,294.06158,294.06158,293.86157,293.86157,293.16156,291.66156,333.76157,328.96158,331.56158,333.56158,332.96158,334.86157,335.06158,332.26157,332.86157
302.36157,302.36157,302.26157,302.06158,301.96158,301.66156,301.46158,301.56158,301.36157,301.06158,301.06158,301.06158,300.76157,300.26157,300.16156,300.26157,300.26157,300.26157,300.36157,300.46158,300.56158,300.26157,300.16156,300.26157,300.06158,299.76157,299.66156,299.86157,299.76157,299.76157,299.46158,299.36157,299.56158,299.46158,298.76157,298.56158,298.06158,297.56158,297.56158,297.36157,296.26157,295.06158,294.86157,294.96158,294.66156,294.26157,294.36157,293.76157,292.76157,292.06158,335.06158,333.76157,334.66156,334.76157,331.76157,335.46158,334.96158,334.66156,332.86157,335.16156
302.36157,302.26157,302.26157,302.16156,301.96158,301.76157,301.66156,301.56158,301.36157,301.06158,300.96158,300.86157,300.66156,300.46158,300.46158,300.26157,300.26157,300.26157,300.46158,300.36157,300.26157,300.26157,300.36157,299.86157,299.66156,299.66156,299.76157,299.76157,299.56158,299.66156,299.36157,299.36157,299.66156,298.76157,298.26157,298.06158,297.66156,297.26157,297.16156,296.46158,295.66156,295.56158,295.66156,295.36157,294.86157,294.26157,294.36157,292.76157,320.56158,333.56158,331.76157,330.96158,331.86157,332.26157,327.36157,330.56158,333.26157,334.86157,334.56158,337.86157
302.16156,301.96158,302.16156,302.16156,302.06158,301.76157,301.66156,301.56158,301.26157,301.16156,300.96158,300.86157,300.86157,300.76157,300.66156,300.46158,300.56158,300.56158,300.36157,300.36157,300.26157,300.66156,300.66156,299.96158,299.56158,299.26157,299.36157,299.66156,299.96158,299.56158,299.26157,299.06158,298.56158,298.26157,297.96158,297.76157,297.26157,296.76157,296.36157,295.86157,296.06158,296.46158,296.56158,295.56158,295.96158,294.16156,292.96158,328.16156,333.36157,337.56158,335.96158,330.26157,329.16156,328.96158,329.96158,332.96158,331.26157,333.26157,333.66156,332.26157
302.06158,302.06158,302.16156,302.06158,301.96158,301.76157,301.66156,301.56158,301.26157,301.06158,300.86157,300.76157,300.66156,300.66156,300.76157,300.56158,300.46158,300.26157,300.16156,300.16156,300.16156,300.16156,299.96158,299.86157,299.56158,299.46158,299.66156,299.56158,298.96158,298.86157,298.76157,298.46158,298.06158,297.96158,297.76157,297.56158,297.06158,296.76157,296.36157,296.16156,296.26157,296.56158,295.96158,295.26157,294.76157,293.76157,323.56158,330.56158,331.96158,331.96158,333.06158,331.76157,327.86157,328.56158,330.86157,332.46158,333.26157,331.56158,329.36157,334.76157
301.86157,301.96158,301.86157,301.86157,301.86157,301.76157,301.56158,301.56158,301.26157,301.06158,300.86157,300.56158,300.46158,300.56158,300.46158,300.36157,300.26157,300.06158,299.86157,299.66156,299.56158,299.56158,299.36157,299.56158,299.56158,299.46158,299.26157,298.86157,298.56158,298.46158,298.16156,297.96158,297.96158,297.66156,297.46158,297.26157,296.96158,296.56158,296.46158,296.46158,296.16156,296.16156,295.76157,294.56158,292.06158,290.76157,328.06158,329.46158,333.96158,336.66156,334.16156,332.76157,329.36157,329.36157,329.96158,335.26157,337.36157,326.36157,332.66156,329.26157
301.66156,301.66156,301.56158,301.56158,301.66156,301.76157,301.46158,301.26157,301.16156,300.96158,300.86157,300.76157,300.66156,300.56158,300.46158,300.26157,300.16156,300.06158,299.86157,299.36157,299.26157,299.26157,299.16156,299.16156,299.16156,299.16156,298.86157,298.56158,298.56158,298.56158,298.16156,298.06158,297.96158,297.86157,297.36157,297.06158,296.96158,296.56158,296.46158,296.36157,296.06158,295.76157,294.76157,293.26157,291.26157,320.46158,324.36157,327.56158,326.76157,330.96158,333.66156,336.06158,334.36157,335.06158,338.46158,333.26157,333.56158,333.36157,334.26157,326.26157
301.56158,301.56158,301.46158,301.46158,301.46158,301.36157,301.06158,301.06158,301.06158,300.86157,300.66156,300.86157,300.76157,300.46158,300.26157,300.16156,300.06158,300.06158,299.86157,299.36157,299.16156,299.16156,298.96158,298.76157,298.76157,298.86157,298.56158,298.26157,298.36157,298.26157,297.96158,297.86157,297.76157,297.46158,297.26157,297.06158,297.06158,296.66156,296.16156,296.06158,296.06158,295.46158,294.46158,291.86157,324.56158,328.76157,328.26157,327.96158,327.36157,328.16156,328.76157,330.16156,330.86157,329.76157,334.76157,336.16156,333.76157,334.46158,327.86157,317.86157
301.46158,301.56158,301.46158,301.46158,301.36157,301.06158,300.86157,300.86157,300.96158,300.66156,300.36157,300.56158,300.76157,300.56158,300.16156,300.16156,300.06158,299.96158,299.76157,299.26157,299.06158,299.06158,298.86157,298.76157,298.56158,298.76157,298.56158,298.36157,298.36157,297.96158,297.66156,297.76157,297.86157,297.66156,297.26157,297.16156,297.26157,296.76157,296.16156,295.96158,295.86157,295.26157,293.56158,291.96158,329.76157,330.86157,330.76157,328.56158,326.86157,324.56158,324.26157,325.16156,327.06158,327.06158,333.46158,331.66156,331.96158,329.06158,328.16156,325.46158
301.36157,301.36157,301.46158,301.36157,301.26157,301.16156,300.86157,300.76157,300.66156,300.56158,300.36157,300.26157,300.46158,300.46158,300.26157,299.96158,299.86157,299.66156,299.46158,299.06158,298.86157,298.86157,298.96158,298.76157,298.66156,298.66156,298.56158,298.26157,298.06158,297.86157,297.76157,297.96158,298.06158,297.86157,297.46158,297.36157,297.06158,296.76157,296.36157,295.96158,295.76157,294.96158,293.06158,294.26157,328.96158,328.86157,325.96158,327.86157,331.96158,322.36157,324.66156,323.36157,325.16156,327.56158,330.76157,330.06158,327.96158,328.46158,323.86157,329.36157
301.36157,301.26157,301.36157,301.26157,301.26157,301.16156,300.96158,300.76157,300.66156,300.56158,300.46158,300.26157,300.26157,300.36157,300.26157,299.86157,299.66156,299.46158,299.36157,299.06158,298.86157,298.86157,298.86157,298.76157,298.66156,298.66156,298.36157,298.26157,298.16156,298.16156,298.16156,298.16156,297.96158,297.86157,297.66156,297.46158,297.16156,296.96158,296.46158,295.96158,295.66156,295.86157,295.06158,295.36157,326.36157,321.36157,328.16156,326.66156,320.86157,319.56158,319.86157,321.56158,322.36157,323.66156,323.86157,322.86157,319.86157,323.66156,323.96158,325.46158
301.56158,301.46158,301.36157,301.16156,301.16156,301.06158,300.76157,300.56158,300.56158,300.46158,300.26157,300.06158,300.16156,300.26157,300.16156,299.76157,299.56158,299.56158,299.46158,299.16156,298.96158,298.96158,298.76157,298.56158,298.46158,298.26157,298.36157,298.36157,298.46158,298.46158,298.36157,298.16156,297.76157,297.66156,297.56158,297.36157,297.16156,297.06158,296.96158,296.66156,296.16156,297.06158,297.76157,298.06158,320.36157,318.16156,319.26157,320.56158,317.66156,319.86157,320.66156,322.16156,320.66156,319.46158,316.46158,318.16156,319.76157,318.86157,315.56158,310.06158
301.66156,301.46158,301.36157,301.16156,301.16156,300.96158,300.66156,300.46158,300.36157,300.36157,300.26157,300.16156,300.06158,300.06158,300.06158,299.76157,299.66156,299.56158,299.46158,299.16156,299.06158,299.06158,298.96158,298.76157,298.56158,298.56158,298.36157,298.46158,298.56158,298.66156,298.46158,298.56158,297.96158,298.16156,297.66156,297.56158,297.26157,297.46158,297.16156,296.96158,297.66156,297.96158,298.66156,299.06158,306.26157,317.76157,317.66156,316.86157,319.16156,317.76157,316.96158,316.36157,320.16156,319.46158,318.66156,316.26157,317.96158,313.26157,308.26157,305.26157
301.66156,301.66156,301.56158,301.46158,301.16156,300.96158,300.76157,300.66156,300.56158,300.36157,300.46158,300.36157,300.06158,300.06158,299.86157,299.86157,299.76157,299.56158,299.46158,299.36157,299.46158,299.36157,299.06158,299.06158,299.16156,298.96158,298.76157,298.76157,298.66156,298.96158,298.86157,298.96158,298.76157,298.66156,298.56158,303.56158,297.66156,297.86157,297.76157,298.16156,297.76157,298.26157,298.86157,299.56158,317.16156,317.56158,316.86157,315.86157,316.86157,318.26157,319.66156,319.06158,319.56158,319.96158,319.66156,318.96158,316.46158,314.76157,309.26157,302.76157
301.76157,301.66156,301.66156,301.56158,301.26157,301.16156,300.96158,300.86157,300.56158,300.56158,300.76157,300.66156,300.26157,300.26157,300.16156,299.96158,299.86157,299.56158,299.46158,299.46158,299.56158,299.46158,299.26157,299.16156,299.36157,299.36157,299.16156,298.96158,298.96158,299.06158,298.96158,298.96158,299.16156,299.36157,299.56158,298.76157,298.36157,298.66156,298.56158,298.86157,298.56158,298.96158,299.26157,299.76157,314.96158,312.96158,313.56158,316.46158,316.76157,316.96158,313.86157,315.06158,314.56158,317.96158,318.46158,312.96158,309.56158,306.06158,301.86157,302.16156
301.86157,301.86157,301.76157,301.76157,301.66156,301.36157,301.06158,300.96158,300.56158,300.56158,300.56158,300.56158,300.36157,299.96158,300.06158,300.16156,300.16156,299.96158,299.86157,299.76157,299.66156,299.46158,299.36157,299.36157,299.66156,299.46158,299.26157,299.26157,299.26157,299.36157,299.16156,299.46158,299.56158,299.96158,300.06158,299.06158,299.26157,298.86157,299.06158,299.86157,300.16156,300.06158,299.86157,312.16156,310.56158,308.46158,305.46158,310.66156,309.56158,308.76157,309.06158,309.56158,311.56158,311.86157,312.56158,313.46158,299.56158,300.76157,305.96158,303.56158
301.86157,301.86157,301.66156,301.66156,301.56158,301.26157,301.06158,300.96158,300.66156,300.56158,300.36157,300.36157,300.26157,300.36157,300.46158,300.56158,300.46158,300.16156,300.16156,299.96158,299.76157,299.56158,299.76157,299.66156,299.66156,299.66156,299.56158,299.46158,299.56158,299.76157,299.96158,299.76157,300.16156,300.26157,299.76157,299.56158,299.16156,299.06158,299.76157,300.36157,300.76157,300.66156,300.16156,300.36157,307.96158,306.06158,301.86157,307.06158,307.56158,304.26157,305.76157,305.46158,306.06158,300.66156,308.16156,299.46158,303.96158,302.56158,312.36157,313.56158
301.76157,301.66156,301.56158,301.56158,301.46158,301.46158,301.36157,301.16156,301.06158,300.86157,300.76157,300.76157,300.76157,300.76157,300.86157,300.96158,300.96158,300.46158,300.26157,300.26157,300.16156,299.96158,299.86157,300.06158,299.96158,299.76157,299.46158,299.76157,299.96158,299.66156,299.66156,299.76157,300.36157,300.46158,300.16156,299.76157,299.36157,298.86157,299.26157,299.96158,300.36157,300.16156,300.36157,300.46158,302.46158,303.36157,303.46158,302.76157,303.36157,301.86157,301.66156,299.56158,298.36157,305.36157,299.36157,301.46158,298.66156,306.96158,311.06158,310.16156
