nws-json/temp_20190823_12.f000.json
{"header": { "discipline":0, "disciplineName":"Meteorological products", "gribEdition":2, "gribLength":49747, "center":7, "centerName":"US National Weather Service - NCEP(WMC)", "subcenter":0, "refTime":"2019-08-23T12:00:00.000Z", "significanceOfRT":1, "significanceOfRTName":"Start of forecast", "productStatus":0, "productStatusName":"Operational products", "productType":1, "productTypeName":"Forecast products", "productDefinitionTemplate":0, "productDefinitionTemplateName":"Analysis/forecast at horizontal level/layer at a point in time", "parameterCategory":0, "parameterCategoryName":"Temperature", "parameterNumber":0, "parameterNumberName":"Temperature", "parameterUnit":"K", "genProcessType":2, "genProcessTypeName":"Forecast", "forecastTime":0, "surface1Type":1, "surface1TypeName":"Ground or water surface", "surface1Value":0.0, "surface2Type":255, "surface2TypeName":"Missing", "surface2Value":0.0, "gridDefinitionTemplate":0, "gridDefinitionTemplateName":"Latitude_Longitude", "numberPoints":65160, "shape":6, "shapeName":"Earth spherical with radius of 6,371,229.0 m", "gridUnits":"degrees", "resolution":48, "winds":"true", "scanMode":0, "nx":360, "ny":181, "basicAngle":0, "lo1":0.0, "la1":90.0, "lo2":359.0, "la2":-90.0, "dx":1.0, "dy":1.0 }, "data":
[rows 130 to 155 of 181, columns 240 to 299 of 360]
283.76157,283.86157,283.86157,283.96158,283.66156,283.46158,282.96158,283.56158,283.86157,283.76157,283.56158,283.56158,283.76157,283.56158,283.46158,282.76157,283.16156,283.56158,283.36157,282.66156,282.86157,283.16156,283.26157,283.46158,283.76157,283.66156,283.36157,283.16156,283.36157,283.66156,283.96158,283.86157,283.76157,284.06158,284.36157,284.46158,284.26157,284.66156,284.86157,284.96158,284.76157,284.76157,284.76157,284.36157,284.06158,284.06158,283.76157,279.86157,276.16156,275.16156,279.26157,277.96158,278.96158,282.36157,282.06158,282.86157,282.36157,282.26157,280.56158,282.56158
283.56158,283.26157,283.06158,283.26157,282.96158,282.66156,282.86157,282.86157,282.76157,282.86157,283.16156,283.16156,282.96158,283.16156,282.86157,282.56158,282.76157,283.06158,283.16156,282.86157,282.66156,282.56158,282.76157,283.06158,283.16156,283.16156,282.66156,282.86157,283.16156,283.16156,283.66156,283.86157,283.76157,283.96158,284.16156,283.86157,283.86157,284.26157,284.36157,284.26157,284.26157,284.26157,283.96158,283.76157,283.46158,283.56158,283.26157,280.56158,275.06158,272.06158,274.06158,276.86157,277.06158,277.96158,281.06158,284.16156,282.96158,280.96158,282.06158,282.86157
282.76157,282.76157,282.66156,282.86157,282.66156,282.06158,282.06158,281.96158,282.06158,282.46158,282.76157,282.76157,282.46158,282.06158,282.06158,281.96158,282.06158,282.26157,282.76157,282.66156,282.46158,282.16156,282.36157,282.56158,282.56158,282.66156,282.36157,282.26157,282.36157,282.26157,282.66156,283.16156,283.36157,282.96158,282.86157,283.06158,283.16156,283.56158,283.76157,283.46158,283.36157,283.36157,283.36157,283.36157,282.96158,283.06158,281.66156,282.96158,274.06158,271.86157,275.96158,271.16156,273.26157,279.56158,279.86157,282.86157,283.56158,283.36157,283.26157,282.56158
281.46158,281.56158,281.96158,282.06158,282.26157,282.06158,281.66156,281.86157,282.16156,282.16156,282.16156,282.36157,282.06158,281.46158,281.76157,281.96158,281.86157,281.96158,282.36157,282.36157,282.26157,281.86157,281.76157,281.96158,281.86157,281.66156,281.56158,281.66156,281.96158,281.96158,282.36157,282.66156,282.36157,281.96158,281.86157,282.26157,282.16156,282.46158,282.96158,283.26157,283.26157,283.06158,282.86157,282.56158,282.36157,282.76157,279.76157,282.66156,272.96158,271.86157,275.66156,275.76157,275.36157,281.76157,280.66156,281.46158,282.46158,282.26157,281.86157,280.46158
280.76157,281.06158,280.96158,280.96158,281.26157,281.56158,281.26157,281.46158,281.76157,281.86157,281.76157,281.76157,281.66156,281.56158,281.76157,281.76157,281.56158,281.66156,281.96158,281.86157,281.66156,281.46158,281.56158,281.96158,281.76157,281.26157,280.96158,281.16156,281.46158,281.56158,281.96158,282.06158,281.36157,281.16156,281.76157,282.06158,281.96158,282.06158,282.36157,282.66156,282.66156,282.56158,282.36157,282.06158,282.16156,282.36157,282.16156,277.26157,272.16156,272.16156,273.66156,278.36157,278.46158,279.36157,279.16156,281.76157,281.76157,281.36157,280.86157,279.76157
280.76157,280.96158,280.76157,280.46158,280.36157,280.56158,280.76157,280.66156,281.06158,281.36157,281.26157,281.26157,281.46158,281.26157,281.16156,281.06158,281.16156,281.46158,281.26157,280.86157,280.76157,280.96158,281.26157,281.46158,281.06158,280.86157,280.96158,281.06158,281.06158,280.86157,281.06158,281.36157,281.06158,281.16156,281.86157,282.16156,282.06158,281.96158,281.66156,282.06158,282.46158,282.16156,281.66156,281.56158,281.76157,281.86157,278.16156,275.06158,271.46158,273.16156,278.56158,277.56158,277.26157,277.76157,280.66156,281.66156,281.16156,280.76157,280.06158,279.36157
280.06158,280.06158,280.16156,280.26157,280.06158,280.06158,280.26157,280.36157,280.66156,280.76157,280.46158,280.46158,280.76157,280.66156,280.56158,280.46158,280.66156,280.76157,280.56158,280.46158,280.46158,280.66156,280.76157,280.56158,280.46158,280.56158,280.86157,280.66156,280.76157,280.66156,280.46158,280.56158,280.36157,280.36157,280.86157,281.26157,281.26157,281.66156,281.76157,281.66156,281.56158,281.56158,281.46158,281.16156,281.36157,278.56158,276.96158,272.86157,267.46158,273.16156,276.46158,277.46158,277.36157,280.96158,281.56158,281.56158,280.86157,280.16156,279.76157,279.06158
279.56158,279.56158,279.66156,279.96158,279.96158,280.06158,280.06158,279.86157,280.16156,280.46158,280.26157,280.06158,280.06158,280.06158,280.06158,280.26157,280.26157,280.16156,279.96158,280.06158,280.26157,280.46158,280.16156,279.66156,279.76157,279.86157,279.76157,279.96158,280.06158,280.06158,279.96158,279.96158,279.96158,279.96158,280.46158,280.66156,280.56158,280.76157,281.36157,281.16156,281.06158,281.26157,281.16156,280.66156,280.76157,280.56158,276.56158,270.66156,265.06158,267.16156,273.36157,273.76157,277.76157,277.96158,279.66156,280.16156,280.36157,279.76157,278.96158,277.66156
279.56158,279.56158,279.36157,279.56158,279.46158,279.46158,279.36157,279.36157,279.66156,279.86157,279.86157,280.06158,280.06158,279.86157,279.76157,279.66156,279.86157,279.86157,279.96158,279.86157,279.66156,279.16156,278.66156,278.56158,278.86157,278.76157,278.86157,279.16156,279.46158,279.36157,279.16156,279.16156,279.16156,279.46158,280.06158,280.36157,280.16156,280.16156,280.36157,280.36157,280.76157,281.16156,280.96158,280.56158,280.36157,278.06158,277.76157,271.86157,270.36157,272.76157,273.66156,274.16156,277.26157,277.06158,277.46158,279.36157,279.06158,278.46158,277.66156,276.66156
279.26157,279.26157,279.26157,279.16156,279.06158,279.06158,279.06158,278.96158,279.16156,279.16156,279.46158,279.76157,279.76157,279.56158,279.36157,279.36157,279.46158,279.46158,279.46158,278.96158,278.16156,277.66156,277.66156,277.96158,278.36157,278.26157,278.46158,278.66156,278.86157,278.86157,278.46158,278.36157,278.66156,279.06158,279.36157,279.66156,279.66156,279.56158,279.56158,279.76157,280.06158,280.56158,280.76157,280.46158,280.06158,276.46158,273.26157,270.86157,267.86157,272.76157,276.06158,276.26157,275.96158,278.96158,279.06158,278.76157,278.16156,277.86157,277.36157,276.66156
278.86157,278.96158,278.86157,278.56158,278.16156,278.46158,278.86157,278.76157,278.56158,278.36157,278.56158,278.96158,278.96158,279.06158,279.06158,279.06158,278.96158,278.46158,278.36157,278.06158,277.56158,277.26157,277.26157,277.46158,277.86157,278.16156,278.16156,278.16156,278.26157,278.36157,278.16156,278.06158,278.46158,279.06158,279.16156,279.16156,279.16156,279.26157,279.26157,279.46158,279.56158,279.66156,279.86157,279.66156,279.66156,278.56158,273.26157,263.26157,272.06158,273.06158,275.36157,276.66156,277.16156,278.56158,278.56158,277.86157,277.16156,276.96158,276.96158,276.46158
278.56158,278.56158,278.36157,278.06158,277.96158,278.26157,278.36157,278.16156,277.76157,277.46158,277.66156,278.16156,278.56158,278.76157,278.76157,278.86157,278.76157,278.26157,277.96158,277.56158,277.26157,277.16156,277.36157,277.56158,277.86157,277.96158,278.06158,277.96158,278.06158,278.36157,278.36157,278.26157,278.56158,278.76157,278.86157,278.96158,279.06158,278.96158,278.86157,278.86157,278.96158,279.46158,279.86157,280.06158,279.86157,278.06158,274.76157,267.86157,272.36157,274.86157,275.66156,277.96158,278.86157,278.66156,277.96158,277.46158,277.06158,276.66156,276.16156,275.76157
278.26157,278.36157,278.36157,278.36157,278.46158,278.36157,278.16156,277.76157,277.66156,277.56158,277.66156,277.96158,278.16156,278.26157,278.26157,278.46158,278.46158,278.16156,277.66156,277.46158,277.46158,277.46158,277.46158,277.66156,277.76157,277.76157,277.66156,277.66156,277.76157,277.96158,278.06158,278.16156,278.36157,278.56158,278.46158,278.46158,278.46158,278.26157,278.26157,278.36157,278.56158,278.96158,279.16156,279.26157,279.36157,276.46158,275.26157,273.36157,274.56158,275.06158,276.06158,275.46158,277.46158,277.86157,277.46158,277.36157,277.46158,277.06158,276.56158,276.26157
278.26157,278.36157,277.96158,277.66156,278.16156,278.26157,277.96158,277.46158,277.56158,277.66156,277.46158,277.46158,277.66156,277.96158,277.86157,277.96158,277.96158,277.86157,277.86157,277.46158,277.36157,277.26157,277.06158,276.96158,276.76157,276.86157,276.96158,277.06158,277.06158,277.36157,277.76157,277.96158,278.06158,277.96158,277.96158,277.86157,277.56158,277.36157,277.46158,277.66156,277.56158,277.56158,277.76157,278.36157,278.56158,278.36157,275.86157,273.36157,273.96158,276.46158,274.76157,273.66156,276.26157,277.16156,277.36157,277.56158,277.36157,276.66156,276.16156,276.16156
277.96158,277.86157,277.36157,276.96158,277.46158,277.76157,277.86157,277.66156,277.46158,277.36157,277.16156,277.36157,277.66156,277.56158,277.56158,277.86157,277.86157,277.66156,277.76157,277.66156,277.46158,277.06158,276.46158,276.16156,276.26157,276.46158,276.66156,276.56158,276.66156,277.16156,277.46158,277.66156,277.76157,277.76157,277.66156,277.46158,277.36157,277.26157,277.06158,276.96158,276.96158,277.26157,278.16156,278.66156,278.46158,278.06158,278.26157,278.36157,273.96158,277.06158,274.36157,273.66156,274.46158,276.46158,277.76157,278.06158,277.56158,276.26157,275.46158,275.16156
277.46158,277.16156,276.66156,276.76157,277.06158,277.26157,277.46158,277.36157,277.06158,276.96158,276.96158,277.06158,277.26157,276.96158,277.06158,277.36157,277.66156,277.56158,277.36157,277.26157,277.16156,276.86157,276.36157,275.86157,275.86157,275.96158,275.96158,275.96158,276.26157,276.66156,277.06158,277.26157,277.26157,277.26157,277.06158,276.86157,276.96158,276.96158,276.66156,276.56158,276.76157,277.26157,277.96158,278.26157,278.16156,277.86157,278.06158,278.66156,279.06158,278.06158,274.86157,271.56158,271.86157,277.46158,277.66156,278.06158,277.26157,276.06158,275.26157,274.96158
276.76157,276.96158,276.96158,276.96158,276.66156,276.46158,276.66156,276.86157,276.76157,277.06158,277.26157,277.16156,276.76157,276.46158,276.36157,276.36157,276.56158,276.76157,276.96158,276.76157,276.46158,276.16156,275.86157,275.86157,275.96158,275.96158,275.86157,275.96158,276.26157,276.46158,276.56158,276.76157,276.96158,277.06158,277.06158,277.16156,277.16156,277.06158,276.86157,276.76157,276.96158,277.16156,277.46158,277.66156,277.96158,277.76157,277.76157,277.86157,278.06158,278.16156,278.56158,278.76157,278.46158,278.06158,276.96158,276.26157,275.46158,274.56158,274.06158,273.76157
275.86157,276.16156,276.46158,276.46158,275.96158,275.86157,276.26157,276.66156,276.66156,276.66156,276.76157,276.66156,276.26157,275.76157,275.86157,275.76157,275.76157,276.06158,276.36157,276.06158,275.46158,275.26157,275.36157,275.36157,275.46158,275.36157,275.66156,275.96158,276.26157,276.36157,276.46158,276.66156,276.86157,276.86157,276.86157,277.26157,277.46158,277.36157,276.96158,276.76157,276.86157,276.86157,276.96158,277.06158,277.36157,277.26157,277.06158,277.06158,277.26157,277.66156,277.96158,278.26157,277.96158,277.36157,276.76157,276.16156,275.26157,274.66156,274.16156,273.76157
275.36157,275.46158,275.86157,276.26157,276.36157,276.16156,276.06158,275.86157,275.66156,275.56158,275.76157,275.86157,275.66156,275.56158,275.76157,275.66156,275.56158,275.36157,275.26157,274.76157,274.36157,274.46158,274.86157,275.16156,275.16156,275.56158,275.66156,276.06158,276.06158,276.06158,276.36157,276.66156,276.76157,276.56158,276.26157,276.46158,276.86157,277.06158,277.06158,276.96158,276.96158,276.96158,277.16156,277.16156,276.96158,276.76157,276.66156,276.76157,276.96158,277.26157,277.66156,277.56158,277.06158,276.36157,275.46158,274.66156,274.26157,274.06158,273.16156,271.76157
271.76157,274.76157,275.06158,275.16156,275.56158,275.76157,275.56158,275.26157,274.86157,274.46158,274.46158,274.46158,274.66156,275.46158,275.96158,276.06158,275.96158,275.56158,275.26157,275.06158,274.76157,274.76157,274.86157,274.96158,275.06158,275.16156,275.36157,275.36157,275.16156,275.26157,275.36157,275.36157,275.56158,276.16156,276.46158,276.36157,276.16156,276.06158,276.16156,276.36157,276.66156,276.86157,277.06158,276.56158,276.36157,276.26157,276.66156,276.76157,276.46158,276.06158,275.96158,276.56158,276.66156,275.96158,274.76157,272.96158,271.76157,271.76157,271.16156,271.16156
273.46158,273.66156,274.06158,274.46158,274.46158,274.46158,274.56158,274.06158,274.56158,274.26157,273.96158,273.86157,274.06158,274.46158,275.26157,275.46158,275.46158,275.26157,274.86157,274.86157,274.76157,274.66156,274.66156,274.66156,274.56158,274.36157,274.36157,274.66156,274.86157,274.76157,274.66156,274.66156,273.46158,275.06158,275.26157,275.16156,275.06158,275.36157,275.56158,275.66156,275.96158,276.26157,276.16156,275.46158,274.96158,275.46158,276.06158,275.96158,275.06158,274.36157,274.16156,274.66156,275.06158,274.36157,272.96158,271.36157,271.36157,271.26157,271.16156,271.16156
272.66156,272.76157,273.36157,273.56158,273.76157,273.66156,273.96158,274.06158,274.06158,274.06158,274.06158,273.96158,273.26157,273.96158,273.96158,274.16156,274.16156,274.06158,274.16156,274.46158,274.36157,274.26157,274.36157,274.46158,274.56158,274.56158,274.56158,274.36157,274.46158,274.66156,274.56158,274.56158,274.46158,272.36157,274.06158,274.06158,274.26157,274.46158,274.56158,274.56158,274.76157,275.06158,274.96158,274.56158,273.86157,274.16156,274.36157,273.86157,273.36157,273.06158,272.66156,272.46158,272.36157,272.16156,271.46158,271.36157,271.46158,271.46158,271.26157,272.06158
272.16156,272.56158,272.96158,273.16156,273.36157,273.56158,273.76157,273.76157,273.66156,273.66156,273.66156,273.66156,273.66156,273.36157,273.26157,273.06158,273.06158,273.06158,273.16156,273.66156,273.66156,273.66156,273.66156,273.86157,273.96158,273.96158,273.76157,273.66156,274.06158,274.06158,274.16156,274.16156,273.96158,273.56158,273.26157,273.06158,273.36157,273.66156,273.66156,273.26157,273.36157,273.96158,274.26157,274.26157,274.16156,273.86157,273.86157,273.76157,273.36157,271.26157,271.36157,270.76157,270.56158,271.56158,271.66156,271.66156,271.36157,271.96158,271.56158,271.26157
271.76157,271.86157,272.06158,272.26157,272.56158,272.86157,273.16156,273.16156,273.26157,273.26157,273.16156,273.26157,272.96158,272.86157,272.66156,272.56158,272.76157,272.76157,272.76157,273.16156,273.56158,273.06158,272.86157,273.06158,272.76157,272.66156,272.56158,272.66156,272.66156,272.66156,273.06158,272.96158,272.76157,272.36157,272.36157,272.36157,272.56158,272.66156,272.26157,271.86157,271.66156,272.26157,272.86157,271.96158,271.46158,271.46158,271.26157,271.26157,270.36157,270.16156,269.96158,270.76157,271.46158,271.16156,270.96158,270.76157,270.66156,270.46158,271.16156,270.66156
271.56158,271.66156,271.76157,271.76157,271.86157,271.96158,272.16156,272.26157,272.16156,272.06158,272.06158,271.56158,271.46158,271.56158,271.76157,272.06158,272.26157,272.26157,272.16156,272.36157,272.56158,272.46158,272.56158,272.46158,272.46158,272.46158,272.36157,272.36157,272.26157,272.26157,272.26157,271.96158,271.76157,271.56158,271.36157,271.36157,271.26157,271.26157,271.26157,271.26157,271.56158,271.36157,271.76157,272.66156,271.36157,270.56158,270.46158,269.36157,268.76157,270.26157,271.46158,271.06158,269.76157,268.46158,267.16156,267.76157,265.86157,268.76157,264.66156,257.36157
271.26157,271.36157,271.36157,270.66156,267.56158,271.06158,271.46158,271.56158,271.26157,271.16156,271.16156,271.16156,271.26157,271.46158,271.56158,271.66156,271.56158,271.16156,271.66156,271.96158,271.96158,271.86157,272.06158,271.76157,271.16156,271.26157,271.36157,271.86157,272.16156,272.06158,271.96158,271.76157,271.26157,271.46158,271.76157,271.46158,271.36157,271.26157,271.36157,271.26157,271.26157,271.56158,271.16156,270.76157,269.56158,269.16156,269.56158,269.46158,271.36157,270.26157,269.66156,269.26157,266.96158,266.06158,265.66156,263.16156,258.46158,253.26157,261.86157,255.36157
