nws-json/temp_20190823_00.f000.json
{"header": { "discipline":0, "disciplineName":"Meteorological products", "gribEdition":2, "gribLength":49979, "center":7, "centerName":"US National Weather Service - NCEP(WMC)", "subcenter":0, "refTime":"2019-08-23T00:00:00.000Z", "significanceOfRT":1, "significanceOfRTName":"Start of forecast", "productStatus":0, "productStatusName":"Operational products", "productType":1, "productTypeName":"Forecast products", "productDefinitionTemplate":0, "productDefinitionTemplateName":"Analysis/forecast at horizontal level/layer at a point in time", "parameterCategory":0, "parameterCategoryName":"Temperature", "parameterNumber":0, "parameterNumberName":"Temperature", "parameterUnit":"K", "genProcessType":2, "genProcessTypeName":"Forecast", "forecastTime":0, "surface1Type":1, "surface1TypeName":"Ground or water surface", "surface1Value":0.0, "surface2Type":255, "surface2TypeName":"Missing", "surface2Value":0.0, "gridDefinitionTemplate":0, "gridDefinitionTemplateName":"Latitude_Longitude", "numberPoints":65160, "shape":6, "shapeName":"Earth spherical with radius of 6,371,229.0 m", "gridUnits":"degrees", "resolution":48, "winds":"true", "scanMode":0, "nx":360, "ny":181, "basicAngle":0, "lo1":0.0, "la1":90.0, "lo2":359.0, "la2":-90.0, "dx":1.0, "dy":1.0 }, "data":
[rows 136 to 169 of 181, columns 0 to 76 of 360]
277.4,277.3,277.3,277.8,278.3,277.8,277.5,277.7,277.8,278.0,278.6,279.0,279.2,279.5,279.2,278.5,278.7,279.5,280.0,279.6,278.7,278.4,278.0,278.0,278.0,278.3,278.1,278.7,278.7,278.0,278.9,279.7,278.1,277.4,278.6,278.9,278.5,277.7,276.6,276.5,276.9,277.7,278.0,277.6,277.3,277.3,277.2,276.6,276.2,276.9,277.0,276.1,275.7,275.6,276.1,277.0,277.9,278.8,279.0,279.1,279.3,279.2,278.9,278.2,277.1,277.0,277.1,276.4,276.6,277.4,277.7,277.1,277.1,278.4,280.2,280.6,281.3
276.9,277.3,277.4,277.5,277.5,277.4,277.3,277.4,277.5,277.6,278.1,278.5,278.7,278.4,277.6,277.2,277.3,278.0,278.5,278.7,278.4,277.7,277.1,277.0,276.9,276.9,276.9,276.9,276.9,277.0,278.1,278.6,277.1,276.7,277.6,278.0,277.9,277.4,277.1,277.0,276.7,276.7,276.4,276.4,277.0,277.4,277.2,276.4,275.7,275.9,276.1,275.9,275.7,275.4,275.5,275.9,276.4,277.0,277.1,277.0,277.0,277.2,277.6,277.4,276.7,275.6,276.1,276.5,276.4,276.4,276.5,276.2,276.2,276.9,277.4,277.6,277.4
276.8,276.7,276.9,277.0,276.9,276.7,276.6,276.7,276.7,277.0,277.7,277.4,277.0,277.2,276.9,276.9,276.9,276.7,276.5,276.6,276.7,276.2,275.9,276.2,276.7,276.7,276.6,276.2,276.1,276.8,277.7,277.4,276.6,276.1,275.8,275.7,275.4,275.6,276.1,276.6,276.5,272.9,275.7,275.3,275.6,275.9,275.8,275.5,275.0,274.6,274.9,275.2,275.5,275.7,275.3,275.5,276.1,276.2,276.1,276.2,276.8,277.0,276.2,275.7,275.7,275.5,276.1,276.1,275.9,275.7,275.9,275.6,275.2,275.1,275.2,275.4,276.1
276.6,276.2,275.9,275.8,275.7,275.5,275.4,275.4,275.3,275.8,276.1,275.9,275.8,276.1,276.6,276.7,276.7,276.4,275.8,275.5,276.0,275.7,275.2,275.7,275.7,275.3,275.0,275.2,275.3,276.6,277.0,276.7,276.5,275.5,274.6,274.0,274.0,274.5,275.3,275.4,274.9,274.5,274.5,274.6,274.5,274.7,275.1,275.2,272.4,274.8,274.7,275.0,275.4,275.4,275.0,275.2,275.7,275.5,275.4,276.3,276.7,276.5,275.7,275.2,275.0,275.0,275.3,275.6,275.2,276.3,275.5,275.0,274.5,274.6,274.6,274.8,275.4
274.8,274.8,274.7,274.8,274.8,274.5,274.8,275.2,275.3,275.4,275.4,274.9,274.9,275.5,275.7,275.9,275.7,275.6,275.3,275.1,273.7,275.2,274.0,274.3,274.4,274.3,274.3,274.4,273.6,274.6,275.7,274.0,274.1,274.0,273.9,274.2,274.2,274.6,274.3,274.7,274.4,274.1,274.1,273.9,273.9,274.1,274.4,274.4,274.7,274.7,274.6,274.8,274.4,275.0,274.9,275.0,275.1,274.8,274.8,275.1,275.4,275.4,275.0,274.6,274.6,274.7,274.6,274.6,274.8,272.5,274.9,275.0,274.6,274.3,274.0,273.8,274.4
273.9,274.2,274.1,274.3,274.5,273.0,274.8,272.8,274.1,274.0,274.0,274.1,273.3,273.1,273.6,273.1,274.0,274.1,273.2,272.9,272.8,272.3,272.8,273.2,273.1,272.9,273.3,272.1,273.3,272.5,273.9,273.5,273.9,274.3,273.9,274.0,274.2,274.2,274.0,273.2,273.1,273.1,273.0,273.2,271.9,273.4,273.6,273.9,274.4,274.5,274.5,274.5,274.6,271.8,272.1,272.6,273.0,274.7,274.5,274.6,274.9,274.7,274.5,274.5,274.5,274.6,274.3,274.3,274.5,274.6,274.7,274.7,274.8,275.2,274.4,273.9,272.5
273.6,272.0,273.2,273.1,273.0,273.1,274.0,273.4,273.1,273.2,273.2,273.2,272.7,272.3,273.0,273.1,272.6,272.1,272.6,271.6,272.4,272.1,271.9,271.6,271.9,272.0,272.0,272.3,273.0,273.4,273.7,273.5,273.7,272.9,272.5,273.2,273.7,273.9,273.4,273.2,272.8,272.8,272.5,272.6,272.6,272.5,272.5,273.0,273.8,274.5,274.4,274.2,274.0,274.2,274.3,274.0,274.7,274.2,274.0,274.2,274.3,274.1,274.2,274.1,274.5,274.6,274.5,274.4,274.3,274.3,274.2,274.5,274.4,274.7,274.4,274.2,274.0
272.2,272.2,271.6,271.4,271.5,271.9,272.3,271.8,271.9,271.8,271.7,271.7,271.6,271.5,271.6,271.8,271.6,271.5,271.4,271.4,271.4,271.4,271.7,271.5,271.8,271.7,271.9,272.2,272.7,273.5,273.9,272.2,273.8,273.8,273.7,273.4,273.1,272.7,272.9,272.6,272.4,272.1,272.5,272.6,272.5,271.5,272.4,271.7,273.4,273.8,273.6,273.6,273.8,273.9,273.7,272.8,273.7,273.7,273.6,273.7,273.5,273.5,273.9,274.0,274.1,273.8,273.9,273.9,273.9,273.8,273.7,273.9,273.8,273.8,271.5,273.7,273.6
271.6,271.4,271.3,271.2,271.2,271.2,271.3,271.5,271.5,271.5,271.5,271.4,271.4,271.4,271.2,271.2,271.2,271.2,271.2,271.2,271.2,271.2,271.2,271.2,271.2,271.2,271.3,271.9,272.4,272.8,273.0,273.0,273.0,272.9,271.9,273.1,272.8,272.8,272.6,272.4,272.4,272.2,272.2,272.5,272.5,272.3,272.3,272.2,271.8,273.3,273.3,273.2,272.8,273.0,271.4,273.4,273.2,273.1,273.0,273.0,273.0,273.4,273.8,273.5,273.1,273.1,273.4,273.4,273.5,273.6,273.6,273.5,273.4,273.2,273.2,273.1,273.0
271.4,270.1,271.3,271.2,271.2,271.2,271.2,271.3,271.8,271.7,271.4,271.8,272.3,272.0,271.4,271.2,271.2,271.2,271.2,271.2,271.2,271.2,271.2,271.2,271.2,271.4,271.6,272.4,272.7,272.8,272.7,272.7,272.6,272.4,272.9,272.9,272.7,272.7,272.7,272.4,272.4,272.0,271.7,271.8,271.3,271.6,271.9,271.9,271.9,271.9,272.5,272.4,272.1,272.2,272.6,272.6,272.5,272.5,272.8,272.9,272.9,273.3,273.6,273.1,273.1,273.0,273.0,272.9,273.1,273.5,272.5,272.4,273.3,273.2,272.1,273.0,270.3
268.7,268.4,268.1,269.9,270.5,270.4,270.8,271.0,271.3,273.0,272.5,272.1,271.8,271.2,271.2,271.2,271.3,271.2,271.2,271.2,271.2,271.2,271.2,271.2,271.5,271.7,272.0,272.3,272.3,272.1,272.0,272.0,272.0,272.1,272.4,272.3,272.1,271.9,271.9,271.6,271.5,271.4,271.4,271.3,271.4,271.5,271.2,271.7,271.6,271.7,271.8,271.8,271.7,271.8,272.2,272.5,272.6,272.6,272.6,272.8,272.7,272.8,273.0,273.0,272.8,272.5,272.3,272.5,272.9,273.1,273.1,273.0,272.6,272.3,271.9,271.8,271.9
263.8,263.6,264.4,265.4,265.6,267.2,265.5,269.6,269.9,270.5,271.3,271.3,271.3,270.5,270.9,271.2,271.1,270.0,269.9,270.9,268.5,271.0,271.2,271.2,271.3,271.4,271.6,271.9,272.1,272.2,272.1,272.0,272.0,272.1,272.2,271.9,271.6,271.3,271.2,271.2,271.2,271.2,271.2,271.2,271.2,271.2,271.2,271.2,271.2,271.4,271.6,271.5,271.7,272.0,272.2,272.4,271.8,272.9,273.0,272.7,272.8,272.6,272.5,272.7,272.9,272.7,272.6,273.0,272.5,273.3,272.8,272.3,272.3,272.2,272.0,271.7,271.6
258.4,259.9,264.3,264.2,263.6,259.7,260.2,265.3,268.6,269.4,270.2,270.5,269.5,267.0,265.6,263.4,260.9,257.9,256.1,256.5,257.0,262.2,270.9,271.2,271.2,271.2,271.3,271.5,271.8,271.9,272.0,272.1,272.2,272.1,271.8,271.6,271.4,271.2,271.2,271.2,271.2,271.2,271.2,271.2,271.2,271.2,271.2,271.2,271.2,271.2,271.2,271.2,271.3,271.5,271.7,271.8,271.9,272.2,272.1,271.7,271.7,272.0,272.2,272.5,273.0,273.0,272.7,272.5,272.2,272.5,272.0,272.0,271.4,270.9,271.3,271.1,271.3
256.2,256.7,256.7,260.1,261.2,262.5,260.2,263.5,265.9,265.3,263.9,263.0,262.5,260.0,259.1,257.2,253.7,253.7,254.3,255.2,256.3,260.6,261.1,259.6,267.5,269.4,261.1,267.6,271.0,268.5,271.0,268.2,268.9,270.4,268.4,267.1,270.2,267.3,267.3,271.2,269.5,271.2,270.9,271.2,271.2,271.2,271.2,271.2,271.2,271.2,271.2,271.2,271.2,271.2,271.2,271.2,271.2,271.2,271.3,271.4,271.6,270.9,271.7,271.2,272.2,272.3,271.9,271.5,271.4,271.5,271.5,271.1,267.8,263.2,259.5,264.0,267.6
256.5,256.0,255.5,257.1,258.6,261.2,262.2,262.6,261.4,260.8,260.5,259.2,258.3,255.3,253.5,251.9,251.3,252.9,255.2,256.3,256.1,254.6,252.6,252.1,253.7,250.9,251.0,255.4,252.7,254.2,251.7,251.6,252.2,252.8,251.6,252.6,253.6,256.2,269.2,268.7,267.5,259.6,259.9,266.6,269.9,271.2,271.2,267.3,268.1,271.2,271.2,271.2,271.2,269.9,271.2,271.2,271.2,271.2,270.3,268.7,271.2,268.3,270.2,268.3,266.1,262.9,267.1,268.5,264.5,263.9,264.2,261.2,260.5,261.2,260.9,261.2,261.3
262.6,262.4,262.0,261.7,261.4,261.0,261.0,260.5,260.3,258.6,256.9,255.6,256.3,254.9,254.0,253.4,254.0,251.0,249.9,249.3,247.8,248.3,248.6,248.9,249.1,250.8,251.3,252.2,253.4,254.2,254.7,255.0,254.1,254.0,251.2,251.1,250.8,256.4,266.4,259.3,254.0,255.6,260.3,259.5,257.3,257.6,262.9,264.4,262.4,260.5,258.3,259.7,258.9,258.8,266.8,266.5,258.9,265.2,262.7,260.1,259.2,263.1,262.8,261.3,261.0,260.4,261.7,261.0,261.1,261.8,263.1,263.1,263.9,264.1,264.2,263.2,261.1
253.6,254.0,253.3,252.7,252.5,251.9,252.1,252.9,252.5,252.7,253.0,251.9,250.9,250.3,250.3,248.2,248.4,248.5,249.5,248.1,248.7,249.5,251.6,252.6,253.6,255.8,257.7,257.8,258.1,257.7,258.0,255.7,253.0,253.8,253.9,255.7,256.5,256.1,251.2,250.2,254.2,258.4,258.2,253.5,253.2,254.6,256.1,259.1,258.1,260.6,258.1,257.8,257.5,259.9,259.2,258.6,258.5,259.5,259.7,258.3,258.5,258.5,258.8,261.8,261.5,261.5,261.2,261.9,263.1,263.7,263.8,264.1,264.3,265.1,264.3,263.9,262.0
250.0,250.1,250.0,249.4,250.0,249.8,250.1,250.6,249.4,249.8,249.6,249.4,248.9,249.6,248.6,248.8,248.6,248.6,249.6,252.1,253.3,254.3,254.9,255.1,256.9,257.7,257.0,257.9,256.4,255.7,254.2,257.8,258.3,258.9,257.2,256.5,255.2,255.9,255.6,256.5,257.7,256.3,254.1,254.6,256.3,259.7,262.6,261.9,259.8,259.9,256.9,256.0,256.3,256.4,254.6,255.1,255.5,255.7,257.5,256.8,258.2,257.5,258.9,259.5,261.7,261.9,261.3,261.3,261.8,262.1,261.8,262.3,261.8,263.8,263.2,262.4,262.9
249.0,249.3,249.5,249.0,248.3,247.9,247.2,247.0,247.7,248.4,248.4,248.5,248.6,248.3,249.1,250.6,251.3,252.3,252.8,253.9,253.2,253.4,255.1,256.4,255.6,255.3,256.8,256.2,258.1,258.8,258.6,257.5,257.2,256.4,256.1,256.3,257.0,257.8,257.8,257.0,255.2,256.0,256.7,256.0,256.7,256.8,257.8,260.8,260.1,261.5,263.4,264.6,262.5,263.4,257.7,256.8,256.6,254.8,254.6,257.4,256.9,255.9,255.3,256.6,257.6,259.9,259.5,260.1,258.8,259.2,258.7,259.4,260.2,260.7,260.2,261.2,260.9
245.3,244.7,244.5,243.9,243.3,243.2,243.5,244.3,245.8,246.0,247.0,248.0,247.9,248.6,250.5,251.0,252.2,252.8,252.3,253.1,255.1,254.3,254.8,255.9,256.1,256.4,256.6,256.9,259.2,258.4,257.9,258.3,258.6,258.7,258.5,258.6,258.7,258.6,258.3,258.3,258.8,258.1,258.2,257.6,256.0,255.3,255.3,256.7,258.7,258.6,257.8,256.5,253.7,255.0,256.4,254.9,252.9,253.1,252.8,253.6,254.4,254.2,254.6,254.7,254.3,254.9,257.0,257.7,257.4,257.8,258.0,258.1,258.3,258.6,259.6,259.8,259.9
242.7,243.0,243.1,243.3,243.3,244.1,243.4,243.3,242.6,243.9,247.0,248.2,248.9,250.0,249.8,250.6,252.7,253.3,254.8,253.8,254.9,255.1,256.5,255.1,256.0,256.8,256.5,256.1,257.3,257.3,256.6,256.5,257.4,257.9,258.4,258.9,259.1,258.9,258.7,259.2,258.1,257.2,255.7,254.2,254.0,253.0,253.6,251.8,253.3,251.8,255.9,256.5,251.1,249.0,246.1,254.4,255.1,252.0,251.3,251.7,253.5,252.9,253.2,253.4,253.9,254.6,254.8,256.2,258.5,258.7,258.6,258.6,258.4,258.4,259.2,260.1,259.8
244.2,242.5,242.0,241.8,242.3,242.4,242.2,242.4,242.8,244.8,248.8,249.9,250.9,253.1,254.6,253.2,251.6,256.0,258.0,255.7,255.3,256.8,255.4,254.5,254.4,253.8,253.9,254.5,253.7,252.4,252.4,252.7,253.7,255.1,255.6,256.1,256.2,256.7,257.8,256.4,253.7,252.3,250.7,250.3,247.7,246.6,248.6,246.1,247.6,249.9,250.0,248.3,243.6,245.5,239.1,240.9,250.2,250.6,253.4,251.6,251.0,251.5,252.0,252.0,253.0,255.2,253.3,253.4,255.3,255.5,255.6,252.7,256.9,258.9,258.8,259.6,260.3
247.7,245.7,242.7,241.4,241.1,241.4,241.5,242.6,242.9,245.8,250.1,253.2,254.5,255.4,254.9,254.7,255.6,255.5,257.9,258.2,257.3,257.3,256.7,254.4,254.3,257.7,258.8,259.2,257.7,253.1,251.2,251.3,251.1,251.8,252.3,251.2,252.4,252.7,253.4,251.0,247.9,248.4,246.4,248.6,248.7,249.0,247.5,246.5,247.8,246.3,246.1,241.8,240.9,240.6,238.2,240.7,244.7,244.6,243.7,245.7,247.5,247.8,249.7,250.5,252.6,251.6,252.0,253.5,253.3,253.3,253.3,250.7,251.5,256.9,258.8,259.9,261.5
245.3,243.7,242.3,242.2,240.8,241.3,241.0,242.5,243.2,250.1,253.9,255.7,255.8,256.4,256.6,255.5,255.3,255.4,256.2,257.5,258.5,257.8,256.4,254.2,251.9,257.2,256.7,254.8,253.0,252.5,251.2,251.1,250.7,251.4,247.0,251.0,251.0,248.9,247.5,246.2,247.7,246.3,243.8,243.3,242.4,241.7,240.8,239.4,239.6,240.3,240.7,238.1,236.5,234.3,232.2,233.4,233.9,233.9,233.5,234.5,236.6,238.1,239.0,240.1,242.3,244.6,244.1,244.4,247.8,253.3,254.0,253.0,251.8,253.4,256.5,262.8,262.8
242.7,243.4,243.5,247.1,245.9,249.6,250.7,248.1,253.1,255.0,255.3,256.5,257.1,255.5,254.9,255.8,255.9,256.6,257.0,258.5,257.3,257.4,256.7,254.4,253.1,254.6,251.7,249.9,250.9,250.7,250.1,250.3,251.5,249.8,248.8,248.3,248.5,249.8,250.8,249.9,248.6,245.9,242.7,240.8,238.2,236.3,234.8,232.3,232.1,234.5,234.6,233.3,231.3,230.4,230.0,229.0,229.2,228.9,229.3,229.8,230.1,230.7,231.9,234.8,237.2,242.0,245.6,247.2,248.3,247.7,249.7,249.9,248.9,255.1,258.6,258.6,256.8
236.9,243.8,249.4,253.2,254.1,254.5,254.7,255.6,254.9,254.1,253.4,253.2,254.1,256.4,255.5,255.4,254.5,254.0,253.4,253.9,254.9,254.5,253.2,253.4,252.8,253.2,252.4,251.9,251.0,249.8,248.2,247.1,246.5,245.5,244.6,244.2,243.1,241.5,241.2,242.0,241.3,240.3,238.2,237.4,235.3,233.5,232.4,231.7,230.9,230.0,230.3,229.4,228.1,226.8,225.9,225.6,225.2,225.5,226.5,226.9,227.6,229.3,230.9,233.0,236.8,239.8,243.4,246.2,252.3,251.4,249.9,246.7,250.6,252.0,250.7,250.7,251.1
248.2,246.9,246.1,243.7,239.8,239.9,238.0,239.3,243.8,241.8,240.8,239.5,238.4,240.2,243.6,244.5,245.1,245.3,244.8,244.4,246.0,246.2,247.4,247.0,248.2,249.1,249.1,248.5,247.0,244.3,242.6,242.8,241.7,242.8,242.1,242.4,237.6,235.7,235.8,235.6,234.6,234.4,233.3,232.1,230.7,229.7,228.6,228.0,227.8,226.9,225.9,225.0,224.2,223.2,223.0,223.3,224.1,224.9,226.6,228.5,232.0,233.4,235.2,237.7,239.1,241.1,246.4,251.6,253.1,252.7,246.8,250.1,252.7,252.3,251.0,251.2,250.2
231.6,232.0,231.8,232.2,233.8,232.2,232.6,233.8,233.1,232.1,232.6,232.9,233.6,232.9,232.0,234.0,235.5,236.0,237.2,237.4,237.9,238.0,239.1,239.2,239.6,236.6,233.7,235.6,236.6,237.4,237.8,237.8,235.1,234.6,235.3,235.0,232.7,231.6,230.3,230.4,230.5,229.9,228.9,228.0,227.3,227.0,226.0,225.4,224.6,224.2,223.5,223.0,223.1,223.4,223.8,224.1,224.3,225.7,227.4,229.3,231.7,235.5,239.5,242.5,243.8,245.7,251.2,252.1,250.5,251.3,250.0,250.3,250.5,250.1,249.1,248.7,247.0
218.5,228.8,229.6,228.2,228.6,229.2,230.6,230.3,229.7,229.5,229.5,229.8,230.1,229.9,230.1,231.3,231.5,231.0,230.7,231.0,231.8,231.8,231.6,231.9,232.8,232.3,231.5,231.0,231.6,232.8,232.7,232.3,232.4,231.8,230.8,230.0,229.2,228.8,226.9,225.5,224.9,224.3,224.2,223.6,223.2,222.9,222.8,222.4,222.2,222.2,222.1,222.8,223.2,224.2,224.3,225.3,226.7,227.5,228.5,230.2,232.9,236.2,240.4,243.4,247.1,249.8,253.3,254.6,254.5,252.6,250.6,248.2,246.9,247.3,247.4,247.1,244.9
221.0,222.3,223.5,225.5,227.2,227.0,227.4,227.7,227.8,229.9,230.4,230.2,229.8,229.4,228.8,228.7,228.1,227.8,227.4,227.5,228.1,229.9,229.5,229.3,229.0,229.3,229.8,229.5,228.8,229.2,229.6,229.0,228.5,227.9,227.4,226.4,225.8,225.1,223.0,221.8,221.2,220.7,220.5,220.1,220.0,219.8,219.9,219.6,219.8,219.7,219.9,220.8,222.0,222.6,224.2,225.6,227.1,228.2,229.6,231.4,233.4,236.8,240.0,243.3,244.5,244.8,247.5,247.7,248.4,248.6,248.3,247.7,246.8,246.1,245.7,244.5,243.7
219.4,220.5,221.4,222.7,223.6,224.7,224.7,224.4,224.0,224.0,224.0,224.8,225.2,225.4,225.3,225.9,225.5,225.1,225.4,225.9,226.5,227.3,229.6,230.4,230.5,230.1,229.4,229.2,228.9,228.8,229.7,229.3,228.4,227.6,226.3,225.6,224.9,223.2,221.8,220.1,219.0,218.6,218.0,217.7,217.6,217.7,217.6,217.6,217.9,218.1,218.2,218.7,219.6,220.5,221.3,222.6,223.3,224.6,226.3,227.9,229.7,232.2,234.1,238.9,239.6,240.5,241.4,242.5,243.5,244.0,243.8,243.2,243.1,242.4,241.9,241.8,241.6
219.2,219.5,220.1,220.5,220.8,221.9,222.3,223.0,222.9,223.2,222.9,222.6,222.0,221.2,220.9,221.1,221.0,221.3,221.8,223.6,224.9,226.8,228.3,230.2,230.9,231.0,231.0,230.8,230.0,229.3,228.5,227.4,226.9,226.4,225.6,224.3,222.8,221.1,218.9,217.5,215.3,213.4,213.4,214.3,215.0,215.4,215.6,215.8,216.1,216.2,216.4,216.7,217.0,217.3,218.4,219.5,220.7,221.8,223.0,224.6,227.5,232.3,235.5,237.5,237.1,237.7,237.9,238.4,238.4,237.9,238.4,238.2,238.2,238.4,238.0,237.9,237.6
221.4,221.3,221.0,220.9,221.1,221.0,221.1,221.5,221.8,222.1,222.2,222.2,221.9,221.7,221.6,221.4,221.4,221.7,221.6,222.0,222.5,223.2,224.6,227.0,228.0,229.0,229.2,229.7,230.3,230.3,230.2,230.1,229.2,228.3,226.3,224.6,223.5,221.9,220.6,219.4,217.3,213.9,210.0,207.3,209.4,212.7,213.8,214.3,214.4,214.6,214.6,214.6,215.1,216.2,217.0,217.9,219.1,220.8,221.9,224.0,225.4,229.6,231.0,232.7,233.0,234.6,234.6,234.8,234.4,234.5,234.9,235.2,234.7,234.7,234.7,235.1,234.8
223.1,222.9,223.0,223.1,223.5,222.8,222.7,222.7,222.5,222.5,222.7,222.7,222.5,222.3,222.4,222.4,222.4,222.5,222.5,222.7,223.0,223.1,224.0,225.5,226.3,227.1,227.8,228.0,228.1,228.3,228.3,227.8,227.6,227.4,226.8,225.9,224.3,222.5,221.1,217.9,216.5,215.4,214.2,212.5,210.1,206.9,210.1,212.1,213.0,213.5,213.4,213.4,213.7,214.0,214.7,215.5,216.1,217.3,217.9,220.0,221.6,224.3,225.5,227.5,227.8,228.9,229.3,229.5,229.6,229.5,230.0,231.0,230.5,230.5,230.0,229.9,229.6
