nws-json/temp_20190823_12.f000.json
{"header": { "discipline":0, "disciplineName":"Meteorological products", "gribEdition":2, "gribLength":49747, "center":7, "centerName":"US National Weather Service - NCEP(WMC)", "subcenter":0, "refTime":"2019-08-23T12:00:00.000Z", "significanceOfRT":1, "significanceOfRTName":"Start of forecast", "productStatus":0, "productStatusName":"Operational products", "productType":1, "productTypeName":"Forecast products", "productDefinitionTemplate":0, "productDefinitionTemplateName":"Analysis/forecast at horizontal level/layer at a point in time", "parameterCategory":0, "parameterCategoryName":"Temperature", "parameterNumber":0, "parameterNumberName":"Temperature", "parameterUnit":"K", "genProcessType":2, "genProcessTypeName":"Forecast", "forecastTime":0, "surface1Type":1, "surface1TypeName":"Ground or water surface", "surface1Value":0.0, "surface2Type":255, "surface2TypeName":"Missing", "surface2Value":0.0, "gridDefinitionTemplate":0, "gridDefinitionTemplateName":"Latitude_Longitude", "numberPoints":65160, "shape":6, "shapeName":"Earth spherical with radius of 6,371,229.0 m", "gridUnits":"degrees", "resolution":48, "winds":"true", "scanMode":0, "nx":360, "ny":181, "basicAngle":0, "lo1":0.0, "la1":90.0, "lo2":359.0, "la2":-90.0, "dx":1.0, "dy":1.0 }, "data":
[rows 104 to 129 of 181, columns 120 to 179 of 360]
298.66156,298.66156,298.76157,298.96158,298.86157,298.76157,295.36157,288.36157,297.36157,296.76157,288.96158,291.26157,292.86157,287.46158,288.06158,286.76157,293.06158,295.66156,296.36157,297.26157,297.96158,297.86157,286.56158,288.66156,296.86157,296.66156,296.86157,297.16156,297.36157,297.76157,297.96158,298.06158,298.46158,298.76157,298.66156,299.16156,299.46158,299.36157,299.56158,299.86157,300.06158,300.26157,300.36157,300.36157,300.36157,300.36157,300.66156,300.76157,300.36157,300.56158,300.86157,301.06158,301.16156,301.06158,301.16156,301.26157,301.26157,301.36157,301.66156,301.86157
298.66156,298.56158,298.66156,298.56158,298.86157,298.36157,285.46158,283.46158,287.36157,287.96158,287.56158,292.06158,292.36157,290.26157,286.56158,284.46158,294.86157,295.46158,296.26157,296.86157,297.56158,296.96158,289.96158,290.86157,287.16156,291.26157,296.66156,297.06158,297.16156,297.46158,297.66156,297.96158,298.36157,298.36157,298.46158,299.06158,298.96158,298.36157,298.66156,298.86157,298.76157,299.16156,299.46158,299.76157,299.86157,299.76157,300.36157,300.56158,300.26157,300.06158,300.16156,300.16156,300.46158,300.56158,300.76157,300.86157,301.16156,301.06158,300.96158,301.26157
298.06158,298.16156,297.76157,297.76157,298.06158,287.86157,284.26157,284.06158,285.96158,288.46158,292.76157,285.16156,289.66156,289.36157,289.86157,284.76157,284.36157,288.96158,294.76157,295.86157,296.06158,295.66156,286.96158,289.26157,285.36157,285.66156,296.66156,297.06158,296.86157,297.06158,297.66156,298.46158,298.76157,298.46158,297.96158,298.26157,298.16156,297.76157,297.56158,298.06158,298.16156,298.06158,299.16156,299.76157,299.66156,298.86157,298.96158,300.16156,300.16156,299.66156,299.46158,299.46158,299.76157,299.76157,299.76157,300.36157,300.96158,300.56158,300.56158,300.96158
297.66156,297.56158,296.56158,289.96158,289.86157,286.56158,284.86157,286.66156,282.76157,285.16156,288.66156,290.36157,288.26157,288.16156,287.56158,287.36157,287.56158,285.76157,285.46158,284.16156,293.86157,292.76157,287.96158,287.46158,286.06158,282.36157,294.76157,296.76157,296.66156,296.96158,297.26157,298.06158,297.96158,297.76157,297.36157,297.46158,297.66156,297.36157,297.56158,298.06158,298.16156,298.16156,298.96158,299.36157,298.86157,298.16156,298.36157,299.16156,299.36157,298.56158,298.86157,299.26157,299.36157,299.36157,299.46158,299.76157,300.46158,300.26157,299.86157,298.56158
297.06158,296.56158,295.56158,288.56158,285.36157,289.86157,289.56158,287.56158,284.16156,286.86157,286.06158,286.56158,288.16156,287.96158,287.16156,286.36157,285.16156,285.76157,283.06158,282.16156,285.36157,286.16156,288.16156,287.46158,285.66156,283.06158,287.16156,296.26157,296.46158,296.56158,296.56158,296.86157,296.96158,297.06158,296.96158,296.76157,296.96158,297.36157,297.66156,297.66156,297.76157,297.86157,298.06158,298.26157,297.96158,297.96158,298.36157,298.56158,298.36157,297.26157,297.86157,298.56158,298.76157,298.66156,298.46158,298.76157,299.16156,299.66156,293.36157,298.86157
295.96158,294.96158,287.36157,288.66156,285.96158,286.86157,288.76157,288.36157,284.76157,285.76157,285.06158,284.66156,286.56158,286.56158,284.96158,287.16156,287.06158,285.86157,285.26157,287.26157,287.36157,288.26157,288.56158,287.46158,284.66156,283.46158,284.06158,295.16156,295.76157,296.26157,296.46158,296.66156,296.36157,296.66156,296.96158,296.86157,296.56158,297.06158,297.56158,297.26157,297.26157,296.96158,297.46158,297.36157,297.26157,297.46158,297.76157,297.66156,297.26157,296.16156,296.86157,297.66156,297.86157,297.36157,297.56158,298.06158,298.46158,298.46158,298.56158,298.36157
287.26157,288.26157,284.26157,285.06158,288.06158,288.06158,288.66156,285.66156,285.66156,285.46158,283.16156,283.56158,284.36157,285.36157,285.96158,284.46158,285.46158,286.56158,284.06158,285.16156,282.36157,287.16156,288.46158,287.86157,285.86157,282.36157,286.06158,284.56158,285.06158,295.06158,295.86157,296.26157,296.16156,295.96158,296.26157,296.56158,296.46158,296.26157,296.56158,296.46158,296.76157,296.36157,296.36157,296.76157,296.86157,297.16156,297.06158,296.96158,296.46158,296.06158,296.36157,296.86157,297.26157,296.96158,297.26157,297.76157,297.86157,297.46158,297.36157,297.66156
289.56158,287.76157,287.46158,287.66156,284.66156,285.06158,283.16156,284.36157,286.26157,284.76157,282.06158,280.46158,279.76157,283.66156,283.36157,279.56158,283.26157,286.46158,286.66156,285.66156,280.66156,284.96158,287.56158,288.36157,287.86157,284.76157,286.56158,284.96158,282.16156,287.76157,294.56158,295.16156,296.06158,295.76157,295.76157,295.96158,296.06158,295.56158,295.66156,295.76157,296.46158,296.26157,295.56158,295.86157,296.16156,286.76157,296.66156,296.36157,296.26157,295.96158,296.16156,296.76157,297.16156,296.76157,296.66156,296.76157,296.86157,296.76157,296.56158,296.36157
291.56158,289.06158,285.96158,286.86157,283.36157,282.26157,282.36157,283.56158,282.76157,281.16156,279.56158,278.36157,278.56158,278.26157,279.76157,281.46158,283.56158,282.56158,285.06158,286.56158,284.56158,286.16156,286.46158,287.66156,286.96158,288.16156,286.26157,287.16156,286.76157,286.66156,293.56158,293.86157,294.66156,295.36157,295.76157,294.96158,295.36157,295.06158,294.96158,295.16156,295.26157,295.16156,295.16156,295.06158,295.26157,295.46158,293.06158,295.96158,296.06158,296.16156,296.06158,295.96158,296.36157,296.46158,296.26157,295.96158,295.96158,296.16156,296.26157,295.96158
290.86157,289.56158,282.96158,287.76157,286.06158,286.66156,281.36157,282.66156,281.96158,280.16156,282.16156,286.26157,282.16156,278.96158,278.26157,277.86157,283.06158,283.16156,284.26157,285.26157,284.76157,287.06158,286.26157,285.16156,286.46158,287.36157,286.76157,286.86157,288.36157,287.16156,286.06158,293.26157,294.06158,295.16156,295.26157,294.06158,294.36157,294.56158,294.46158,294.56158,294.56158,294.86157,294.96158,294.26157,294.26157,294.86157,295.06158,294.86157,294.96158,295.56158,295.36157,294.96158,294.96158,295.46158,295.46158,295.46158,295.46158,295.56158,295.66156,295.96158
291.66156,289.66156,289.36157,288.06158,288.86157,286.86157,279.76157,278.46158,278.26157,277.86157,276.86157,278.36157,278.96158,277.86157,280.46158,281.86157,283.86157,285.06158,287.26157,284.86157,284.46158,288.66156,286.66156,285.06158,286.06158,286.76157,284.86157,285.46158,286.36157,284.26157,286.16156,284.36157,292.66156,294.76157,295.06158,294.36157,294.16156,294.16156,294.16156,294.06158,294.36157,294.66156,294.46158,293.96158,294.16156,294.46158,294.26157,294.26157,294.36157,294.56158,294.66156,294.86157,294.56158,294.86157,294.56158,294.16156,294.86157,294.96158,294.96158,295.76157
291.46158,290.56158,289.66156,290.26157,289.56158,288.06158,282.56158,279.46158,276.06158,274.36157,278.46158,278.96158,279.46158,281.46158,283.36157,284.76157,283.36157,283.56158,284.86157,283.16156,284.36157,287.56158,285.96158,285.66156,285.96158,284.76157,285.06158,282.46158,282.06158,287.16156,284.16156,283.16156,283.46158,292.36157,295.16156,294.76157,294.46158,294.06158,294.06158,293.86157,293.86157,294.26157,294.16156,293.66156,294.06158,293.86157,293.86157,293.96158,294.16156,294.26157,294.26157,294.46158,294.36157,294.26157,293.96158,293.56158,294.06158,294.56158,294.96158,295.26157
290.56158,290.16156,292.46158,289.26157,289.66156,289.76157,289.16156,279.76157,279.16156,278.16156,274.46158,277.66156,280.46158,281.46158,282.36157,281.66156,282.86157,286.46158,284.76157,283.16156,282.76157,285.56158,283.96158,285.06158,284.76157,284.16156,283.06158,283.86157,285.06158,284.36157,284.56158,283.06158,282.26157,287.26157,295.16156,295.06158,294.46158,294.06158,294.26157,294.06158,293.56158,293.56158,293.76157,293.46158,293.46158,293.56158,293.86157,293.96158,293.96158,293.66156,293.76157,294.16156,293.86157,293.56158,293.86157,293.56158,293.66156,294.26157,294.86157,294.36157
289.46158,289.36157,290.36157,290.26157,289.06158,287.86157,289.66156,287.66156,285.16156,279.86157,277.26157,282.66156,284.16156,284.46158,285.46158,287.36157,286.76157,286.56158,286.06158,284.76157,282.86157,285.76157,284.86157,283.56158,283.36157,283.26157,282.46158,282.96158,283.26157,284.96158,284.06158,281.36157,280.26157,285.46158,294.26157,294.36157,294.06158,293.56158,293.96158,294.06158,293.36157,292.96158,292.96158,292.76157,292.86157,293.06158,293.16156,293.26157,293.36157,293.06158,292.86157,293.16156,292.96158,292.76157,293.16156,293.46158,293.26157,293.26157,293.56158,293.76157
289.16156,285.86157,286.56158,288.76157,290.56158,288.66156,289.26157,287.46158,289.36157,285.06158,283.56158,283.86157,285.86157,285.96158,286.66156,287.16156,285.86157,285.66156,284.46158,284.16156,285.76157,284.76157,283.56158,283.46158,283.36157,282.26157,282.26157,282.06158,282.66156,283.86157,281.96158,282.26157,278.16156,280.86157,293.06158,292.66156,292.96158,292.56158,292.86157,292.76157,292.56158,292.86157,292.66156,292.16156,291.96158,291.96158,291.66156,291.86157,292.56158,292.86157,292.56158,292.36157,291.96158,292.26157,292.56158,292.86157,293.06158,292.96158,292.56158,293.36157
283.06158,284.26157,287.06158,288.86157,289.26157,288.36157,289.26157,290.46158,289.16156,287.56158,287.56158,286.76157,280.06158,284.96158,286.56158,287.06158,286.16156,285.36157,285.96158,283.96158,284.76157,283.66156,281.26157,283.46158,282.76157,282.36157,282.26157,280.86157,282.46158,282.16156,281.46158,280.06158,276.76157,281.96158,293.36157,292.36157,292.56158,292.16156,291.96158,291.86157,292.06158,292.36157,292.16156,291.36157,291.56158,291.66156,291.86157,291.86157,291.36157,291.46158,291.66156,291.76157,291.46158,291.36157,291.36157,291.36157,291.56158,291.86157,292.36157,293.06158
285.36157,283.36157,283.86157,285.36157,288.96158,289.86157,288.26157,288.36157,289.86157,288.26157,288.36157,288.46158,287.56158,286.06158,285.66156,286.46158,285.86157,283.76157,282.06158,281.56158,282.16156,280.96158,282.16156,282.26157,280.36157,281.66156,281.46158,281.46158,280.46158,281.36157,281.16156,278.56158,274.96158,281.76157,293.26157,292.46158,292.46158,292.16156,291.96158,291.86157,291.66156,291.76157,291.56158,291.16156,291.46158,291.36157,291.36157,291.26157,291.46158,291.46158,291.36157,291.36157,291.16156,290.96158,290.96158,290.76157,290.86157,291.26157,291.86157,292.36157
281.66156,283.56158,284.26157,283.86157,286.56158,287.56158,288.76157,287.96158,287.46158,286.86157,288.16156,287.36157,286.76157,288.56158,287.56158,286.36157,285.76157,285.06158,285.96158,280.46158,285.56158,281.46158,280.46158,282.46158,282.36157,280.96158,281.46158,279.56158,278.76157,277.06158,276.56158,278.56158,276.26157,281.66156,292.66156,292.46158,292.66156,292.26157,292.16156,291.66156,291.66156,291.66156,291.16156,290.56158,290.96158,291.06158,290.76157,290.56158,290.86157,291.26157,291.16156,290.76157,290.66156,290.86157,290.76157,290.86157,290.86157,290.76157,291.06158,291.06158
280.16156,282.26157,282.46158,281.26157,284.26157,283.46158,286.66156,287.36157,288.16156,287.36157,287.86157,287.56158,287.46158,285.06158,286.46158,285.16156,286.86157,284.96158,281.06158,281.86157,282.16156,280.96158,282.96158,282.56158,278.36157,278.36157,281.66156,277.66156,278.56158,278.16156,277.56158,278.06158,278.06158,293.06158,292.46158,292.36157,291.86157,291.56158,291.36157,291.36157,291.26157,291.46158,290.76157,289.76157,290.26157,290.86157,290.76157,290.56158,290.36157,290.76157,289.96158,289.36157,289.66156,289.66156,289.76157,290.26157,290.36157,290.06158,290.36157,290.46158
279.26157,280.16156,280.36157,282.66156,281.86157,287.86157,288.26157,288.26157,288.26157,288.26157,288.26157,288.06158,288.16156,287.96158,287.26157,283.56158,284.36157,283.96158,285.56158,280.16156,283.06158,283.56158,282.76157,281.26157,278.36157,279.36157,280.46158,278.26157,276.86157,274.26157,276.26157,278.46158,291.36157,292.66156,292.06158,292.06158,291.76157,291.26157,290.66156,290.36157,290.56158,290.86157,290.66156,289.96158,290.16156,290.66156,290.56158,290.26157,289.46158,289.46158,289.26157,289.06158,289.66156,289.56158,289.56158,289.86157,289.46158,289.06158,290.06158,290.26157
287.86157,289.96158,289.46158,287.96158,288.66156,288.06158,286.96158,286.56158,287.26157,287.46158,287.36157,287.36157,287.76157,288.16156,287.96158,287.16156,282.16156,285.96158,282.26157,280.36157,282.26157,282.96158,282.06158,280.96158,280.16156,279.16156,275.86157,277.06158,276.16156,275.26157,275.16156,281.96158,291.66156,292.26157,291.76157,291.36157,290.86157,290.36157,290.26157,289.76157,289.56158,289.76157,290.26157,289.76157,288.86157,289.26157,289.46158,289.06158,288.76157,288.56158,288.46158,288.66156,288.06158,288.36157,289.36157,289.76157,289.36157,288.66156,288.66156,288.66156
289.06158,288.66156,288.76157,288.16156,286.96158,285.86157,285.96158,285.96158,286.56158,287.26157,287.66156,286.76157,287.16156,287.76157,287.86157,287.86157,286.36157,284.66156,285.56158,280.46158,280.06158,281.56158,281.16156,279.76157,279.56158,279.06158,277.36157,276.26157,274.86157,274.16156,276.56158,289.86157,291.66156,291.96158,290.86157,289.16156,288.36157,289.26157,289.56158,288.46158,288.26157,288.76157,289.66156,289.46158,288.56158,288.26157,288.36157,288.06158,288.16156,288.06158,287.86157,287.96158,287.66156,287.16156,287.56158,288.86157,289.16156,288.56158,288.56158,288.46158
287.46158,287.16156,287.16156,286.96158,286.76157,286.26157,286.06158,285.76157,285.56158,285.96158,286.66156,286.66156,286.66156,286.86157,287.66156,287.86157,287.76157,286.56158,286.56158,286.06158,280.46158,281.06158,280.16156,279.56158,278.16156,278.36157,276.76157,274.76157,274.96158,272.76157,279.56158,290.66156,291.06158,290.76157,289.26157,287.66156,287.56158,288.56158,289.16156,288.66156,288.46158,288.16156,288.26157,288.46158,288.46158,287.86157,287.76157,287.56158,287.66156,287.76157,287.66156,287.56158,287.56158,287.56158,280.26157,287.06158,288.36157,288.76157,288.86157,288.56158
286.16156,285.96158,285.36157,285.46158,285.76157,285.66156,285.26157,284.86157,285.06158,285.66156,285.96158,285.86157,286.16156,286.66156,287.06158,287.06158,286.76157,286.86157,286.76157,286.56158,281.16156,279.96158,278.86157,278.16156,276.86157,275.76157,272.26157,272.46158,272.76157,273.36157,288.46158,289.26157,289.16156,288.26157,287.86157,288.16156,287.86157,288.06158,288.36157,287.76157,287.76157,287.66156,287.26157,287.66156,287.86157,287.16156,286.96158,286.86157,287.26157,287.36157,287.16156,286.96158,287.06158,287.16156,287.26157,279.26157,287.96158,288.36157,288.26157,287.86157
284.46158,284.76157,284.26157,284.36157,284.86157,284.96158,284.66156,284.46158,284.46158,284.46158,284.26157,284.46158,284.96158,285.56158,285.76157,285.76157,285.96158,286.46158,286.06158,286.06158,286.26157,283.96158,280.66156,280.36157,279.56158,284.16156,276.66156,275.76157,285.36157,286.96158,288.06158,289.76157,289.66156,288.96158,288.46158,288.56158,287.86157,287.26157,287.26157,286.86157,286.96158,287.06158,286.36157,286.46158,286.96158,286.56158,286.56158,286.36157,286.26157,286.46158,286.56158,286.86157,286.76157,286.86157,286.96158,277.96158,277.26157,282.96158,278.86157,287.06158
283.26157,283.66156,283.66156,283.76157,284.36157,284.36157,284.06158,284.16156,284.16156,283.96158,283.66156,283.96158,284.26157,284.36157,284.56158,284.86157,284.86157,285.16156,285.56158,285.76157,285.86157,286.06158,285.66156,285.46158,285.26157,285.26157,284.86157,284.86157,285.46158,287.16156,287.76157,288.66156,288.46158,288.06158,287.86157,287.76157,287.56158,287.16156,286.96158,286.46158,286.06158,286.46158,286.26157,285.96158,285.96158,286.06158,286.36157,286.46158,286.46158,286.56158,286.46158,286.76157,286.66156,286.46158,286.46158,275.86157,275.06158,279.06158,285.36157,287.06158
