nws-json/temp_20190820_18.f000.json
{"header": { "discipline":0, "disciplineName":"Meteorological products", "gribEdition":2, "gribLength":50114, "center":7, "centerName":"US National Weather Service - NCEP(WMC)", "subcenter":0, "refTime":"2019-08-20T18:00:00.000Z", "significanceOfRT":1, "significanceOfRTName":"Start of forecast", "productStatus":0, "productStatusName":"Operational products", "productType":1, "productTypeName":"Forecast products", "productDefinitionTemplate":0, "productDefinitionTemplateName":"Analysis/forecast at horizontal level/layer at a point in time", "parameterCategory":0, "parameterCategoryName":"Temperature", "parameterNumber":0, "parameterNumberName":"Temperature", "parameterUnit":"K", "genProcessType":2, "genProcessTypeName":"Forecast", "forecastTime":0, "surface1Type":1, "surface1TypeName":"Ground or water surface", "surface1Value":0.0, "surface2Type":255, "surface2TypeName":"Missing", "surface2Value":0.0, "gridDefinitionTemplate":0, "gridDefinitionTemplateName":"Latitude_Longitude", "numberPoints":65160, "shape":6, "shapeName":"Earth spherical with radius of 6,371,229.0 m", "gridUnits":"degrees", "resolution":48, "winds":"true", "scanMode":0, "nx":360, "ny":181, "basicAngle":0, "lo1":0.0, "la1":90.0, "lo2":359.0, "la2":-90.0, "dx":1.0, "dy":1.0 }, "data":
[rows 0 to 27 of 181, columns 124 to 185 of 360]
271.4649,271.4649,271.4649,271.4649,271.4649,271.4649,271.4649,271.4649,271.4649,271.4649,271.4649,271.4649,271.4649,271.4649,271.4649,271.4649,271.4649,271.4649,271.4649,271.4649,271.4649,271.4649,271.4649,271.4649,271.4649,271.4649,271.4649,271.4649,271.4649,271.4649,271.4649,271.4649,271.4649,271.4649,271.4649,271.4649,271.4649,271.4649,271.4649,271.4649,271.4649,271.4649,271.4649,271.4649,271.4649,271.4649,271.4649,271.4649,271.4649,271.4649,271.4649,271.4649,271.4649,271.4649,271.4649,271.4649,271.4649,271.4649,271.4649,271.4649,271.4649,271.4649
272.2649,272.3649,272.3649,272.3649,272.3649,272.3649,272.2649,272.4649,272.4649,272.4649,272.4649,272.4649,272.3649,272.3649,272.3649,272.3649,272.2649,272.2649,272.2649,272.2649,272.2649,271.8649,271.8649,271.8649,270.2649,270.2649,270.2649,270.2649,270.2649,270.2649,270.06488,270.06488,269.4649,269.4649,269.4649,269.4649,269.4649,269.4649,269.56488,269.6649,269.6649,269.6649,269.6649,269.6649,269.6649,269.6649,270.6649,271.2649,271.2649,271.2649,271.2649,271.2649,271.2649,271.2649,271.56488,271.6649,271.6649,271.6649,271.6649,271.6649,271.6649,271.6649
270.8649,270.8649,270.8649,270.9649,270.9649,270.6649,270.6649,270.6649,270.4649,270.6649,270.4649,270.6649,270.3649,270.3649,270.3649,270.3649,270.2649,270.3649,270.3649,270.3649,270.3649,270.2649,270.2649,270.3649,270.4649,270.4649,270.6649,270.56488,270.6649,270.6649,270.6649,270.6649,270.3649,270.3649,270.3649,270.3649,270.3649,270.3649,270.3649,270.3649,270.3649,270.3649,270.3649,270.4649,270.4649,270.4649,270.56488,270.56488,270.56488,270.56488,270.7649,270.7649,270.7649,270.7649,270.7649,270.7649,270.7649,270.7649,270.7649,270.7649,270.7649,270.7649
272.1649,272.1649,272.1649,272.1649,272.1649,272.1649,272.2649,272.1649,272.06488,272.06488,272.06488,272.06488,272.06488,272.06488,272.06488,271.8649,271.8649,271.8649,271.4649,271.4649,271.3649,271.1649,271.1649,271.1649,270.7649,270.7649,270.56488,270.56488,270.56488,270.1649,270.1649,270.1649,270.1649,270.1649,270.4649,270.4649,270.4649,270.7649,270.6649,270.7649,270.7649,270.7649,270.8649,270.8649,270.7649,270.7649,270.7649,270.7649,270.7649,270.9649,270.9649,271.06488,271.06488,271.06488,271.56488,271.06488,271.06488,271.06488,271.06488,270.7649,270.7649,271.3649
272.2649,272.3649,272.3649,272.3649,272.3649,272.4649,272.4649,272.6649,272.4649,272.3649,272.3649,272.3649,272.2649,272.2649,272.2649,272.2649,272.2649,272.1649,272.1649,272.1649,272.1649,272.1649,272.1649,272.1649,272.1649,272.1649,272.1649,271.3649,270.8649,270.4649,270.4649,270.3649,270.1649,270.1649,270.1649,270.1649,270.1649,270.1649,270.2649,270.3649,270.3649,270.6649,270.6649,270.56488,270.56488,270.6649,270.6649,270.6649,270.6649,270.6649,270.7649,270.7649,270.4649,270.4649,270.6649,270.8649,270.8649,270.8649,270.8649,270.8649,270.8649,270.8649
272.6649,272.7649,272.6649,272.7649,272.7649,272.7649,272.8649,272.7649,272.06488,271.9649,272.06488,272.06488,271.9649,271.9649,272.1649,272.3649,272.3649,272.1649,272.2649,272.1649,272.06488,272.1649,272.2649,272.2649,272.3649,272.3649,272.3649,272.2649,272.2649,272.2649,272.3649,271.56488,271.2649,271.06488,270.9649,270.56488,270.9649,270.9649,270.3649,270.56488,270.4649,270.4649,270.4649,270.4649,270.9649,271.06488,271.06488,271.06488,270.56488,270.6649,270.6649,270.6649,270.56488,270.56488,270.6649,270.9649,270.9649,270.56488,270.56488,270.56488,270.56488,270.56488
272.7649,272.7649,272.7649,272.7649,272.7649,272.7649,272.7649,272.3649,272.3649,272.56488,272.6649,272.56488,272.2649,272.1649,271.6649,271.4649,271.6649,271.6649,272.1649,272.3649,272.06488,272.3649,272.2649,271.6649,271.8649,271.7649,271.4649,271.6649,272.1649,272.6649,272.8649,272.8649,272.8649,272.06488,271.8649,272.7649,272.8649,272.8649,272.06488,272.7649,272.9649,272.9649,272.1649,272.06488,271.7649,271.6649,271.6649,271.56488,271.6649,271.1649,271.06488,270.9649,270.9649,270.9649,270.9649,270.8649,270.8649,270.8649,270.8649,270.8649,270.8649,270.8649
272.6649,272.56488,272.4649,272.56488,272.56488,272.6649,272.4649,272.56488,272.3649,272.3649,272.2649,272.1649,272.2649,272.56488,272.3649,271.9649,271.9649,272.06488,272.06488,271.7649,272.56488,272.56488,271.9649,272.56488,272.7649,271.8649,272.1649,272.06488,271.56488,271.56488,271.6649,271.2649,271.1649,271.3649,271.3649,271.3649,271.2649,271.2649,271.2649,271.2649,271.1649,271.06488,271.06488,271.06488,271.06488,271.06488,271.06488,271.06488,271.06488,271.06488,271.06488,271.06488,271.06488,271.06488,271.06488,271.1649,271.1649,271.2649,271.2649,271.2649,271.2649,271.4649
272.06488,272.1649,272.1649,272.06488,272.3649,272.3649,272.2649,272.1649,272.1649,271.9649,271.6649,271.6649,271.56488,271.56488,271.56488,271.3649,271.3649,271.3649,271.2649,271.2649,271.2649,271.3649,271.56488,271.6649,271.6649,271.6649,271.7649,271.56488,271.7649,271.56488,271.56488,271.3649,271.6649,271.4649,271.4649,271.7649,271.4649,271.4649,271.6649,271.8649,271.8649,271.56488,271.6649,271.7649,271.56488,271.4649,271.56488,271.56488,271.7649,272.3649,272.6649,272.7649,272.8649,272.8649,272.8649,272.9649,272.8649,272.9649,272.8649,272.9649,272.8649,272.8649
272.1649,272.06488,271.8649,271.7649,271.7649,271.56488,271.4649,271.3649,271.3649,271.2649,271.06488,271.1649,271.3649,273.06488,273.06488,272.7649,272.2649,272.1649,272.2649,272.06488,271.3649,271.2649,271.2649,271.3649,271.4649,271.56488,271.8649,271.8649,271.9649,271.9649,272.06488,272.3649,272.7649,272.56488,272.7649,272.8649,272.8649,272.6649,272.6649,272.56488,272.4649,272.56488,272.3649,272.4649,272.4649,272.7649,272.7649,272.6649,272.6649,272.6649,272.6649,272.56488,272.7649,272.7649,272.7649,272.7649,272.7649,272.8649,272.8649,272.8649,272.8649,272.8649
271.2649,271.56488,271.3649,271.4649,271.4649,271.2649,272.56488,272.8649,274.2649,274.1649,274.56488,274.6649,274.8649,274.8649,274.6649,274.56488,273.9649,273.6649,273.7649,273.4649,273.4649,273.56488,272.6649,272.6649,272.2649,271.6649,271.9649,271.3649,271.6649,271.56488,271.9649,271.8649,272.1649,272.06488,271.7649,271.7649,271.7649,271.9649,271.7649,271.8649,271.9649,272.06488,272.06488,272.06488,271.9649,271.9649,272.2649,272.2649,272.3649,272.56488,272.6649,272.56488,272.6649,272.8649,272.8649,272.8649,272.7649,272.8649,272.8649,272.8649,272.7649,272.8649
272.6649,272.7649,272.7649,272.8649,272.9649,273.06488,273.7649,273.06488,273.06488,272.9649,272.8649,275.4649,275.3649,275.3649,275.3649,275.3649,275.3649,275.3649,275.4649,275.4649,274.3649,274.4649,273.8649,273.9649,273.9649,273.1649,272.3649,273.2649,272.7649,272.6649,272.56488,272.9649,272.56488,272.1649,272.4649,272.3649,272.06488,272.06488,271.6649,271.2649,271.56488,271.8649,271.9649,271.7649,271.6649,271.56488,272.06488,272.1649,272.56488,272.6649,272.7649,272.8649,272.9649,272.8649,272.7649,272.8649,272.8649,272.7649,272.6649,272.6649,272.6649,272.9649
273.3649,273.4649,274.2649,273.56488,275.2649,274.7649,273.9649,275.2649,275.3649,275.6649,275.6649,276.8649,277.2649,277.06488,276.8649,276.56488,276.2649,276.2649,276.3649,276.3649,275.6649,275.6649,275.8649,276.4649,276.4649,276.56488,275.4649,275.56488,275.3649,274.06488,272.4649,274.3649,274.7649,274.56488,274.2649,274.06488,273.9649,272.3649,272.3649,272.2649,271.3649,271.7649,271.56488,271.3649,271.3649,271.7649,271.7649,271.1649,271.8649,271.9649,272.3649,272.7649,272.7649,272.9649,272.9649,272.9649,272.8649,272.7649,272.6649,272.56488,272.6649,272.3649
274.7649,274.6649,274.56488,274.4649,274.4649,275.7649,276.56488,278.3649,278.4649,278.1649,278.1649,278.06488,277.6649,277.3649,278.4649,278.8649,277.7649,277.4649,277.1649,277.06488,277.06488,277.06488,276.9649,276.9649,276.9649,275.7649,275.8649,275.7649,275.6649,275.3649,275.1649,274.6649,274.3649,272.3649,272.2649,272.2649,273.3649,272.4649,272.2649,273.3649,272.2649,271.8649,271.3649,271.4649,271.4649,272.6649,272.8649,272.56488,272.06488,271.9649,272.2649,272.56488,272.6649,272.1649,272.1649,272.2649,272.06488,271.9649,271.7649,271.6649,271.7649,271.6649
277.1649,277.1649,277.9649,279.6649,279.6649,279.6649,279.7649,280.06488,279.4649,276.9649,277.06488,277.06488,276.8649,279.3649,279.6649,279.1649,277.06488,276.56488,278.6649,277.2649,276.9649,276.6649,276.1649,276.4649,276.3649,276.1649,275.9649,275.1649,275.1649,274.6649,272.6649,272.56488,271.8649,271.56488,273.1649,272.2649,272.2649,272.56488,272.2649,271.3649,272.6649,273.2649,273.6649,273.9649,273.8649,273.8649,273.7649,273.6649,273.56488,273.3649,273.06488,272.9649,271.9649,272.4649,272.4649,272.1649,271.7649,271.4649,271.56488,271.56488,271.8649,271.8649
279.3649,280.06488,280.2649,280.1649,280.2649,280.4649,280.06488,276.9649,277.1649,276.6649,277.1649,277.3649,277.2649,277.06488,280.56488,280.06488,279.3649,274.1649,276.2649,277.06488,276.2649,275.9649,275.8649,276.4649,278.56488,279.2649,279.2649,276.06488,276.06488,275.8649,275.6649,274.8649,274.56488,273.4649,272.4649,272.4649,271.4649,271.6649,271.56488,271.3649,272.1649,271.56488,271.2649,271.6649,271.4649,272.1649,273.7649,273.8649,273.6649,271.56488,271.3649,271.4649,272.9649,271.6649,271.7649,272.06488,273.1649,273.3649,273.2649,272.06488,271.9649,271.4649
276.3649,276.3649,277.6649,278.4649,277.3649,277.56488,277.6649,277.9649,278.2649,277.6649,277.8649,277.7649,278.1649,277.6649,277.4649,277.2649,276.8649,279.56488,276.3649,276.2649,276.1649,276.06488,276.06488,275.8649,275.9649,276.06488,276.06488,276.1649,276.06488,275.8649,275.6649,274.9649,273.6649,273.9649,271.56488,271.3649,271.4649,271.7649,272.6649,272.6649,273.56488,271.4649,271.56488,271.56488,272.1649,272.9649,273.2649,273.2649,273.4649,273.06488,273.1649,272.56488,273.56488,273.3649,273.3649,273.4649,273.56488,273.56488,271.56488,272.1649,272.4649,271.56488
282.1649,282.4649,282.8649,277.06488,282.6649,281.8649,278.3649,278.3649,278.4649,278.2649,278.4649,278.2649,278.2649,278.1649,278.06488,277.6649,277.06488,276.6649,276.4649,276.2649,276.1649,276.2649,276.1649,276.06488,276.06488,276.1649,276.1649,276.1649,276.1649,275.9649,275.7649,275.3649,273.8649,271.7649,271.6649,271.4649,271.3649,271.3649,271.3649,271.9649,272.3649,272.2649,272.4649,272.7649,273.1649,273.4649,272.9649,272.4649,272.1649,271.4649,271.4649,271.3649,271.3649,271.3649,272.4649,273.7649,273.8649,273.9649,273.9649,273.8649,273.7649,273.9649
283.56488,283.56488,283.56488,283.9649,283.56488,276.9649,277.3649,277.3649,277.3649,277.3649,277.56488,277.4649,277.56488,277.4649,277.1649,276.56488,282.7649,283.6649,281.8649,280.8649,280.8649,280.7649,275.3649,280.1649,280.06488,279.7649,276.06488,276.2649,276.2649,276.2649,276.06488,275.9649,275.56488,275.3649,275.1649,275.06488,272.2649,272.9649,271.6649,272.3649,272.1649,271.8649,271.7649,272.9649,273.2649,273.2649,272.6649,271.1649,272.4649,273.3649,273.7649,271.3649,273.3649,273.7649,274.1649,274.2649,273.8649,274.2649,272.9649,273.6649,273.7649,278.06488
283.06488,284.2649,283.7649,283.3649,283.06488,282.8649,282.56488,274.8649,283.06488,282.3649,282.6649,282.3649,281.7649,281.4649,282.06488,281.9649,282.1649,281.8649,281.8649,281.9649,282.56488,283.1649,283.3649,281.8649,283.8649,283.8649,283.8649,282.8649,278.1649,275.1649,275.8649,278.06488,281.7649,278.1649,278.56488,275.4649,275.56488,275.4649,275.3649,273.56488,273.56488,273.3649,273.3649,273.3649,273.3649,273.4649,273.3649,274.06488,273.56488,273.6649,273.6649,274.8649,274.4649,274.56488,274.3649,280.6649,277.6649,281.3649,277.3649,275.2649,277.9649,280.2649
286.1649,287.7649,285.2649,285.9649,284.3649,283.9649,281.56488,280.8649,281.4649,280.8649,280.4649,280.8649,280.56488,279.56488,279.06488,283.56488,281.1649,280.2649,281.6649,280.06488,280.56488,282.8649,281.1649,282.56488,281.8649,281.3649,281.7649,282.3649,282.56488,282.8649,283.06488,283.2649,282.8649,283.06488,283.06488,283.06488,274.8649,275.06488,275.06488,274.8649,274.7649,274.7649,273.9649,273.7649,274.9649,275.06488,275.2649,280.7649,280.7649,273.9649,275.4649,274.06488,274.06488,275.56488,276.3649,274.06488,273.7649,275.8649,276.1649,278.7649,279.8649,281.6649
286.3649,285.6649,283.4649,282.2649,283.4649,281.9649,280.2649,281.1649,280.8649,281.06488,283.4649,281.3649,280.2649,280.1649,280.56488,282.8649,278.4649,281.9649,281.8649,283.4649,282.8649,284.06488,282.6649,281.7649,282.2649,281.9649,282.8649,282.4649,282.56488,282.7649,283.2649,284.3649,284.4649,284.2649,284.6649,284.3649,279.9649,285.06488,282.8649,282.4649,283.1649,280.8649,283.4649,284.3649,284.06488,279.56488,275.56488,276.7649,281.6649,282.06488,281.8649,282.7649,280.8649,281.56488,281.7649,282.7649,280.06488,277.2649,276.6649,278.6649,278.8649,280.06488
282.56488,283.9649,284.1649,283.6649,280.4649,277.8649,279.7649,284.06488,286.3649,286.6649,286.56488,284.9649,284.6649,282.9649,281.2649,278.1649,278.56488,281.06488,282.1649,283.3649,281.3649,281.8649,281.2649,281.1649,279.9649,281.06488,281.4649,282.3649,284.4649,284.06488,283.06488,276.56488,283.2649,285.06488,285.7649,282.56488,285.1649,284.6649,284.7649,283.56488,283.7649,282.8649,282.56488,282.8649,281.9649,280.3649,282.06488,283.56488,282.9649,280.6649,280.9649,280.2649,280.56488,280.4649,279.7649,281.1649,282.06488,282.06488,282.06488,280.56488,275.6649,276.3649
284.1649,283.4649,284.1649,282.8649,282.1649,281.7649,283.8649,284.4649,286.1649,288.1649,286.9649,284.06488,286.8649,285.7649,280.6649,278.8649,279.1649,282.06488,279.6649,279.4649,277.7649,279.2649,281.56488,284.06488,281.8649,282.3649,281.2649,281.4649,281.1649,283.2649,280.4649,281.2649,280.6649,282.7649,283.1649,282.56488,282.8649,283.4649,283.56488,283.9649,283.56488,283.06488,281.3649,280.1649,280.6649,280.6649,279.8649,280.1649,280.4649,280.9649,281.06488,280.6649,281.1649,281.56488,281.06488,281.7649,281.3649,280.7649,280.06488,281.2649,280.4649,280.7649
274.8649,283.9649,283.4649,281.8649,281.6649,280.1649,281.06488,283.2649,282.7649,283.2649,281.2649,281.06488,279.3649,282.1649,277.8649,278.7649,281.06488,279.3649,279.9649,279.9649,280.1649,280.06488,277.56488,277.6649,278.3649,277.7649,280.4649,281.06488,281.9649,278.3649,282.3649,277.6649,278.2649,279.9649,280.3649,281.06488,283.06488,282.8649,282.56488,281.8649,280.8649,280.8649,280.9649,281.3649,280.1649,280.56488,280.8649,279.7649,280.4649,281.9649,281.6649,280.1649,281.7649,282.1649,282.3649,282.3649,281.8649,280.4649,281.2649,279.56488,279.3649,278.56488
284.4649,276.9649,284.2649,283.06488,281.1649,279.06488,279.1649,280.9649,281.9649,281.56488,280.7649,281.2649,280.06488,283.06488,283.3649,282.4649,277.3649,278.7649,278.06488,279.9649,275.9649,276.6649,274.7649,281.1649,276.4649,277.4649,278.6649,282.7649,279.6649,278.06488,280.9649,279.7649,280.3649,280.7649,281.6649,281.1649,280.9649,282.9649,280.1649,280.06488,281.06488,280.1649,280.56488,281.06488,280.56488,280.56488,281.7649,281.9649,281.3649,280.6649,277.8649,281.4649,281.6649,281.2649,281.4649,280.4649,280.9649,282.06488,282.7649,282.56488,282.1649,278.8649
284.8649,284.8649,284.7649,285.1649,284.3649,282.9649,283.3649,283.06488,282.6649,281.3649,280.1649,280.9649,279.7649,280.9649,281.06488,281.2649,281.7649,277.2649,277.56488,279.3649,277.06488,277.56488,278.1649,275.7649,276.8649,279.1649,279.06488,278.6649,281.8649,278.9649,279.6649,279.7649,280.2649,280.1649,279.6649,281.4649,279.1649,281.3649,279.2649,279.3649,280.2649,280.7649,281.4649,280.8649,281.1649,279.8649,280.4649,281.8649,281.7649,280.4649,280.3649,280.06488,281.6649,280.7649,280.7649,278.2649,276.7649,279.4649,281.2649,281.7649,281.7649,281.6649
283.56488,284.2649,284.6649,284.7649,285.1649,284.9649,284.9649,284.8649,284.56488,284.4649,285.8649,287.1649,285.9649,279.2649,278.06488,276.1649,274.8649,277.2649,278.1649,278.8649,276.8649,276.56488,277.1649,277.2649,277.7649,277.6649,279.56488,279.06488,279.3649,278.9649,279.1649,278.4649,279.7649,279.7649,277.9649,277.2649,280.9649,284.7649,281.9649,281.8649,281.1649,280.3649,280.9649,281.8649,280.9649,280.1649,279.1649,279.56488,279.8649,279.06488,278.2649,278.9649,277.1649,278.8649,278.4649,279.56488,279.8649,281.6649,281.56488,281.8649,281.8649,282.1649
