nws-json/temp_20190820_06.f000.json
{"header": { "discipline":0, "disciplineName":"Meteorological products", "gribEdition":2, "gribLength":50051, "center":7, "centerName":"US National Weather Service - NCEP(WMC)", "subcenter":0, "refTime":"2019-08-20T06:00:00.000Z", "significanceOfRT":1, "significanceOfRTName":"Start of forecast", "productStatus":0, "productStatusName":"Operational products", "productType":1, "productTypeName":"Forecast products", "productDefinitionTemplate":0, "productDefinitionTemplateName":"Analysis/forecast at horizontal level/layer at a point in time", "parameterCategory":0, "parameterCategoryName":"Temperature", "parameterNumber":0, "parameterNumberName":"Temperature", "parameterUnit":"K", "genProcessType":2, "genProcessTypeName":"Forecast", "forecastTime":0, "surface1Type":1, "surface1TypeName":"Ground or water surface", "surface1Value":0.0, "surface2Type":255, "surface2TypeName":"Missing", "surface2Value":0.0, "gridDefinitionTemplate":0, "gridDefinitionTemplateName":"Latitude_Longitude", "numberPoints":65160, "shape":6, "shapeName":"Earth spherical with radius of 6,371,229.0 m", "gridUnits":"degrees", "resolution":48, "winds":"true", "scanMode":0, "nx":360, "ny":181, "basicAngle":0, "lo1":0.0, "la1":90.0, "lo2":359.0, "la2":-90.0, "dx":1.0, "dy":1.0 }, "data":
[rows 34 to 67 of 181, columns 154 to 230 of 360]
286.0,286.7,294.6,296.5,293.2,292.1,291.4,290.2,286.3,281.6,282.6,282.2,282.3,282.1,281.6,280.9,280.6,280.7,280.8,280.7,280.6,281.2,281.6,281.8,281.8,281.6,281.5,282.0,282.7,283.5,284.0,284.3,284.6,285.0,285.6,285.9,286.1,286.6,286.9,287.0,287.1,287.7,287.7,287.8,288.1,285.8,282.3,284.3,287.1,286.4,286.4,285.4,286.0,286.9,287.2,287.4,287.6,287.7,287.9,288.0,288.0,287.9,287.9,288.2,288.2,288.2,288.2,288.2,287.9,287.6,287.3,286.3,286.0,282.8,284.0,280.6,277.0
286.3,286.9,295.6,291.8,291.9,292.5,290.4,286.8,283.0,281.2,280.6,280.3,281.0,281.4,281.7,281.4,281.0,281.0,281.1,281.2,281.4,281.7,282.1,282.1,281.9,281.8,281.8,282.3,282.9,283.4,283.5,283.5,283.8,284.8,285.7,285.5,285.3,285.2,285.8,286.8,287.2,287.5,284.3,283.5,286.8,287.4,287.8,287.5,287.1,286.6,286.6,286.7,286.8,287.2,287.4,287.4,287.5,287.2,287.4,287.2,287.2,287.4,287.5,287.6,287.6,287.8,287.9,288.0,287.9,287.9,287.9,287.9,287.3,282.3,285.4,282.9,280.9
285.8,286.4,292.7,292.3,289.7,291.9,283.9,282.2,281.5,281.1,280.4,280.0,280.1,280.5,280.9,281.1,281.0,281.0,281.1,281.2,281.3,281.6,281.9,282.1,282.2,282.1,281.9,282.3,282.5,282.8,283.1,283.2,283.5,283.9,284.2,284.2,284.4,284.7,285.3,286.0,286.4,287.1,287.8,288.1,288.3,288.1,288.1,287.7,287.5,287.2,286.9,286.7,286.8,286.9,287.1,287.3,287.2,287.1,287.3,287.0,287.1,287.0,286.9,286.9,287.2,287.5,287.9,288.4,288.0,287.8,288.0,288.5,288.6,282.8,285.3,289.0,280.0
284.4,284.6,283.9,294.1,292.1,283.1,282.1,281.9,281.5,281.0,280.6,280.4,280.5,280.6,280.7,280.7,280.8,281.1,281.3,282.0,280.8,280.9,281.4,282.0,282.2,282.1,281.7,281.6,281.8,282.0,282.2,282.4,282.9,283.6,283.6,283.6,284.6,285.1,286.5,287.2,287.7,287.9,287.9,288.1,287.9,287.9,287.8,287.5,287.2,287.2,287.3,287.3,287.0,286.9,287.1,286.9,286.9,286.6,286.6,286.6,286.6,286.6,286.6,286.7,287.1,287.4,287.5,287.8,287.8,288.0,288.1,288.2,288.2,288.2,287.0,288.7,288.5
283.9,284.0,282.3,286.6,289.3,282.1,282.0,281.8,281.2,281.1,281.1,281.1,281.2,281.3,281.1,280.8,280.6,280.7,281.2,281.3,281.1,280.9,280.8,281.4,281.8,281.8,281.3,281.2,281.5,281.7,282.1,282.2,283.0,284.3,285.0,285.2,285.8,286.5,287.1,287.3,287.4,287.5,287.5,287.6,287.7,287.6,287.5,287.3,287.0,287.1,287.1,286.9,286.8,286.8,286.7,286.7,286.6,286.5,286.6,286.5,286.4,286.6,286.7,286.9,287.1,287.3,287.5,287.6,287.7,288.0,288.2,288.0,288.2,288.1,287.7,287.7,288.6
282.7,283.0,281.3,280.9,281.5,281.8,281.6,281.4,281.2,281.0,280.8,281.0,281.5,281.5,281.3,281.0,280.6,280.5,280.8,281.2,281.5,281.6,281.7,282.4,282.8,283.3,283.1,282.7,282.5,282.8,283.1,283.6,284.0,284.8,285.2,285.2,285.4,286.0,286.3,286.5,286.8,287.1,287.3,287.3,287.5,287.7,287.6,287.5,287.4,287.1,287.1,286.9,287.0,287.1,287.1,287.2,287.1,287.1,287.0,287.1,287.0,287.1,287.0,287.0,287.4,288.0,287.9,287.9,288.0,288.9,289.3,288.8,288.8,289.0,288.9,289.0,289.5
280.7,281.0,280.9,281.2,281.2,281.0,281.4,281.8,281.9,281.6,281.0,281.0,281.4,281.3,280.9,280.7,280.8,281.0,281.3,281.7,282.0,282.3,282.9,283.2,283.3,283.3,282.9,282.6,282.8,283.2,283.7,283.9,284.0,284.1,284.3,285.1,285.3,285.5,286.0,286.0,286.5,286.8,287.0,287.0,287.3,287.5,287.5,287.6,287.6,287.7,287.5,287.5,287.6,287.7,287.7,287.8,288.0,288.0,288.0,287.9,287.9,287.9,287.6,287.7,287.8,288.0,288.2,288.3,289.0,288.9,289.2,289.4,289.6,289.8,289.5,289.3,289.4
279.5,279.5,280.9,281.1,280.8,281.3,282.1,282.7,282.7,281.8,281.1,280.9,281.2,281.3,281.0,281.1,281.6,282.2,282.6,282.9,282.9,283.2,283.5,283.3,283.0,282.6,282.3,282.3,282.9,283.7,284.1,284.1,284.1,284.2,284.3,284.9,285.3,285.5,285.8,285.9,286.1,286.3,286.3,286.4,287.1,287.3,287.3,287.3,287.4,287.5,287.7,287.7,287.7,287.9,287.9,287.9,288.1,288.4,288.4,288.3,288.3,288.3,288.2,288.2,288.2,288.2,288.5,288.5,288.9,289.3,289.6,289.8,290.1,290.2,290.2,290.2,289.9
279.3,280.8,281.8,282.0,281.9,282.0,282.7,283.7,284.1,283.6,282.7,282.4,282.6,282.4,282.2,282.4,282.8,283.1,283.4,283.4,283.6,283.8,284.0,283.5,283.2,283.0,283.0,283.3,284.0,284.5,284.6,284.6,284.7,284.9,285.2,285.6,285.9,286.0,285.8,286.1,286.0,285.9,285.9,286.4,287.1,287.9,288.6,287.9,287.8,287.7,287.7,287.6,287.8,287.9,287.9,287.9,288.2,288.4,288.5,288.5,288.4,288.3,288.1,288.2,288.5,288.7,288.8,288.8,289.0,289.2,289.6,289.9,290.2,290.6,290.7,291.2,291.2
281.8,282.5,283.3,283.6,283.7,283.9,284.4,285.1,285.5,285.4,284.6,284.3,284.3,284.0,283.7,283.6,283.8,283.8,283.8,283.6,283.7,284.0,284.3,284.3,283.8,283.6,283.5,283.6,284.1,284.8,284.9,285.1,285.2,285.5,286.1,286.5,286.7,286.7,286.6,286.4,286.3,286.0,286.2,286.8,287.2,287.4,287.7,288.1,288.2,288.6,288.3,288.1,288.3,287.9,287.6,287.7,287.8,288.3,288.5,288.5,288.4,288.2,288.3,288.5,288.6,288.6,288.6,288.7,288.7,288.9,289.5,290.2,290.5,290.7,290.6,290.6,290.8
284.2,284.6,285.2,285.2,285.1,285.5,286.3,286.8,286.7,286.0,285.8,285.3,285.1,284.9,284.7,284.7,284.5,284.5,284.7,284.4,284.4,284.5,284.9,284.8,284.6,284.6,284.7,284.7,285.1,285.3,285.6,285.7,285.7,285.9,286.5,287.2,287.5,287.5,287.1,286.6,286.3,286.3,286.4,286.9,287.3,287.6,287.9,288.1,288.5,290.3,288.9,288.8,288.3,288.2,288.2,288.4,288.5,288.6,288.8,288.8,288.9,288.8,288.9,289.3,289.2,289.0,288.7,288.5,288.7,289.1,289.7,290.8,291.2,291.2,290.9,291.1,291.5
286.2,286.3,286.1,285.8,286.1,287.3,287.8,287.6,287.4,286.9,286.7,286.2,285.8,285.4,285.3,285.8,285.9,285.5,285.1,284.9,285.3,286.2,286.3,285.8,285.3,285.5,285.8,286.2,286.3,286.1,286.4,286.8,286.9,286.7,287.3,288.0,288.0,287.9,287.9,287.7,287.4,287.4,287.2,287.3,287.5,287.8,287.9,288.3,288.6,289.0,288.9,288.8,288.5,288.5,288.8,288.9,288.7,288.9,289.5,290.0,290.3,290.4,290.4,290.3,289.9,289.3,289.2,289.3,289.5,289.8,290.3,291.0,291.5,291.8,291.9,291.8,291.9
287.3,288.4,288.0,287.5,288.1,289.0,288.9,288.3,287.7,287.0,286.6,286.6,286.3,285.9,286.0,286.4,286.9,286.7,286.4,286.0,286.4,287.2,287.3,287.2,286.8,286.9,286.7,286.7,286.8,287.2,287.6,287.9,287.7,288.0,288.4,288.8,289.3,289.5,289.4,288.9,288.7,288.4,288.4,288.2,288.6,288.2,288.3,288.5,289.0,289.2,289.3,289.4,289.2,289.5,289.8,289.9,289.7,289.9,290.6,291.2,291.7,292.1,292.1,291.8,291.4,290.9,290.5,290.4,290.5,290.8,291.1,291.6,292.0,292.3,292.5,292.7,292.3
290.1,290.1,289.8,289.9,290.0,289.5,289.0,288.7,288.4,287.8,287.7,287.5,287.3,286.7,286.5,287.0,288.1,288.6,288.4,288.1,288.0,287.9,288.1,288.1,288.2,288.2,287.7,287.5,287.7,288.3,288.9,289.0,289.3,289.6,289.9,290.2,290.6,290.5,290.5,291.2,289.4,288.9,288.8,289.1,289.5,290.3,289.3,289.5,289.8,289.9,289.9,290.1,290.2,290.6,290.8,291.2,291.3,291.6,292.1,292.7,293.3,293.4,293.3,293.3,292.9,292.5,292.3,292.0,291.9,292.1,292.3,292.2,292.3,292.8,293.1,293.1,292.9
291.5,291.1,291.0,291.1,291.2,290.5,289.8,289.8,289.8,289.2,288.6,289.0,288.6,288.4,289.0,289.5,290.0,290.1,289.8,289.6,290.1,289.9,289.3,289.2,289.2,289.4,289.4,289.5,290.0,289.9,290.2,290.6,290.9,291.3,291.7,292.0,292.0,291.6,291.3,291.3,290.6,290.5,290.2,289.6,290.2,290.5,290.4,290.6,290.7,290.8,290.9,291.0,291.4,291.5,291.4,292.1,292.4,292.9,293.3,293.9,294.0,294.1,294.0,294.1,293.9,293.7,293.7,293.4,293.2,293.3,293.5,293.3,293.2,293.4,293.3,293.2,293.2
292.1,291.8,291.9,291.5,291.3,291.0,290.1,290.0,290.4,290.2,290.5,291.0,291.1,291.3,291.0,290.9,290.8,290.7,290.7,291.2,291.5,291.3,290.9,290.1,289.9,291.0,291.8,291.9,292.0,292.2,292.6,292.6,292.4,292.7,293.0,292.7,292.7,292.7,292.4,292.4,292.2,292.0,291.6,290.9,291.3,291.4,291.4,291.5,291.7,291.7,291.6,291.9,292.1,292.1,292.1,292.3,292.8,293.3,293.7,294.1,294.3,294.7,294.9,294.8,294.5,294.4,294.4,294.2,294.3,294.3,294.2,294.3,294.3,294.1,293.6,293.3,293.2
294.1,293.4,292.7,292.3,292.1,292.1,291.6,291.4,292.2,291.6,292.0,292.2,292.3,292.1,292.1,292.0,291.5,291.0,291.2,291.9,292.4,292.2,292.7,292.2,292.3,293.0,293.3,293.2,293.4,294.1,294.9,295.1,294.5,294.3,294.1,293.6,293.4,293.2,293.0,293.1,293.1,293.1,293.1,292.6,292.6,292.7,292.5,292.2,292.4,292.5,292.7,293.1,293.7,293.6,293.5,293.5,293.5,293.9,294.0,294.1,294.6,295.1,295.4,295.3,295.0,294.9,295.2,295.3,295.2,294.8,294.9,295.1,295.1,294.6,294.2,293.8,292.9
296.4,295.4,294.7,293.8,293.4,293.8,293.8,293.6,293.1,292.7,292.9,292.8,292.1,292.0,292.4,292.6,292.1,291.5,291.6,292.4,293.4,293.6,293.9,293.5,293.3,293.9,294.3,294.7,295.3,295.6,296.2,296.2,295.6,295.1,294.8,294.1,294.2,294.2,293.9,293.9,293.8,293.6,293.4,293.8,294.0,293.7,293.2,292.8,293.2,293.7,293.7,293.9,294.3,294.6,294.7,294.5,294.5,294.6,294.6,294.9,295.4,295.6,295.9,295.7,295.6,295.7,296.0,296.5,296.1,295.7,295.7,295.7,295.7,295.6,295.0,293.8,292.8
297.3,296.6,295.9,295.1,295.2,295.3,295.1,294.9,293.5,293.0,293.6,293.5,292.7,292.8,293.6,293.9,293.3,292.6,292.4,293.0,294.0,294.2,294.1,293.6,293.3,294.3,295.5,296.5,296.4,296.2,296.5,296.7,296.3,295.7,295.6,295.4,295.4,295.1,295.0,295.0,294.9,294.8,294.5,294.3,294.5,294.4,293.9,293.6,294.0,294.3,294.5,294.7,294.9,295.3,295.7,295.3,295.3,295.1,295.2,295.6,295.8,296.2,296.3,296.3,296.2,296.3,296.6,296.8,296.5,296.3,296.3,296.1,296.1,295.7,295.2,294.5,293.9
297.8,297.4,297.0,296.6,296.2,296.2,296.3,295.9,294.7,293.7,294.4,294.8,294.7,294.8,295.5,295.9,295.7,295.1,294.6,294.7,294.6,294.6,294.6,294.5,294.7,295.9,296.8,296.8,296.5,296.6,297.1,297.2,297.2,296.5,296.3,296.7,296.6,296.1,296.0,295.7,295.7,295.7,295.3,295.0,295.0,294.8,294.7,294.6,294.8,294.9,295.0,295.2,295.6,296.0,296.1,296.0,295.9,295.8,295.9,296.2,296.3,296.7,297.0,297.0,296.9,296.9,297.0,297.1,296.9,296.8,296.6,296.3,296.2,295.8,295.1,294.8,294.3
298.7,298.3,299.0,299.0,298.1,297.4,297.5,297.3,296.7,295.6,295.8,295.8,297.0,296.5,296.7,297.0,296.6,296.0,296.0,296.1,295.7,295.3,295.4,295.8,296.6,297.3,297.6,297.5,297.1,297.0,297.5,297.4,297.5,297.4,297.5,298.0,297.5,297.2,297.2,296.7,296.4,296.6,296.2,295.3,295.4,295.6,295.3,295.3,295.6,295.8,295.9,296.1,296.2,296.2,296.4,296.5,296.5,296.6,296.6,296.9,297.0,297.2,297.4,297.4,297.5,297.5,297.4,297.3,297.1,297.2,297.0,296.5,296.4,296.0,295.6,295.2,294.7
300.2,299.7,299.5,299.2,298.5,298.0,298.1,298.1,297.7,297.1,297.1,296.9,297.0,297.2,297.5,297.6,297.0,296.3,296.1,296.4,296.2,296.2,296.3,297.0,297.9,298.1,298.2,297.9,297.3,297.1,297.5,297.7,297.7,298.0,298.6,298.8,298.3,297.7,297.4,297.2,296.9,297.1,296.7,296.3,296.5,296.5,296.2,296.3,296.5,296.8,296.7,296.9,296.9,296.7,296.8,296.9,297.1,297.1,297.2,297.3,297.6,297.6,297.5,297.5,297.6,297.7,297.5,297.4,297.3,297.3,297.3,296.9,296.9,296.5,296.3,295.9,294.6
300.3,299.7,298.8,298.3,298.3,298.2,298.6,298.7,298.5,298.3,297.9,297.4,297.0,297.2,297.5,297.9,297.8,297.0,296.6,297.0,297.3,297.5,297.6,298.0,298.3,298.5,298.2,298.0,297.7,297.7,298.1,298.3,298.4,298.7,299.0,299.2,299.0,298.5,298.1,297.7,297.8,297.8,297.3,297.1,297.2,297.2,296.8,296.9,297.4,297.5,297.5,297.5,297.3,297.3,297.3,297.4,297.6,297.7,297.5,297.4,297.5,297.3,297.3,297.5,297.7,297.7,297.8,297.6,297.5,297.3,297.2,296.7,296.8,296.8,296.1,295.5,294.3
300.5,299.8,299.2,299.1,299.3,299.3,299.6,299.3,299.2,299.0,299.0,298.4,297.8,297.5,297.9,298.4,298.6,298.1,297.7,298.0,298.1,298.3,298.4,298.6,299.1,298.9,298.7,298.7,298.6,298.7,298.9,299.1,299.4,299.3,299.5,299.4,299.4,299.0,298.8,298.8,298.5,298.1,297.9,297.7,297.6,297.7,297.8,297.8,297.9,297.9,297.8,297.9,297.6,297.7,297.7,297.6,297.7,297.6,297.6,297.8,297.6,297.6,297.7,297.7,297.7,297.7,297.7,297.6,297.6,297.6,297.9,296.9,296.9,296.9,295.7,295.1,294.5
301.0,300.8,300.4,300.3,300.3,300.2,300.3,299.6,299.4,299.6,299.5,299.2,298.6,298.6,299.1,299.6,299.6,299.7,299.5,299.4,299.1,299.0,299.0,299.3,299.2,299.3,299.3,299.2,299.2,299.4,299.5,299.6,299.7,299.7,299.9,299.6,299.6,299.4,299.3,299.5,299.1,298.7,298.6,298.4,298.3,298.1,298.2,298.2,298.2,298.2,298.1,298.2,298.2,298.2,298.2,298.1,298.1,298.0,298.0,298.0,297.9,298.1,298.1,297.7,297.5,297.4,297.3,297.4,297.6,297.7,297.9,297.5,297.1,296.3,295.6,295.1,294.8
302.7,301.6,301.3,301.1,301.0,301.0,300.8,300.7,300.5,300.5,300.4,300.0,299.9,300.1,300.0,300.4,300.3,300.0,299.7,299.7,299.2,299.1,299.3,299.5,299.6,299.9,299.8,299.9,300.1,300.1,299.9,299.9,300.2,300.4,300.1,300.1,299.9,300.0,299.9,299.9,299.7,299.5,299.2,299.1,299.1,299.0,299.0,298.8,298.8,298.8,298.8,298.6,298.7,298.7,298.6,298.5,298.5,298.3,298.2,297.9,297.8,297.9,297.8,297.5,297.3,297.3,297.4,297.4,297.4,297.3,297.1,296.9,296.7,296.3,296.3,295.7,295.1
302.5,302.3,302.4,302.0,301.7,301.3,301.6,301.4,301.2,301.3,301.2,300.7,300.7,300.5,300.3,300.6,300.5,299.9,299.7,299.8,299.7,299.8,299.7,299.9,300.2,300.5,300.2,300.1,300.3,300.5,300.4,300.5,300.6,300.6,300.4,300.4,300.6,300.6,300.6,300.5,300.3,300.1,300.2,300.2,299.8,299.7,299.6,299.4,299.2,299.1,299.2,299.1,299.0,298.8,298.8,298.7,298.6,298.3,298.2,298.2,297.9,297.8,297.7,297.6,297.7,297.5,297.3,297.5,297.3,297.0,296.7,296.5,296.4,296.4,296.2,295.9,295.3
302.8,303.1,303.0,302.7,302.3,301.8,301.9,301.9,301.8,301.9,301.6,301.4,301.1,301.1,300.9,300.9,300.9,300.4,300.2,300.4,300.3,300.5,300.4,300.6,300.9,300.8,300.8,300.8,300.9,300.8,300.7,300.8,300.8,300.9,301.0,301.1,301.1,301.5,302.0,301.7,301.2,301.2,301.0,300.8,300.4,300.1,299.8,299.6,299.6,299.7,299.6,299.3,299.1,299.0,298.8,298.7,298.5,298.4,298.5,298.5,298.5,298.4,298.3,298.0,297.8,297.7,297.5,297.5,296.9,296.8,296.5,296.3,296.2,296.2,296.0,296.0,295.5
304.0,303.0,302.5,302.1,302.0,301.8,301.7,301.8,301.7,301.5,301.4,301.4,301.2,300.9,301.0,300.9,300.9,300.8,300.8,300.7,300.8,300.9,301.2,301.1,301.1,301.2,301.2,301.2,301.2,301.1,301.0,301.1,301.1,301.0,301.0,300.9,300.9,301.3,301.7,302.0,302.3,301.6,301.1,300.9,301.0,300.3,300.0,299.9,299.8,299.9,299.8,299.6,299.7,299.8,299.2,299.2,299.1,298.9,299.0,298.5,298.3,298.7,297.9,297.9,297.8,297.5,297.2,297.2,296.7,296.6,296.6,296.5,296.1,296.0,295.6,295.8,295.2
302.2,302.1,302.1,302.2,302.0,302.0,302.0,301.9,301.8,301.4,301.4,301.5,301.3,301.1,301.0,300.9,301.1,301.2,301.2,301.0,301.3,301.5,301.4,301.4,301.4,301.4,301.5,301.4,301.3,301.4,301.3,301.0,301.0,301.2,301.2,301.1,301.1,301.3,301.4,301.4,301.5,301.6,301.2,301.0,301.3,300.6,300.3,299.7,299.9,300.0,300.2,299.7,299.6,299.6,299.4,299.2,299.1,299.2,299.1,298.5,298.5,298.2,297.8,297.3,297.0,297.2,297.1,297.1,296.7,296.4,296.4,296.4,296.5,296.4,295.5,295.4,295.0
302.1,302.1,302.2,302.3,302.3,302.4,302.2,302.1,301.9,301.9,301.8,301.7,301.7,301.7,301.7,301.8,301.8,301.9,301.7,301.6,301.9,301.7,301.4,301.4,301.4,301.5,301.5,301.4,301.4,301.4,301.4,301.1,300.9,301.0,301.2,301.2,301.3,301.3,301.4,301.1,301.1,300.9,301.3,300.8,300.2,300.0,300.2,300.1,300.1,300.0,299.9,299.8,299.7,299.4,299.3,299.0,299.0,299.0,298.7,298.2,298.0,297.9,297.6,297.5,297.2,297.3,297.3,297.2,296.9,296.8,296.4,296.3,296.2,295.9,295.4,295.4,295.1
302.1,302.3,302.5,302.6,302.7,302.6,302.3,302.3,302.1,302.1,302.2,302.1,302.1,301.9,301.8,301.8,302.0,302.1,302.0,302.0,302.0,301.9,301.6,301.6,301.5,301.6,301.9,301.7,301.9,301.5,301.3,301.4,301.1,301.0,301.2,301.2,301.3,301.4,301.2,300.9,300.8,300.8,301.0,300.5,300.0,300.1,300.4,300.6,300.4,300.0,299.7,299.7,299.7,299.6,299.3,299.0,299.1,298.9,298.8,298.5,298.5,298.2,297.7,297.6,297.7,297.7,297.5,297.2,297.3,296.9,296.3,296.1,295.9,295.7,295.3,295.4,294.9
302.2,302.6,303.0,303.0,302.8,302.8,302.7,302.5,302.4,302.5,302.4,302.4,302.4,302.4,302.2,302.4,302.4,302.5,302.3,302.2,302.1,302.0,301.9,301.9,301.8,301.8,302.0,301.9,301.9,301.7,301.3,301.3,301.2,301.1,301.1,301.4,301.5,301.4,301.1,300.9,301.0,301.1,300.9,300.3,300.2,300.4,300.7,300.4,300.3,300.0,299.8,299.7,299.7,299.6,299.6,299.2,299.0,298.8,298.8,298.6,298.5,298.5,298.2,298.0,298.2,297.7,297.3,297.1,297.1,296.7,296.1,296.0,296.0,295.9,295.5,295.7,295.6
302.7,303.0,303.5,303.4,303.2,302.9,302.9,302.9,303.1,302.7,302.8,303.0,303.0,303.2,303.4,303.2,303.2,302.7,302.4,302.3,301.9,302.0,302.2,302.0,301.9,301.9,301.8,301.7,301.8,301.7,301.6,301.4,301.2,301.1,301.2,301.5,301.6,301.5,301.4,301.3,301.2,301.2,301.0,300.7,300.6,300.5,300.6,300.4,300.0,299.9,299.9,299.7,299.5,299.5,299.6,299.4,299.3,299.0,298.9,298.8,298.7,298.6,298.7,298.5,298.1,297.6,297.2,297.1,297.1,296.9,296.4,296.0,295.8,295.8,295.9,296.2,296.7
