nws-json/temp2019082112.f000.json
{"header": { "discipline":0, "disciplineName":"Meteorological products", "gribEdition":2, "gribLength":50058, "center":7, "centerName":"US National Weather Service - NCEP(WMC)", "subcenter":0, "refTime":"2019-08-21T12:00:00.000Z", "significanceOfRT":1, "significanceOfRTName":"Start of forecast", "productStatus":0, "productStatusName":"Operational products", "productType":1, "productTypeName":"Forecast products", "productDefinitionTemplate":0, "productDefinitionTemplateName":"Analysis/forecast at horizontal level/layer at a point in time", "parameterCategory":0, "parameterCategoryName":"Temperature", "parameterNumber":0, "parameterNumberName":"Temperature", "parameterUnit":"K", "genProcessType":2, "genProcessTypeName":"Forecast", "forecastTime":0, "surface1Type":1, "surface1TypeName":"Ground or water surface", "surface1Value":0.0, "surface2Type":255, "surface2TypeName":"Missing", "surface2Value":0.0, "gridDefinitionTemplate":0, "gridDefinitionTemplateName":"Latitude_Longitude", "numberPoints":65160, "shape":6, "shapeName":"Earth spherical with radius of 6,371,229.0 m", "gridUnits":"degrees", "resolution":48, "winds":"true", "scanMode":0, "nx":360, "ny":181, "basicAngle":0, "lo1":0.0, "la1":90.0, "lo2":359.0, "la2":-90.0, "dx":1.0, "dy":1.0 }, "data":
[rows 140 to 167 of 181, columns 0 to 61 of 360]
274.19998,274.09998,273.99997,274.09998,274.09998,273.69998,273.99997,274.49997,274.59998,274.8,274.69998,273.99997,273.89996,274.39996,274.69998,275.09998,275.3,275.3,275.09998,274.99997,273.59998,275.09998,273.89996,274.09998,274.3,274.3,274.39996,274.59998,273.89996,274.89996,276.09998,274.39996,274.49997,274.59998,274.59998,274.69998,274.49997,274.69998,274.49997,274.99997,274.8,274.49997,274.49997,274.3,274.3,274.39996,274.69998,274.59998,274.99997,274.99997,274.89996,275.09998,274.69998,275.3,275.19998,275.39996,275.49997,275.3,275.3,275.59998,275.8,275.8
273.69998,273.8,273.69998,273.89996,274.09998,272.69998,274.49997,272.69998,273.99997,273.99997,273.99997,273.89996,272.8,272.59998,273.19998,272.8,273.8,273.99997,272.99997,272.89996,272.89996,272.49997,273.09998,273.39996,273.3,273.19998,273.59998,272.3,273.49997,272.69998,274.19998,273.8,273.99997,274.39996,274.19998,274.3,274.49997,274.49997,274.39996,273.69998,273.69998,273.69998,273.49997,273.69998,272.3,273.69998,273.8,274.19998,274.59998,274.8,274.69998,274.8,274.8,272.19998,272.49997,272.99997,273.49997,275.09998,274.89996,275.09998,275.39996,275.19998
273.49997,271.69998,272.99997,272.99997,272.89996,273.09998,273.99997,273.59998,273.39996,273.39996,273.49997,273.39996,272.69998,272.3,272.99997,273.19998,272.8,272.39996,272.8,271.89996,272.8,272.59998,272.3,272.09998,272.39996,272.39996,272.3,272.39996,272.99997,273.39996,273.8,273.49997,273.8,272.99997,272.69998,273.49997,273.99997,274.3,273.89996,273.8,273.49997,273.59998,273.09998,273.09998,272.99997,272.89996,272.89996,273.39996,274.09998,274.8,274.59998,274.3,274.19998,274.39996,274.49997,274.3,274.99997,274.59998,274.39996,274.69998,274.8,274.49997
272.39996,272.39996,271.59998,271.49997,271.59998,272.09998,272.49997,271.99997,272.09998,271.99997,271.89996,271.8,271.8,271.69998,271.8,272.09998,271.99997,271.89996,271.8,271.8,271.8,271.89996,272.09998,271.8,272.09998,271.99997,272.09998,272.39996,272.8,273.49997,273.69998,272.09998,273.8,273.89996,273.8,273.59998,273.49997,273.19998,273.39996,273.3,273.09998,272.8,273.19998,273.19998,272.99997,271.99997,272.8,271.99997,273.59998,273.89996,273.69998,273.59998,273.8,273.99997,273.89996,272.99997,273.89996,273.99997,274.09998,274.19998,273.99997,273.89996
271.8,271.69998,271.49997,271.49997,271.49997,271.49997,271.59998,271.59998,271.59998,271.59998,271.39996,271.49997,271.09998,270.8,271.39996,271.49997,271.49997,271.69998,271.69998,271.69998,271.59998,271.49997,271.49997,271.3,271.19998,271.19998,271.49997,272.09998,272.49997,272.89996,272.99997,272.99997,273.09998,273.09998,272.09998,273.39996,273.19998,273.19998,273.19998,273.09998,272.99997,272.8,272.89996,272.99997,272.99997,272.69998,272.59998,272.3,271.8,273.09998,273.19998,273.19998,272.8,273.09998,271.59998,273.59998,273.49997,273.39996,273.39996,273.49997,273.49997,273.8
271.49997,270.99997,271.19998,271.3,271.19998,271.3,271.3,270.09998,269.49997,269.49997,270.39996,269.09998,264.89996,266.49997,267.99997,271.3,271.19998,271.19998,271.19998,271.19998,271.19998,271.19998,271.19998,271.19998,271.39996,271.59998,271.8,272.59998,272.89996,272.89996,272.8,272.8,272.8,272.59998,273.09998,273.19998,273.09998,273.09998,273.09998,272.99997,272.99997,272.59998,272.19998,272.3,271.8,272.09998,272.19998,271.99997,271.8,271.69998,272.39996,272.39996,272.19998,272.39996,272.8,272.89996,272.8,272.89996,273.39996,273.39996,273.39996,273.69998
270.89996,270.59998,269.99997,270.69998,270.99997,270.8,270.49997,268.99997,265.99997,264.19998,263.19998,263.09998,265.39996,267.49997,271.19998,271.19998,271.19998,271.19998,271.19998,271.19998,271.19998,271.19998,271.19998,271.3,271.69998,271.99997,272.19998,272.49997,272.49997,272.3,272.19998,272.19998,272.19998,272.3,272.69998,272.59998,272.39996,272.39996,272.39996,272.3,272.19998,271.99997,271.89996,271.8,271.99997,272.09998,271.59998,271.99997,271.89996,271.8,271.8,271.8,271.8,271.99997,272.39996,272.8,272.99997,272.99997,273.19998,273.3,273.19998,273.09998
271.09998,270.59998,269.8,269.8,269.89996,269.19998,267.19998,265.69998,263.89996,262.49997,261.3,260.3,260.19998,260.99997,262.99997,267.89996,271.09998,270.99997,268.69998,270.09998,268.59998,271.09998,271.19998,271.19998,271.39996,271.69998,271.89996,272.09998,272.3,272.39996,272.19998,272.09998,272.09998,272.3,272.39996,272.19998,271.89996,271.8,271.69998,271.49997,271.59998,271.3,271.19998,271.19998,271.39996,271.59998,271.39996,271.19998,271.3,271.49997,271.69998,271.59998,271.8,272.09998,272.39996,272.69998,272.19998,273.39996,273.59998,273.19998,273.3,272.99997
270.49997,270.69998,269.89996,269.69998,269.49997,268.69998,267.19998,264.89996,262.69998,261.39996,260.69998,258.59998,257.3,256.59998,256.99997,257.19998,256.69998,258.19998,258.39996,260.39996,259.49997,265.69998,270.99997,271.19998,271.19998,271.3,271.49997,271.8,271.89996,271.99997,272.09998,272.09998,272.3,272.3,272.09998,271.89996,271.69998,271.59998,271.69998,271.59998,271.3,271.19998,271.19998,271.19998,271.19998,271.19998,271.19998,271.19998,271.19998,271.3,271.19998,271.3,271.49997,271.59998,271.89996,271.99997,272.19998,272.59998,272.59998,272.19998,272.19998,272.39996
270.19998,269.89996,270.3,269.49997,269.39996,267.89996,265.39996,263.69998,261.8,259.89996,258.69998,258.19998,254.79997,253.69998,255.89998,257.49997,258.39996,258.3,259.19998,260.09998,259.39996,262.49997,261.39996,264.09998,266.39996,268.09998,266.89996,265.59998,270.99997,268.19998,270.89996,267.99997,268.3,266.19998,267.8,266.09998,270.69998,267.8,267.09998,271.19998,268.8,271.19998,270.99997,271.19998,271.19998,271.19998,271.19998,271.19998,271.19998,271.19998,271.19998,271.19998,271.19998,271.19998,271.19998,271.3,271.39996,271.49997,271.69998,271.8,271.99997,271.3
268.99997,269.39996,269.39996,269.19998,268.99997,266.89996,264.99997,263.69998,260.3,258.09998,258.39996,259.89996,256.19998,253.49997,256.19998,257.19998,259.3,260.99997,259.69998,257.59998,255.29997,253.79997,253.09998,253.29997,261.3,251.39998,252.19998,258.19998,255.39998,257.89996,253.39998,251.19998,250.59998,250.59998,251.69998,256.3,254.69998,256.89996,268.19998,267.8,267.69998,266.19998,268.59998,268.89996,270.69998,271.19998,271.19998,269.99997,269.89996,271.19998,271.19998,271.19998,271.19998,270.69998,271.19998,271.19998,271.19998,271.3,270.99997,270.19998,269.59998,269.89996
267.99997,267.8,268.19998,267.09998,266.09998,264.99997,264.3,263.09998,261.8,259.59998,257.99997,256.49997,252.99997,252.99997,256.59998,257.49997,259.69998,258.59998,256.39996,253.79997,251.99997,250.89998,250.19998,249.39998,249.29997,249.69998,248.79997,248.69998,249.59998,249.29997,248.69998,249.99997,250.19998,250.39998,251.39998,252.29997,253.49997,261.19998,267.3,266.3,265.59998,265.99997,267.09998,269.39996,266.3,265.89996,266.59998,265.39996,267.39996,265.99997,266.09998,267.09998,267.39996,267.3,269.39996,269.09998,267.8,269.89996,269.89996,269.69998,269.49997,270.09998
266.99997,266.3,265.8,265.09998,264.19998,263.89996,263.39996,262.59998,260.19998,258.99997,257.89996,253.99997,252.49997,255.09998,256.69998,259.19998,257.09998,254.39998,252.79997,250.99997,250.09998,249.39998,249.49997,248.99997,248.59998,248.79997,248.79997,248.49997,248.29997,248.49997,249.29997,249.69998,250.49997,251.59998,254.09998,256.3,258.8,264.59998,264.59998,264.49997,265.3,266.19998,264.39996,264.3,263.99997,263.99997,263.59998,263.3,262.99997,263.59998,263.8,263.69998,263.89996,264.99997,266.59998,266.59998,267.89996,267.69998,267.89996,266.89996,265.59998,264.69998
266.09998,265.39996,264.49997,263.99997,263.19998,263.09998,261.99997,261.19998,259.49997,256.89996,251.29997,253.89998,256.3,257.8,255.79997,253.79997,251.69998,250.89998,249.99997,249.29997,249.19998,249.39998,248.69998,248.79997,248.49997,248.09998,248.19998,248.29997,248.89998,249.69998,250.79997,252.99997,255.19998,258.39996,262.69998,264.09998,263.99997,263.49997,263.3,263.3,263.09998,262.39996,261.89996,260.89996,260.8,260.3,260.3,260.39996,259.89996,260.09998,260.39996,260.09998,259.69998,259.89996,259.8,260.19998,259.99997,260.19998,259.39996,259.19998,259.39996,259.49997
265.8,264.59998,263.39996,262.69998,261.3,259.09998,258.39996,257.09998,252.89998,255.39998,256.59998,257.3,253.29997,252.09998,250.89998,250.09998,249.79997,249.09998,248.79997,248.89998,248.89998,248.19998,248.29997,248.49997,248.19998,248.49997,249.09998,250.19998,251.89998,254.19998,258.09998,261.49997,263.8,263.49997,263.39996,263.3,262.99997,262.69998,262.3,261.89996,261.59998,260.59998,259.99997,259.59998,259.39996,259.19998,258.89996,258.59998,258.09998,258.19998,257.99997,258.49997,257.99997,258.39996,257.59998,257.8,257.99997,258.49997,258.09998,257.89996,258.39996,258.59998
261.19998,260.09998,259.19998,257.39996,256.89996,256.3,254.79997,256.49997,257.3,254.29997,251.79997,250.59998,249.99997,249.19998,248.49997,248.79997,248.69998,248.49997,248.79997,248.19998,247.99997,248.59998,249.19998,249.69998,250.29997,251.39998,252.89998,255.99997,259.3,263.19998,262.3,262.59998,262.59998,262.59998,262.3,261.99997,261.59998,261.19998,260.8,260.59998,260.39996,259.99997,259.89996,259.59998,258.99997,258.8,258.99997,258.99997,258.49997,258.09998,257.69998,257.19998,255.69998,255.19998,255.09998,255.39998,255.49997,255.39998,255.29997,255.19998,254.99997,254.99997
256.8,256.8,256.8,255.99997,255.09998,255.69998,255.29997,253.49997,251.49997,250.59998,250.79997,249.59998,248.59998,248.39998,248.09998,247.69998,247.69998,247.69998,247.49997,247.09998,248.49997,251.59998,252.39998,253.09998,254.89998,258.39996,262.39996,261.8,261.69998,261.8,262.19998,262.09998,261.99997,261.59998,261.3,261.19998,260.99997,260.89996,261.09998,260.8,260.8,260.49997,260.3,260.3,260.19998,260.49997,260.19998,261.59998,261.8,261.19998,261.99997,261.99997,260.49997,257.89996,254.89998,255.99997,255.79997,254.99997,254.39998,253.59998,253.29997,252.99997
255.29997,254.99997,253.49997,252.99997,252.89998,251.49997,249.99997,249.59998,250.39998,249.99997,249.09998,248.49997,247.79997,247.59998,247.79997,247.29997,246.89998,246.49997,246.19998,249.59998,252.59998,254.09998,255.09998,257.19998,259.09998,261.59998,261.49997,261.69998,261.59998,261.8,262.09998,262.09998,261.99997,261.69998,261.19998,261.09998,261.3,261.69998,261.89996,262.49997,261.99997,261.99997,261.3,261.09998,260.3,259.89996,260.89996,260.8,261.09998,258.89996,260.99997,259.3,254.59998,250.79997,246.19998,245.89998,254.89998,256.09998,256.09998,253.59998,252.79997,253.29997
251.79997,251.49997,251.29997,249.89998,248.99997,248.89998,249.49997,248.79997,248.69998,248.09998,248.39998,247.89998,247.59998,247.19998,247.39998,247.19998,246.49997,245.79997,246.69998,249.19998,250.39998,253.59998,255.69998,258.3,260.8,261.49997,261.89996,262.09998,262.49997,262.59998,262.59998,262.69998,262.49997,262.49997,262.3,262.19998,261.89996,261.59998,261.3,260.3,260.59998,260.39996,259.8,261.69998,259.59998,258.09998,256.59998,255.39998,256.69998,258.69998,254.29997,250.29997,249.09998,247.69998,245.79997,247.79997,246.29997,248.69998,246.99997,247.59998,247.79997,247.49997
249.69998,248.69998,248.29997,248.59998,249.39998,249.69998,248.89998,249.89998,249.79997,248.39998,247.99997,248.79997,248.89998,248.89998,249.19998,247.59998,246.79997,245.89998,247.19998,247.69998,251.09998,253.29997,256.59998,257.49997,257.89996,258.3,259.59998,260.19998,261.09998,261.39996,261.59998,261.09998,260.99997,258.39996,258.39996,260.09998,259.89996,259.49997,259.8,259.69998,259.19998,254.79997,252.79997,251.79997,250.49997,249.59998,247.39998,247.09998,247.49997,249.29997,248.19998,244.99997,242.49997,239.79997,237.69998,238.39998,237.39998,236.09998,236.09998,236.49997,237.99997,239.89998
247.79997,247.39998,249.09998,250.59998,250.69998,248.69998,247.59998,246.19998,250.39998,247.89998,249.89998,249.89998,249.39998,246.69998,247.59998,248.09998,246.69998,247.39998,248.49997,249.09998,248.99997,252.29997,255.59998,257.39996,259.49997,260.09998,258.19998,255.79997,256.59998,257.99997,256.99997,257.8,259.3,260.59998,255.99997,254.39998,253.39998,254.99997,255.99997,257.49997,254.59998,252.09998,249.49997,247.59998,246.39998,244.79997,243.29997,238.89998,237.89998,239.09998,238.89998,238.19998,236.69998,235.69998,234.59998,232.69998,232.19998,231.09998,231.09998,231.39998,231.69998,231.89998
248.19998,244.99997,245.69998,248.29997,249.09998,249.29997,252.39998,250.69998,248.29997,245.49997,244.19998,245.49997,246.99997,250.99997,250.99997,249.59998,249.19998,248.49997,247.99997,249.19998,250.49997,250.39998,251.39998,255.29997,255.09998,256.89996,257.59998,256.39996,255.79997,255.09998,252.99997,251.99997,251.19998,249.69998,249.09998,248.89998,247.89998,246.79997,246.89998,247.39998,246.89998,245.79997,244.49997,243.49997,240.69998,237.89998,236.79997,235.99997,234.19998,233.29997,232.69998,231.79997,230.59998,229.59998,228.79997,227.89998,226.59998,226.09998,226.79997,227.39998,228.29997,229.69998
245.89998,245.09998,244.39998,243.89998,243.39998,242.89998,239.59998,238.09998,242.59998,240.39998,238.59998,238.09998,236.69998,236.39998,239.69998,238.49997,239.89998,238.69998,239.19998,240.49997,242.49997,243.59998,241.39998,242.19998,246.79997,246.99997,247.29997,248.19998,249.59998,248.69998,247.79997,247.99997,248.09998,247.89998,246.69998,246.39998,242.79997,241.19998,241.19998,240.59998,239.69998,239.29997,237.49997,235.69998,233.89998,232.39998,231.09998,230.49997,229.99997,229.39998,227.99997,226.49997,225.49997,223.79997,223.59998,223.69998,224.09998,225.39998,227.19998,228.19998,230.79997,232.19998
241.09998,239.79997,235.49997,234.09998,231.19998,229.49997,228.09998,227.29997,228.29997,228.09998,227.19998,226.69998,227.29997,227.09998,226.79997,227.49997,228.39998,228.29997,228.99997,229.49997,230.59998,230.89998,230.49997,230.19998,230.89998,230.99997,229.69998,234.29997,237.99997,241.19998,241.19998,240.99997,240.39998,240.39998,240.39998,239.79997,237.69998,237.09998,236.59998,235.79997,234.89998,234.19998,232.89998,230.99997,228.89998,227.79997,226.49997,226.09998,224.99997,224.59998,223.59998,222.89998,222.39998,222.39998,222.69998,223.59998,224.69998,226.39998,227.59998,229.79997,232.29997,235.59998
230.39998,229.69998,230.19998,228.59998,227.79997,226.99997,226.09998,224.79997,224.39998,223.79997,222.89998,222.39998,222.49997,222.19998,222.09998,222.09998,222.29997,222.49997,222.69998,223.09998,223.39998,223.79997,224.49997,224.49997,224.29997,223.79997,224.79997,228.69998,232.19998,233.29997,233.89998,234.69998,235.29997,234.99997,235.09998,234.59998,233.69998,232.89998,231.99997,231.49997,230.59998,229.29997,227.79997,225.69998,224.49997,223.29997,221.69998,221.49997,221.49997,221.49997,221.59998,221.89998,222.19998,223.19998,224.29997,225.39998,226.79997,228.09998,229.39998,230.99997,233.49997,235.79997
225.19998,225.39998,225.49997,225.09998,224.69998,224.19998,223.39998,222.59998,221.59998,221.39998,220.59998,219.89998,219.69998,219.29997,218.99997,218.49997,218.19998,218.39998,218.79997,218.99997,219.19998,219.79997,220.19998,220.69998,221.59998,222.19998,223.09998,224.09998,226.49997,227.79997,228.59998,229.09998,228.89998,229.09998,229.39998,228.69998,228.79997,228.49997,227.49997,225.79997,224.39998,222.89998,221.59998,220.19998,218.79997,218.39998,218.19998,217.99997,218.09998,217.99997,218.79997,219.99997,221.19998,223.09998,225.39998,227.19998,228.59998,229.49997,230.39998,231.79997,233.59998,235.69998
224.09998,225.19998,226.89998,227.39998,227.19998,226.29997,224.89998,223.79997,223.49997,222.39998,221.69998,220.99997,218.69998,217.29997,216.79997,216.79997,216.49997,216.29997,215.39998,214.99997,215.29997,216.09998,216.89998,217.19998,217.39998,217.99997,218.39998,219.59998,220.49997,222.39998,222.79997,224.19998,224.49997,224.79997,224.79997,224.49997,224.29997,223.09998,222.09998,220.89998,219.79997,218.49997,217.19998,216.59998,215.59998,215.29997,214.69998,214.79997,215.49997,215.89998,216.69998,217.69998,218.99997,220.69998,222.09998,224.79997,226.69998,228.49997,228.59998,228.59998,228.79997,229.69998
226.09998,226.19998,227.59998,227.89998,227.39998,226.79997,226.19998,225.69998,224.49997,223.69998,223.29997,221.99997,221.19998,219.89998,218.39998,217.39998,215.89998,215.49997,215.49997,215.29997,215.09998,214.49997,213.99997,213.99997,214.19998,214.59998,214.79997,215.49997,216.49997,216.49997,217.09998,217.49997,217.29997,217.49997,217.29997,216.89998,216.69998,216.19998,215.39998,214.29997,213.09998,212.09998,211.69998,210.99997,211.19998,211.59998,211.99997,212.59998,213.59998,214.69998,215.89998,216.29997,216.49997,216.89998,218.09998,219.59998,220.19998,220.69998,221.59998,223.69998,224.69998,225.79997
