nws-json/temp_20190821_06.f000.json
{"header": { "discipline":0, "disciplineName":"Meteorological products", "gribEdition":2, "gribLength":50002, "center":7, "centerName":"US National Weather Service - NCEP(WMC)", "subcenter":0, "refTime":"2019-08-21T06:00:00.000Z", "significanceOfRT":1, "significanceOfRTName":"Start of forecast", "productStatus":0, "productStatusName":"Operational products", "productType":1, "productTypeName":"Forecast products", "productDefinitionTemplate":0, "productDefinitionTemplateName":"Analysis/forecast at horizontal level/layer at a point in time", "parameterCategory":0, "parameterCategoryName":"Temperature", "parameterNumber":0, "parameterNumberName":"Temperature", "parameterUnit":"K", "genProcessType":2, "genProcessTypeName":"Forecast", "forecastTime":0, "surface1Type":1, "surface1TypeName":"Ground or water surface", "surface1Value":0.0, "surface2Type":255, "surface2TypeName":"Missing", "surface2Value":0.0, "gridDefinitionTemplate":0, "gridDefinitionTemplateName":"Latitude_Longitude", "numberPoints":65160, "shape":6, "shapeName":"Earth spherical with radius of 6,371,229.0 m", "gridUnits":"degrees", "resolution":48, "winds":"true", "scanMode":0, "nx":360, "ny":181, "basicAngle":0, "lo1":0.0, "la1":90.0, "lo2":359.0, "la2":-90.0, "dx":1.0, "dy":1.0 }, "data":
[rows 104 to 129 of 181, columns 180 to 239 of 360]
302.00174,301.90173,302.10175,302.40173,302.20172,302.10175,302.30173,302.00174,301.80173,301.40173,301.30173,301.40173,301.30173,300.90173,301.10175,301.50174,301.00174,300.90173,300.80173,300.70172,300.90173,300.90173,300.80173,300.50174,300.50174,300.50174,300.70172,300.70172,300.80173,300.70172,300.40173,300.40173,300.30173,300.10175,300.30173,300.40173,300.40173,300.10175,300.00174,299.90173,299.90173,299.90173,299.90173,299.70172,299.60175,299.50174,299.60175,299.40173,299.20172,299.00174,298.90173,298.70172,298.60175,298.50174,298.30173,298.20172,298.10175,298.10175,297.90173,297.70172
302.10175,301.80173,301.60175,302.10175,301.90173,302.50174,302.00174,301.60175,301.70172,301.80173,301.50174,301.40173,301.40173,301.50174,301.10175,300.70172,301.00174,300.70172,300.50174,300.50174,300.60175,300.50174,300.30173,300.20172,300.30173,300.20172,300.30173,300.20172,300.20172,300.10175,300.00174,300.20172,300.00174,299.90173,299.90173,299.90173,300.10175,300.20172,300.00174,299.90173,299.70172,299.60175,299.70172,299.60175,299.50174,299.40173,299.30173,299.10175,298.90173,298.80173,298.90173,298.80173,298.40173,298.30173,298.10175,298.10175,298.00174,297.70172,297.70172,297.50174
300.20172,300.10175,301.40173,301.40173,301.00174,301.30173,301.40173,301.70172,301.70172,301.40173,301.30173,301.40173,301.20172,301.20172,301.10175,301.20172,300.80173,300.60175,300.40173,300.30173,300.10175,300.00174,299.70172,300.00174,300.10175,300.00174,300.00174,299.90173,299.80173,299.70172,299.70172,299.70172,299.70172,299.70172,299.60175,299.60175,299.80173,299.80173,299.60175,299.60175,299.30173,299.00174,299.30173,299.20172,299.20172,299.30173,299.30173,299.00174,298.70172,298.70172,298.60175,298.60175,298.50174,298.30173,298.10175,298.10175,297.90173,297.60175,297.50174,297.40173
299.10175,299.50174,300.30173,300.80173,300.30173,300.40173,300.60175,300.60175,300.90173,301.10175,300.90173,301.00174,301.30173,300.70172,300.20172,300.50174,300.70172,300.40173,300.70172,299.80173,299.60175,299.60175,299.70172,299.70172,299.60175,299.50174,299.50174,299.30173,299.50174,299.40173,299.50174,299.50174,299.40173,299.30173,299.40173,299.50174,299.50174,299.50174,299.50174,299.50174,299.20172,298.90173,299.00174,299.00174,298.90173,298.90173,298.90173,298.80173,298.60175,298.60175,298.50174,298.50174,298.50174,298.40173,298.00174,298.00174,297.90173,297.60175,297.50174,297.30173
298.70172,298.70172,299.40173,299.80173,299.70172,299.30173,299.20172,299.70172,300.40173,300.50174,300.20172,300.20172,300.20172,300.20172,300.10175,300.20172,300.30173,300.30173,300.10175,299.70172,299.50174,299.60175,299.50174,299.50174,299.40173,299.20172,298.90173,298.80173,299.10175,299.30173,299.60175,299.50174,299.20172,298.90173,299.00174,299.00174,299.00174,299.20172,299.30173,299.20172,298.90173,298.60175,298.90173,298.90173,298.70172,298.40173,298.40173,298.60175,298.40173,298.50174,298.40173,298.30173,298.20172,298.10175,298.00174,298.00174,297.70172,297.50174,297.40173,297.20172
298.10175,297.90173,298.50174,299.20172,299.00174,299.00174,298.80173,299.10175,299.80173,300.00174,299.60175,299.40173,299.30173,299.20172,299.20172,299.20172,299.40173,299.70172,299.70172,299.70172,299.30173,299.20172,299.00174,299.20172,299.10175,298.80173,298.60175,298.60175,298.70172,298.90173,299.00174,299.20172,299.10175,298.70172,298.50174,298.40173,298.50174,298.80173,298.70172,298.60175,298.50174,298.50174,298.40173,298.60175,298.40173,297.90173,297.80173,298.10175,298.20172,298.30173,298.20172,298.10175,298.00174,297.80173,297.50174,297.50174,297.40173,297.30173,297.10175,296.90173
297.80173,297.70172,298.10175,298.20172,298.30173,298.30173,298.20172,298.10175,298.40173,298.90173,299.00174,298.70172,298.40173,298.30173,298.40173,298.80173,298.80173,298.70172,299.10175,299.20172,299.10175,298.80173,298.70172,298.60175,298.50174,298.70172,298.40173,298.20172,298.60175,298.60175,298.70172,298.70172,298.70172,298.40173,298.30173,298.10175,298.30173,298.30173,297.90173,297.90173,298.10175,298.10175,297.90173,298.10175,298.00174,297.70172,297.70172,297.90173,297.60175,297.80173,297.90173,298.10175,298.00174,297.80173,297.20172,297.10175,297.20172,297.20172,296.90173,296.70172
297.20172,297.30173,297.20172,297.00174,297.40173,297.70172,297.70172,297.60175,297.50174,297.80173,298.00174,298.20172,298.10175,297.70172,297.40173,297.90173,298.10175,297.90173,297.80173,297.70172,298.10175,298.30173,298.20172,298.10175,298.00174,298.40173,298.10175,297.70172,298.10175,298.30173,298.20172,297.90173,298.20172,298.00174,297.40173,297.70172,297.60175,297.80173,297.40173,297.20172,297.70172,297.70172,297.30173,297.60175,297.50174,297.30173,297.40173,297.40173,297.30173,297.20172,297.30173,297.20172,297.10175,297.00174,296.70172,296.60175,296.70172,296.80173,296.70172,296.70172
296.30173,296.50174,296.40173,296.60175,296.90173,297.10175,297.10175,297.30173,297.00174,296.70172,296.90173,297.70172,297.30173,297.10175,296.90173,297.10175,297.30173,297.50174,297.50174,297.00174,296.80173,297.30173,297.50174,297.60175,297.80173,297.80173,297.60175,297.40173,297.90173,297.70172,297.40173,296.90173,297.30173,297.30173,297.00174,297.00174,296.60175,296.90173,297.00174,296.90173,297.30173,297.20172,296.90173,297.10175,297.00174,296.70172,296.60175,296.60175,296.80173,297.10175,296.80173,296.60175,296.60175,296.80173,296.60175,296.40173,296.20172,296.40173,296.20172,296.30173
296.20172,296.30173,296.20172,296.20172,296.30173,296.40173,296.20172,296.40173,296.50174,296.20172,296.20172,296.40173,296.70172,296.40173,296.10175,296.40173,296.30173,296.60175,296.80173,296.80173,296.50174,296.30173,296.50174,296.30173,296.40173,296.60175,296.80173,296.90173,297.10175,297.10175,296.70172,296.30173,296.40173,296.30173,296.70172,296.90173,296.10175,296.10175,296.30173,296.20172,296.40173,296.20172,296.40173,296.50174,296.40173,296.00174,295.90173,295.60175,295.80173,296.30173,296.20172,296.00174,296.00174,296.20172,296.20172,296.10175,295.80173,295.80173,295.40173,295.10175
295.80173,295.30173,295.40173,295.90173,296.20172,296.00174,295.90173,296.00174,296.00174,296.00174,295.80173,295.60175,296.20172,295.90173,295.60175,295.80173,295.60175,295.50174,295.70172,296.40173,296.60175,296.10175,295.80173,295.60175,295.40173,295.70172,295.90173,295.50174,295.50174,296.30173,296.70172,296.30173,295.90173,295.60175,296.00174,296.50174,295.80173,295.30173,295.30173,295.30173,295.40173,295.30173,295.70172,296.00174,295.90173,295.90173,295.60175,295.20172,295.20172,295.50174,295.80173,295.60175,295.30173,295.10175,295.30173,295.60175,295.50174,295.20172,294.90173,294.70172
294.70172,294.60175,294.50174,294.80173,294.90173,294.90173,295.10175,294.60175,294.50174,295.10175,295.20172,295.40173,295.50174,295.40173,295.10175,295.30173,295.10175,294.90173,295.10175,295.10175,294.90173,294.60175,294.70172,294.30173,294.30173,295.30173,295.70172,295.10175,294.70172,295.00174,295.70172,295.40173,295.00174,295.10175,295.30173,295.60175,295.10175,294.60175,294.60175,294.70172,294.70172,294.70172,294.90173,294.50174,294.50174,295.10175,295.40173,295.10175,294.80173,294.40173,294.80173,294.80173,294.20172,294.20172,294.20172,294.80173,295.10175,295.00174,294.40173,294.50174
294.00174,294.50174,294.00174,293.70172,293.80173,293.90173,294.30173,293.80173,293.80173,294.30173,294.20172,294.50174,294.70172,294.60175,294.30173,294.40173,294.30173,294.10175,294.20172,294.20172,294.20172,293.70172,293.80173,293.70172,293.80173,294.00174,294.00174,294.30173,294.20172,293.90173,294.20172,294.30173,294.10175,294.30173,294.30173,294.70172,294.50174,294.00174,293.70172,293.70172,293.80173,293.60175,293.80173,293.80173,293.60175,293.90173,294.40173,294.30173,294.10175,293.80173,294.10175,294.20172,293.80173,293.70172,293.70172,294.00174,294.30173,294.00174,293.70172,293.60175
293.70172,294.20172,293.70172,293.70172,294.00174,293.70172,293.70172,293.40173,293.20172,293.40173,293.00174,292.70172,292.80173,293.60175,293.60175,293.40173,293.20172,293.00174,293.00174,293.20172,293.70172,293.80173,293.40173,293.20172,293.50174,293.30173,293.30173,293.80173,294.00174,293.40173,292.40173,293.10175,293.60175,293.40173,293.10175,293.90173,293.70172,293.60175,293.20172,293.10175,293.50174,293.10175,293.10175,293.40173,293.00174,293.10175,293.10175,292.70172,292.90173,292.90173,293.10175,293.10175,292.90173,292.90173,293.00174,293.10175,293.60175,293.40173,292.90173,292.80173
293.40173,293.50174,292.90173,292.90173,293.50174,293.30173,293.30173,292.60175,292.20172,293.00174,292.90173,292.50174,292.10175,292.30173,292.60175,292.70172,292.90173,292.50174,292.20172,292.00174,292.30173,292.80173,292.80173,292.90173,292.60175,292.80173,293.30173,293.00174,293.10175,293.10175,292.00174,292.70172,293.00174,292.20172,292.30173,292.90173,292.80173,292.90173,292.20172,292.20172,293.10175,292.90173,292.80173,292.80173,292.40173,292.40173,292.20172,292.20172,292.30173,292.20172,292.10175,292.10175,292.10175,292.10175,292.00174,292.40173,292.70172,292.60175,292.70172,292.50174
292.80173,292.40173,291.80173,292.00174,292.10175,292.30173,292.30173,291.70172,291.80173,292.70172,292.70172,292.70172,292.20172,291.90173,292.00174,292.10175,292.50174,292.40173,292.10175,291.80173,291.80173,292.10175,292.30173,292.40173,292.20172,292.60175,293.20172,292.40173,291.80173,292.30173,292.00174,291.90173,292.00174,291.30173,291.30173,291.70172,291.80173,291.50174,290.90173,291.60175,292.10175,292.20172,292.00174,292.50174,292.50174,292.30173,291.90173,291.70172,291.10175,291.00174,291.00174,291.60175,291.80173,291.60175,291.20172,291.40173,291.60175,291.50174,291.80173,292.10175
292.20172,291.50174,291.20172,291.60175,291.10175,291.70172,291.70172,291.50174,291.30173,291.40173,291.40173,292.10175,291.70172,291.20172,291.30173,290.80173,291.00174,291.30173,291.70172,291.60175,291.30173,291.70172,291.70172,291.30173,291.70172,292.00174,291.90173,291.90173,291.70172,292.30173,292.20172,291.70172,291.20172,290.90173,291.00174,291.20172,291.40173,291.00174,290.80173,291.60175,291.80173,291.60175,291.30173,291.60175,291.90173,291.70172,291.20172,291.00174,290.20172,289.70172,289.90173,290.40173,291.00174,291.10175,291.00174,290.80173,290.80173,290.90173,290.60175,290.80173
290.60175,290.50174,290.80173,290.90173,290.50174,291.20172,291.30173,290.90173,290.20172,290.00174,290.00174,290.80173,291.40173,290.80173,291.10175,291.00174,290.90173,291.30173,291.50174,291.20172,291.00174,291.20172,290.90173,290.20172,290.40173,290.70172,290.80173,290.90173,291.00174,291.00174,291.00174,290.90173,290.60175,290.20172,290.50174,291.20172,292.00174,291.80173,291.30173,291.50174,291.50174,291.10175,291.10175,291.10175,290.60175,290.90173,290.30173,289.90173,289.50174,289.20172,289.30173,289.80173,290.50174,290.80173,290.60175,290.60175,290.60175,290.50174,290.40173,290.20172
290.40173,290.40173,290.50174,290.40173,289.80173,290.10175,290.60175,290.10175,289.70172,289.90173,289.60175,290.10175,290.50174,289.90173,290.40173,290.40173,290.30173,290.60175,290.60175,290.40173,290.10175,290.10175,290.10175,290.20172,290.60175,290.70172,290.40173,290.20172,290.20172,290.00174,290.00174,290.40173,290.60175,290.40173,289.80173,289.80173,291.20172,291.40173,290.50174,290.70172,290.60175,290.00174,290.00174,289.90173,289.20172,289.80173,289.20172,288.70172,289.10175,289.20172,289.10175,289.50174,289.50174,289.60175,289.60175,289.60175,289.10175,288.90173,289.90173,290.00174
289.30173,289.40173,289.20172,289.40173,289.40173,289.10175,289.30173,288.70172,288.60175,289.20172,289.20172,289.00174,289.30173,289.40173,289.50174,289.10175,289.20172,289.70172,289.40173,289.40173,289.20172,289.40173,289.70172,289.70172,289.70172,290.00174,289.30173,288.90173,289.40173,289.60175,289.90173,290.20172,290.20172,289.60175,289.00174,289.10175,289.90173,289.90173,289.00174,289.40173,289.40173,288.70172,288.80173,288.90173,288.60175,288.40173,288.30173,288.40173,288.60175,287.90173,287.80173,288.60175,289.10175,289.20172,288.80173,288.70172,288.70172,288.60175,289.10175,289.20172
287.90173,288.00174,288.30173,288.60175,288.50174,288.20172,288.30173,288.00174,287.80173,288.00174,288.30173,288.60175,288.80173,288.80173,288.60175,288.40173,288.90173,289.00174,288.90173,289.00174,288.80173,288.80173,289.10175,289.10175,288.70172,288.90173,289.00174,288.30173,288.40173,289.10175,289.30173,289.40173,289.30173,289.00174,288.40173,288.40173,288.90173,288.70172,288.20172,288.60175,288.40173,288.40173,288.20172,287.90173,287.70172,287.20172,287.50174,287.90173,288.10175,287.70172,287.30173,287.50174,287.50174,287.50174,287.90173,288.30173,288.40173,287.90173,287.90173,287.80173
288.20172,287.90173,287.90173,288.10175,288.00174,287.70172,287.60175,287.50174,287.10175,287.10175,287.70172,288.20172,288.10175,287.70172,287.70172,288.40173,289.10175,288.60175,288.60175,288.60175,288.40173,288.80173,288.40173,288.00174,288.00174,288.20172,288.80173,288.50174,288.40173,288.50174,288.60175,288.70172,288.40173,288.30173,288.20172,287.80173,288.10175,288.20172,288.20172,288.10175,287.60175,287.90173,287.70172,287.20172,286.80173,286.70172,286.70172,287.00174,287.50174,287.60175,287.20172,286.40173,286.60175,286.90173,287.60175,287.50174,286.80173,286.40173,286.90173,287.10175
288.20172,288.00174,287.90173,287.50174,287.60175,287.50174,287.30173,287.00174,286.80173,286.90173,287.30173,287.50174,287.20172,287.00174,287.10175,287.80173,288.10175,288.00174,287.90173,287.70172,287.20172,287.40173,287.80173,287.60175,287.70172,287.90173,287.90173,287.70172,287.50174,287.70172,287.60175,287.80173,287.40173,287.40173,287.30173,287.20172,287.30173,287.70172,287.60175,287.60175,287.30173,287.20172,287.30173,286.90173,286.60175,286.60175,286.40173,285.90173,285.90173,286.40173,286.60175,286.40173,286.80173,286.90173,286.80173,286.40173,286.00174,286.20172,286.60175,286.70172
288.00174,287.90173,287.70172,287.70172,287.30173,286.80173,286.50174,286.50174,286.40173,286.10175,286.60175,286.70172,286.50174,286.80173,287.30173,287.40173,287.40173,287.70172,287.20172,286.90173,286.80173,286.50174,286.80173,286.90173,286.90173,286.60175,286.60175,286.70172,287.00174,287.00174,286.40173,286.10175,286.40173,286.60175,286.80173,286.80173,287.10175,287.60175,287.30173,286.80173,286.50174,286.70172,286.90173,286.50174,286.10175,286.20172,286.30173,285.90173,285.70172,285.90173,285.80173,285.70172,286.40173,286.50174,285.60175,285.50174,285.60175,285.90173,286.40173,286.20172
287.40173,286.90173,286.70172,287.00174,286.70172,286.30173,286.10175,285.80173,285.80173,285.70172,286.00174,286.20172,286.10175,286.10175,286.40173,286.20172,286.40173,286.30173,285.80173,285.90173,286.20172,286.20172,286.10175,285.90173,285.80173,285.90173,286.30173,286.60175,286.80173,286.60175,285.90173,285.90173,286.60175,286.90173,286.60175,286.30173,286.40173,286.40173,285.70172,285.50174,285.60175,286.20172,286.50174,285.70172,285.20172,285.40173,285.50174,285.10175,284.90173,285.00174,285.40173,284.90173,284.80173,285.00174,284.90173,285.00174,285.10175,285.50174,286.00174,285.50174
286.70172,285.90173,285.70172,285.50174,285.80173,286.40173,286.00174,285.50174,285.70172,285.80173,285.90173,285.70172,285.40173,285.40173,285.80173,285.30173,285.00174,285.40173,285.50174,285.90173,286.10175,285.90173,285.60175,285.80173,285.80173,285.60175,285.80173,286.20172,286.30173,286.00174,285.70172,285.90173,286.30173,286.00174,285.70172,285.40173,285.40173,285.20172,284.90173,285.30173,285.50174,285.60175,285.70172,285.00174,284.70172,284.90173,284.90173,284.50174,284.40173,284.50174,284.80173,284.30173,283.50174,283.60175,284.00174,284.60175,284.70172,284.50174,284.70172,284.60175
