nws-json/temp_20190823_18.f000.json
{"header": { "discipline":0, "disciplineName":"Meteorological products", "gribEdition":2, "gribLength":50151, "center":7, "centerName":"US National Weather Service - NCEP(WMC)", "subcenter":0, "refTime":"2019-08-23T18:00:00.000Z", "significanceOfRT":1, "significanceOfRTName":"Start of forecast", "productStatus":0, "productStatusName":"Operational products", "productType":1, "productTypeName":"Forecast products", "productDefinitionTemplate":0, "productDefinitionTemplateName":"Analysis/forecast at horizontal level/layer at a point in time", "parameterCategory":0, "parameterCategoryName":"Temperature", "parameterNumber":0, "parameterNumberName":"Temperature", "parameterUnit":"K", "genProcessType":2, "genProcessTypeName":"Forecast", "forecastTime":0, "surface1Type":1, "surface1TypeName":"Ground or water surface", "surface1Value":0.0, "surface2Type":255, "surface2TypeName":"Missing", "surface2Value":0.0, "gridDefinitionTemplate":0, "gridDefinitionTemplateName":"Latitude_Longitude", "numberPoints":65160, "shape":6, "shapeName":"Earth spherical with radius of 6,371,229.0 m", "gridUnits":"degrees", "resolution":48, "winds":"true", "scanMode":0, "nx":360, "ny":181, "basicAngle":0, "lo1":0.0, "la1":90.0, "lo2":359.0, "la2":-90.0, "dx":1.0, "dy":1.0 }, "data":
[rows 26 to 51 of 181, columns 180 to 239 of 360]
277.41495,280.01495,281.91495,282.31494,282.31494,282.31494,281.91495,281.41495,280.91495,280.81494,281.01495,281.71494,283.01495,283.71494,285.01495,286.21494,286.41495,286.61493,287.01495,286.61493,284.51495,285.11493,284.81494,283.51495,283.41495,281.41495,281.91495,281.31494,282.81494,284.01495,284.21494,282.31494,282.31494,285.41495,285.01495,287.61493,281.71494,285.61493,283.71494,283.71494,285.51495,284.81494,282.01495,279.51495,285.71494,277.21494,284.11493,283.21494,284.01495,283.71494,285.01495,287.91495,285.41495,285.61493,288.11493,285.11493,286.91495,286.21494,285.81494,287.61493
280.81494,282.61493,282.51495,282.71494,282.71494,282.81494,282.61493,282.51495,282.41495,282.01495,281.71494,282.21494,282.41495,283.51495,284.81494,285.71494,285.41495,285.31494,282.51495,283.21494,285.11493,285.21494,286.81494,284.61493,283.01495,284.81494,284.31494,284.01495,278.91495,272.91495,285.21494,284.21494,284.01495,284.61493,283.11493,287.71494,283.11493,284.41495,286.31494,286.31494,285.21494,285.51495,284.71494,286.11493,284.91495,285.01495,285.91495,286.21494,283.11493,283.11493,284.11493,283.11493,284.01495,284.61493,285.41495,286.81494,286.71494,286.41495,286.51495,287.01495
282.41495,282.61493,282.91495,283.11493,283.11493,282.91495,282.71494,282.71494,282.81494,283.01495,283.01495,283.01495,283.41495,284.71494,285.61493,285.61493,285.51495,284.81494,285.11493,284.31494,284.51495,283.71494,285.51495,288.11493,285.71494,284.11493,278.21494,280.81494,288.21494,288.51495,287.11493,282.61493,282.91495,286.31494,286.11493,285.11493,271.71494,276.71494,279.91495,277.01495,284.21494,284.01495,284.11493,284.21494,285.41495,285.11493,282.81494,284.21494,285.81494,285.61493,281.51495,281.51495,278.81494,285.01495,285.61493,285.01495,286.31494,289.01495,287.81494,286.81494
283.01495,283.21494,283.21494,283.31494,283.41495,283.31494,282.81494,282.51495,282.91495,283.31494,283.31494,283.31494,283.91495,285.11493,286.51495,285.71494,283.91495,285.61493,287.31494,287.61493,285.41495,288.21494,288.31494,283.51495,289.31494,288.41495,284.11493,275.11493,290.61493,285.51495,284.31494,283.31494,290.01495,288.91495,288.51495,288.41495,288.21494,285.31494,286.71494,283.21494,273.11493,279.71494,282.41495,277.81494,278.31494,278.81494,277.01495,277.51495,279.71494,280.91495,282.01495,282.91495,284.11493,282.11493,283.51495,283.71494,286.21494,286.21494,289.51495,288.21494
283.41495,283.41495,283.31494,283.31494,283.31494,283.31494,283.01495,282.81494,283.01495,283.41495,283.81494,283.61493,284.21494,284.81494,285.81494,287.11493,286.41495,286.31494,286.51495,286.31494,285.11493,287.21494,290.01495,289.31494,287.71494,289.11493,285.61493,277.71494,285.71494,289.81494,273.21494,287.51495,287.11493,287.31494,287.11493,287.31494,287.91495,287.81494,284.51495,275.81494,278.31494,273.21494,282.51495,277.91495,277.31494,279.61493,281.71494,282.01495,278.91495,277.01495,279.41495,285.91495,288.21494,281.01495,278.11493,281.81494,288.21494,288.11493,288.31494,287.81494
283.41495,283.11493,283.01495,283.01495,283.31494,283.71494,283.91495,283.71494,283.61493,283.91495,284.41495,284.51495,284.41495,284.61493,285.01495,285.61493,286.71494,287.41495,287.21494,285.91495,286.41495,289.41495,290.21494,288.51495,288.21494,285.81494,287.71494,285.71494,284.81494,285.71494,286.01495,286.31494,286.81494,287.11493,287.41495,287.51495,287.71494,288.11493,288.21494,288.01495,287.71494,287.31494,281.71494,280.31494,279.61493,280.61493,275.71494,282.41495,280.51495,277.71494,280.71494,279.71494,280.71494,281.21494,279.51495,287.51495,288.71494,288.81494,287.51495,288.21494
282.71494,283.11493,283.21494,283.21494,283.31494,283.61493,283.81494,284.11493,284.21494,284.41495,284.71494,285.01495,285.21494,285.31494,285.61493,285.91495,286.21494,286.51495,287.01495,287.51495,287.41495,287.51495,287.71494,289.11493,287.51495,288.01495,287.01495,286.41495,285.41495,285.31494,285.81494,286.31494,287.11493,287.51495,287.61493,287.51495,287.51495,287.81494,287.91495,287.91495,287.81494,287.71494,287.21494,286.11493,281.61493,284.21494,283.41495,273.31494,276.01495,283.11493,280.91495,281.21494,280.11493,279.91495,278.31494,274.61493,284.41495,288.51495,290.11493,291.11493
282.31494,282.81494,283.51495,283.71494,283.81494,283.91495,284.11493,284.41495,284.51495,284.71494,284.91495,285.21494,285.71494,285.81494,286.01495,286.61493,287.11493,287.51495,287.71494,287.81494,287.51495,286.81494,289.11493,287.01495,286.81494,286.31494,285.41495,286.21494,286.11493,286.51495,286.91495,287.11493,287.31494,287.41495,287.51495,287.41495,287.51495,287.71494,287.71494,287.61493,287.51495,287.31494,286.91495,286.31494,285.71494,280.91495,283.61493,283.11493,273.51495,273.21494,278.51495,278.71494,278.71494,279.21494,278.41495,281.31494,279.51495,285.31494,288.71494,290.01495
282.31494,282.51495,283.01495,283.51495,283.81494,283.91495,284.21494,284.41495,284.61493,284.81494,285.01495,285.11493,285.51495,286.11493,286.61493,287.11493,287.61493,287.61493,287.31494,287.91495,287.11493,287.71494,286.31494,285.91495,285.51495,285.21494,285.81494,286.51495,287.01495,287.01495,287.11493,287.21494,287.31494,287.31494,287.41495,287.41495,287.51495,287.81494,287.81494,287.61493,287.51495,287.21494,286.71494,286.31494,286.01495,284.91495,284.91495,284.11493,283.51495,281.01495,278.71494,281.81494,280.61493,278.91495,279.21494,280.51495,285.61493,282.21494,288.81494,289.71494
282.01495,282.31494,282.71494,283.01495,283.01495,283.11493,283.31494,284.11493,284.91495,284.71494,284.61493,284.81494,285.11493,285.71494,285.81494,285.71494,288.31494,289.01495,285.91495,286.51495,286.61493,286.81494,286.41495,286.11493,286.11493,286.41495,286.81494,287.11493,287.31494,287.31494,287.21494,287.11493,287.01495,286.91495,286.91495,286.91495,287.01495,287.21494,287.21494,287.11493,287.01495,287.01495,286.81494,286.71494,286.61493,286.61493,286.01495,285.31494,286.11493,283.91495,282.31494,279.51495,281.41495,280.71494,284.91495,285.81494,285.21494,284.21494,281.31494,285.51495
282.01495,282.01495,282.11493,282.31494,282.51495,282.81494,283.01495,283.41495,283.81494,283.91495,284.01495,284.11493,284.11493,284.41495,285.11493,285.71494,286.61493,286.71494,286.91495,287.01495,287.31494,287.21494,287.11493,286.91495,286.81494,286.71494,286.71494,286.81494,287.11493,287.21494,287.31494,287.31494,287.11493,286.81494,286.61493,286.51495,286.41495,286.51495,286.81494,286.91495,287.21494,287.51495,287.01495,286.61493,286.71494,287.21494,287.21494,285.91495,287.01495,287.71494,282.41495,280.41495,278.91495,281.21494,283.11493,286.11493,290.01495,287.91495,286.21494,280.41495
281.91495,281.71494,281.81494,281.91495,281.81494,282.01495,282.51495,283.11493,283.11493,283.01495,283.51495,284.21494,285.51495,286.51495,286.71494,286.81494,286.71494,286.91495,286.71494,287.01495,287.21494,287.01495,286.81494,286.81494,286.91495,287.01495,286.81494,286.71494,286.91495,286.91495,286.81494,286.71494,286.71494,286.51495,286.41495,286.31494,286.31494,286.41495,286.61493,286.71494,286.71494,287.01495,286.91495,286.91495,286.91495,287.11493,286.91495,286.81494,285.71494,287.21494,287.21494,283.01495,281.31494,280.41495,281.11493,289.01495,290.61493,289.51495,283.41495,281.81494
281.61493,281.41495,281.31494,281.31494,281.51495,282.01495,282.91495,284.21494,285.21494,285.11493,285.61493,286.11493,286.41495,286.41495,286.41495,286.51495,286.51495,286.41495,286.51495,286.61493,286.51495,286.31494,286.31494,286.41495,286.51495,286.51495,286.41495,286.41495,286.31494,286.41495,286.51495,286.51495,286.61493,286.51495,286.41495,286.41495,286.51495,286.51495,286.51495,286.51495,286.61493,286.71494,287.01495,287.11493,287.21494,287.01495,286.91495,286.71494,286.11493,286.01495,287.11493,287.31494,285.51495,280.41495,275.91495,290.91495,294.71494,286.41495,283.91495,281.41495
283.41495,282.81494,282.41495,282.51495,282.81494,283.51495,284.21494,284.91495,285.41495,285.31494,285.31494,285.61493,285.81494,285.81494,286.01495,286.41495,286.51495,286.51495,286.61493,286.71494,286.71494,286.61493,286.61493,286.61493,286.71494,286.61493,286.61493,286.51495,286.51495,286.61493,286.81494,286.81494,286.91495,286.91495,286.91495,286.81494,286.91495,286.91495,287.01495,287.11493,287.21494,287.21494,287.41495,288.01495,288.31494,287.61493,287.51495,287.61493,287.41495,287.61493,288.11493,287.61493,286.71494,285.11493,282.41495,283.01495,282.51495,281.51495,289.21494,285.61493
283.01495,282.71494,282.71494,283.11493,283.51495,283.81494,284.21494,284.31494,284.61493,285.11493,285.51495,285.61493,285.61493,285.51495,285.81494,286.11493,286.31494,286.41495,286.61493,286.81494,286.81494,287.01495,287.01495,287.01495,287.11493,287.11493,287.11493,287.01495,287.01495,287.31494,287.51495,287.61493,287.51495,287.51495,287.61493,287.71494,287.51495,287.41495,287.61493,287.61493,287.71494,287.81494,287.81494,287.91495,288.11493,288.01495,288.21494,288.41495,288.31494,288.31494,288.41495,288.21494,287.81494,284.71494,282.31494,290.21494,290.01495,286.21494,287.41495,286.91495
282.51495,282.51495,283.01495,283.61493,283.91495,284.11493,284.31494,284.51495,284.71494,285.31494,285.71494,285.81494,285.61493,285.51495,285.61493,285.71494,285.91495,286.11493,286.61493,286.81494,286.81494,287.01495,287.01495,287.21494,287.41495,287.41495,287.41495,287.51495,287.61493,287.71494,287.91495,287.91495,287.81494,287.71494,287.81494,288.01495,288.11493,288.11493,288.21494,288.21494,288.31494,288.41495,288.51495,288.61493,288.61493,288.71494,288.81494,289.01495,289.01495,289.11493,289.01495,289.01495,289.11493,288.51495,288.71494,292.71494,288.71494,290.41495,288.01495,283.31494
283.01495,283.21494,283.81494,284.11493,284.41495,284.61493,284.91495,285.21494,285.61493,286.11493,286.51495,286.41495,286.31494,286.51495,286.31494,286.11493,286.21494,286.61493,287.11493,287.31494,287.21494,287.11493,287.21494,287.31494,287.41495,287.41495,287.61493,287.91495,288.01495,288.21494,288.11493,288.11493,288.11493,288.01495,288.31494,288.31494,288.21494,288.41495,288.71494,289.01495,289.21494,289.31494,289.31494,289.21494,289.11493,289.11493,289.21494,289.51495,289.71494,290.41495,290.71494,290.21494,289.91495,289.91495,289.11493,287.11493,290.41495,290.31494,293.31494,296.21494
283.11493,283.11493,283.81494,284.41495,284.61493,284.81494,285.11493,285.71494,286.41495,286.81494,287.11493,287.31494,287.31494,287.31494,287.11493,286.71494,286.91495,287.51495,287.91495,287.81494,287.71494,287.61493,287.61493,287.61493,287.61493,287.61493,287.91495,288.01495,288.01495,288.21494,288.11493,288.21494,288.41495,288.51495,288.51495,288.61493,288.81494,288.91495,289.11493,289.41495,289.71494,289.81494,289.71494,289.71494,289.71494,289.81494,289.91495,290.01495,290.01495,290.11493,290.61493,290.51495,290.41495,290.51495,290.51495,289.31494,291.41495,294.51495,293.01495,298.81494
283.81494,284.11493,284.71494,285.01495,285.11493,285.21494,285.41495,285.91495,286.71494,287.41495,287.81494,288.01495,288.01495,287.71494,287.61493,287.41495,287.71494,288.21494,288.41495,288.51495,288.31494,288.21494,288.11493,288.31494,288.11493,288.01495,288.31494,288.31494,288.61493,288.81494,288.71494,288.91495,289.01495,289.11493,289.21494,289.21494,289.51495,289.71494,289.71494,290.11493,290.31494,290.31494,290.41495,290.31494,290.31494,290.81494,290.91495,290.61493,290.31494,290.61493,291.01495,291.01495,290.91495,291.21494,291.41495,291.11493,289.31494,293.51495,298.11493,299.41495
284.91495,285.51495,285.91495,285.81494,286.01495,286.21494,286.31494,286.51495,287.51495,288.31494,288.41495,288.21494,288.21494,288.31494,288.51495,288.61493,288.61493,288.81494,288.91495,288.91495,288.81494,288.81494,288.81494,288.81494,288.81494,288.81494,288.91495,289.01495,289.41495,289.51495,289.41495,289.61493,290.01495,290.21494,290.21494,290.21494,290.61493,290.71494,290.71494,290.81494,291.01495,291.01495,291.11493,290.91495,291.01495,291.21494,291.21494,291.11493,291.21494,291.21494,291.21494,291.61493,291.61493,291.31494,291.31494,290.51495,291.21494,297.81494,300.51495,305.21494
285.71494,285.91495,286.41495,286.81494,287.21494,287.31494,287.31494,287.91495,288.51495,289.11493,289.31494,289.21494,289.11493,289.41495,289.41495,289.61493,289.61493,289.31494,289.21494,289.21494,289.01495,289.11493,289.51495,289.41495,289.61493,289.61493,289.71494,290.11493,290.31494,290.41495,290.41495,290.51495,291.01495,291.31494,291.41495,291.71494,291.61493,291.61493,291.61493,291.61493,291.51495,291.31494,291.31494,291.41495,291.41495,291.81494,291.91495,291.91495,291.91495,292.01495,291.81494,291.81494,291.81494,291.61493,291.81494,290.71494,299.51495,296.61493,302.71494,306.71494
286.61493,286.71494,287.11493,287.61493,288.21494,288.61493,289.21494,289.61493,289.91495,290.31494,290.81494,290.61493,290.31494,290.21494,290.11493,290.41495,290.21494,289.81494,289.81494,290.01495,289.91495,290.01495,290.31494,290.41495,290.71494,290.81494,291.01495,291.11493,291.21494,291.51495,291.61493,291.81494,292.01495,292.31494,292.61493,292.51495,292.31494,292.31494,292.31494,292.11493,292.11493,291.91495,291.91495,292.01495,292.21494,292.41495,292.51495,292.71494,292.81494,292.61493,292.11493,292.01495,291.81494,291.51495,291.41495,289.81494,301.61493,298.91495,298.71494,304.91495
288.31494,288.71494,289.31494,289.31494,289.71494,290.21494,290.81494,291.31494,291.71494,292.01495,292.11493,292.01495,291.71494,291.61493,291.51495,291.91495,291.31494,290.61493,290.61493,290.71494,290.61493,290.71494,291.01495,291.21494,291.71494,291.81494,292.31494,292.11493,292.11493,292.51495,292.61493,293.01495,293.11493,293.31494,293.21494,292.91495,292.61493,292.61493,292.71494,292.61493,292.81494,292.71494,292.51495,292.71494,292.81494,293.61493,293.21494,293.51495,293.31494,293.01495,292.61493,292.21494,291.81494,291.21494,290.61493,288.61493,304.21494,305.61493,302.71494,310.01495
290.41495,290.61493,291.01495,291.61493,292.01495,292.11493,292.41495,293.01495,293.31494,293.01495,292.81494,292.71494,292.81494,292.81494,292.51495,292.81494,292.51495,291.71494,291.61493,291.51495,291.61493,291.81494,291.91495,292.01495,292.51495,292.91495,292.91495,292.91495,292.91495,293.01495,293.11493,293.41495,293.61493,293.61493,293.21494,293.21494,293.31494,293.11493,293.01495,292.91495,293.11493,293.01495,293.31494,293.61493,293.31494,293.81494,294.11493,294.01495,293.61493,293.31494,293.01495,292.71494,292.41495,291.91495,290.41495,287.91495,296.31494,302.61493,306.81494,311.01495
292.01495,291.81494,292.21494,293.31494,294.41495,294.81494,294.41495,294.61493,294.61493,294.21494,293.81494,293.41495,293.21494,293.31494,293.11493,293.31494,292.91495,292.71494,292.81494,292.81494,292.71494,292.81494,293.01495,293.01495,293.31494,293.81494,294.21494,294.01495,293.81494,293.81494,293.71494,293.71494,293.81494,293.71494,293.91495,293.91495,294.01495,293.71494,293.31494,293.51495,293.91495,294.31494,294.31494,294.11493,294.51495,294.91495,294.91495,294.61493,294.41495,293.61493,292.81494,292.71494,292.71494,291.71494,290.91495,288.81494,287.81494,304.11493,313.21494,309.31494
293.31494,293.61493,294.11493,294.81494,295.71494,295.91495,295.51495,295.21494,295.11493,294.71494,294.81494,294.71494,294.31494,294.11493,294.01495,293.91495,293.91495,293.71494,293.61493,293.61493,293.61493,293.51495,294.01495,294.01495,293.91495,294.21494,294.41495,294.51495,294.61493,294.41495,294.31494,294.21494,294.21494,294.61493,294.81494,294.71494,294.61493,294.31494,294.11493,294.41495,294.81494,295.51495,295.51495,295.31494,295.51495,295.71494,295.81494,295.41495,295.21494,293.81494,292.81494,292.11493,291.71494,291.21494,291.01495,290.01495,285.51495,309.81494,315.61493,308.01495
