nws-json/temp2019082112.f000.json
{"header": { "discipline":0, "disciplineName":"Meteorological products", "gribEdition":2, "gribLength":50058, "center":7, "centerName":"US National Weather Service - NCEP(WMC)", "subcenter":0, "refTime":"2019-08-21T12:00:00.000Z", "significanceOfRT":1, "significanceOfRTName":"Start of forecast", "productStatus":0, "productStatusName":"Operational products", "productType":1, "productTypeName":"Forecast products", "productDefinitionTemplate":0, "productDefinitionTemplateName":"Analysis/forecast at horizontal level/layer at a point in time", "parameterCategory":0, "parameterCategoryName":"Temperature", "parameterNumber":0, "parameterNumberName":"Temperature", "parameterUnit":"K", "genProcessType":2, "genProcessTypeName":"Forecast", "forecastTime":0, "surface1Type":1, "surface1TypeName":"Ground or water surface", "surface1Value":0.0, "surface2Type":255, "surface2TypeName":"Missing", "surface2Value":0.0, "gridDefinitionTemplate":0, "gridDefinitionTemplateName":"Latitude_Longitude", "numberPoints":65160, "shape":6, "shapeName":"Earth spherical with radius of 6,371,229.0 m", "gridUnits":"degrees", "resolution":48, "winds":"true", "scanMode":0, "nx":360, "ny":181, "basicAngle":0, "lo1":0.0, "la1":90.0, "lo2":359.0, "la2":-90.0, "dx":1.0, "dy":1.0 }, "data":
[rows 0 to 27 of 181, columns 0 to 61 of 360]
267.39996,267.39996,267.39996,267.39996,267.39996,267.39996,267.39996,267.39996,267.39996,267.39996,267.39996,267.39996,267.39996,267.39996,267.39996,267.39996,267.39996,267.39996,267.39996,267.39996,267.39996,267.39996,267.39996,267.39996,267.39996,267.39996,267.39996,267.39996,267.39996,267.39996,267.39996,267.39996,267.39996,267.39996,267.39996,267.39996,267.39996,267.39996,267.39996,267.39996,267.39996,267.39996,267.39996,267.39996,267.39996,267.39996,267.39996,267.39996,267.39996,267.39996,267.39996,267.39996,267.39996,267.39996,267.39996,267.39996,267.39996,267.39996,267.39996,267.39996,267.39996,267.39996
267.69998,267.69998,267.69998,267.69998,267.69998,267.69998,267.69998,267.69998,267.69998,267.69998,267.69998,267.69998,267.69998,267.89996,267.89996,267.89996,267.89996,267.89996,267.99997,267.99997,267.99997,268.09998,268.09998,268.09998,268.09998,268.09998,268.09998,268.09998,268.09998,268.09998,268.09998,267.89996,267.89996,267.89996,267.89996,267.89996,267.89996,267.89996,267.89996,267.89996,267.99997,267.8,267.8,267.8,267.8,267.8,267.8,267.8,267.8,267.8,267.8,267.8,267.8,267.99997,267.99997,267.99997,267.99997,267.99997,268.09998,268.09998,268.09998,268.09998
269.09998,269.09998,268.99997,268.99997,268.99997,268.99997,268.8,268.8,268.8,268.8,268.8,268.8,268.8,268.89996,268.89996,268.89996,268.89996,268.89996,268.89996,268.89996,268.89996,268.8,268.8,268.8,268.8,268.8,268.8,268.8,268.89996,268.99997,268.99997,268.99997,268.99997,268.99997,269.09998,269.09998,269.09998,269.09998,269.09998,269.19998,269.19998,269.19998,269.3,269.59998,269.69998,269.8,269.89996,269.89996,269.99997,270.09998,270.59998,270.99997,270.99997,271.69998,271.69998,271.69998,271.69998,271.89996,271.8,271.8,271.89996,271.89996
269.39996,269.39996,269.39996,269.39996,269.39996,269.39996,269.39996,269.39996,269.39996,269.3,269.3,269.19998,269.19998,269.19998,269.19998,269.19998,269.19998,269.19998,269.19998,269.39996,269.39996,269.19998,269.3,269.3,269.39996,269.39996,269.49997,269.59998,269.69998,269.69998,269.69998,269.99997,269.99997,270.09998,270.09998,270.09998,270.09998,270.89996,271.09998,271.09998,271.39996,271.49997,271.49997,271.69998,271.69998,272.19998,272.39996,272.59998,272.59998,272.59998,272.39996,272.39996,272.3,272.3,272.3,272.69998,272.69998,272.69998,272.69998,272.69998,272.89996,272.99997
270.39996,270.3,270.19998,270.09998,269.89996,269.89996,269.8,269.8,269.8,269.8,269.8,269.8,269.69998,269.59998,269.49997,269.49997,269.49997,269.49997,269.59998,269.59998,269.59998,269.69998,269.8,269.99997,270.3,270.3,270.3,270.39996,270.59998,270.89996,270.99997,270.99997,271.09998,271.3,271.99997,272.3,272.3,272.39996,272.39996,272.39996,272.39996,272.49997,272.8,272.89996,272.99997,272.99997,272.89996,272.89996,272.89996,272.99997,272.99997,272.99997,272.99997,272.99997,272.99997,272.99997,272.99997,272.99997,272.99997,272.99997,272.99997,272.99997
270.8,270.69998,270.89996,270.89996,270.8,270.69998,270.59998,270.3,270.3,270.09998,270.09998,270.09998,269.99997,269.99997,269.99997,269.89996,269.8,269.99997,269.99997,269.99997,270.3,270.3,270.39996,270.69998,270.69998,271.3,271.3,271.8,271.8,272.19998,272.19998,272.39996,272.49997,272.59998,272.59998,272.69998,272.8,272.8,272.89996,273.09998,273.09998,273.09998,272.99997,272.99997,273.09998,273.09998,272.99997,272.99997,272.89996,272.8,272.8,272.89996,272.69998,272.69998,272.69998,272.69998,272.89996,272.89996,272.89996,272.89996,272.89996,272.89996
271.39996,271.39996,271.49997,271.59998,271.59998,271.59998,271.39996,270.99997,270.8,270.8,270.89996,270.69998,270.8,270.8,270.8,270.59998,270.69998,270.69998,270.89996,271.09998,270.59998,270.69998,270.99997,271.39996,271.69998,271.89996,271.99997,272.3,272.39996,272.49997,272.69998,272.89996,272.89996,272.8,272.8,272.89996,272.99997,272.99997,272.99997,272.99997,272.99997,272.99997,272.99997,272.89996,272.89996,272.89996,272.89996,272.89996,272.89996,272.89996,272.89996,272.89996,272.8,272.8,272.89996,272.8,272.89996,272.89996,272.89996,272.89996,272.8,272.8
271.8,272.3,272.3,272.19998,272.09998,272.09998,271.89996,271.89996,271.69998,271.49997,271.3,271.3,271.3,271.3,271.19998,270.99997,270.89996,271.39996,271.3,271.49997,271.3,271.19998,271.8,271.8,272.09998,271.89996,272.19998,272.3,272.59998,272.69998,272.8,272.99997,272.89996,272.89996,272.89996,272.89996,272.8,272.8,272.89996,272.89996,272.8,272.8,272.89996,272.8,272.8,272.8,272.89996,272.69998,272.8,272.8,272.8,272.8,272.69998,272.69998,272.69998,272.69998,272.49997,272.59998,272.49997,272.49997,272.59998,271.39996
272.3,272.19998,272.09998,272.09998,271.99997,271.99997,271.89996,271.8,272.19998,271.69998,271.69998,271.69998,271.49997,271.19998,270.89996,270.99997,270.8,270.99997,270.89996,271.09998,271.3,271.39996,271.39996,271.69998,271.59998,271.59998,272.09998,272.39996,272.59998,272.8,272.89996,272.89996,272.89996,272.89996,272.89996,272.89996,272.99997,272.89996,272.89996,272.59998,272.49997,272.19998,272.39996,272.39996,272.19998,271.89996,272.09998,271.8,271.8,271.8,271.69998,271.69998,271.69998,271.69998,271.69998,271.69998,271.69998,271.69998,271.69998,271.49997,271.49997,271.49997
271.89996,271.49997,271.49997,271.39996,271.49997,271.59998,271.49997,271.49997,271.59998,271.49997,271.49997,271.39996,271.3,271.3,271.09998,270.99997,270.89996,270.99997,271.09998,271.19998,271.39996,271.69998,271.99997,271.69998,271.59998,271.69998,271.89996,272.3,272.49997,272.69998,272.8,272.89996,272.89996,272.89996,272.89996,272.89996,272.8,272.8,272.39996,271.19998,271.8,272.19998,272.19998,272.19998,272.3,272.19998,272.19998,272.19998,272.19998,272.19998,272.39996,272.19998,272.19998,272.19998,272.19998,273.19998,271.89996,271.3,273.19998,272.49997,272.99997,272.99997
271.8,271.8,271.69998,271.69998,271.69998,271.39996,271.39996,271.39996,271.39996,271.19998,273.3,276.19998,274.09998,275.49997,275.59998,275.19998,273.3,274.49997,271.09998,270.69998,269.09998,269.99997,270.99997,270.69998,268.49997,268.59998,269.19998,271.49997,272.3,272.59998,272.49997,272.3,271.69998,271.99997,271.99997,271.3,271.69998,271.89996,271.99997,272.09998,272.19998,272.69998,272.99997,273.3,273.49997,273.59998,273.59998,273.69998,272.69998,272.69998,272.69998,272.59998,272.59998,272.49997,272.19998,272.09998,271.49997,272.8,272.09998,272.59998,271.49997,272.3
271.89996,276.09998,276.69998,276.69998,277.99997,278.59998,278.69998,281.49997,282.19998,281.89996,281.19998,279.59998,273.8,266.89996,267.39996,275.09998,277.19998,268.89996,271.69998,271.59998,272.49997,272.39996,271.69998,272.09998,272.69998,272.69998,272.49997,272.39996,272.59998,272.8,272.49997,271.39996,272.49997,272.39996,272.19998,272.09998,272.09998,272.09998,272.39996,273.19998,273.39996,273.69998,273.99997,274.39996,274.19998,273.99997,274.19998,273.99997,274.3,274.39996,274.19998,274.19998,274.09998,273.89996,273.69998,273.59998,273.69998,273.39996,273.3,273.3,273.3,273.3
274.89996,277.59998,279.09998,279.8,280.19998,277.69998,280.09998,279.89996,279.99997,279.69998,279.59998,279.39996,279.69998,278.89996,280.89996,280.89996,279.19998,275.49997,275.8,277.69998,277.59998,271.69998,277.19998,278.39996,271.49997,271.39996,271.49997,272.8,273.59998,273.69998,274.99997,274.8,274.49997,274.19998,273.89996,273.99997,273.89996,273.89996,274.09998,274.19998,274.49997,274.8,275.09998,275.59998,275.19998,275.3,275.59998,275.69998,275.59998,275.49997,275.19998,274.99997,274.69998,274.49997,274.69998,274.8,274.69998,274.39996,274.59998,274.39996,274.3,274.19998
279.3,279.49997,279.39996,279.39996,279.3,279.19998,279.09998,278.89996,278.49997,278.3,278.3,278.3,278.19998,278.09998,277.3,277.3,280.09998,275.39996,276.49997,275.99997,275.49997,273.3,272.19998,271.8,271.8,274.59998,275.99997,276.49997,276.49997,276.49997,275.89996,276.3,275.8,275.19998,274.89996,274.59998,274.39996,274.39996,274.39996,274.49997,274.89996,275.19998,275.59998,276.39996,276.8,277.19998,277.49997,277.39996,275.8,275.39996,275.89996,275.59998,275.3,275.3,275.3,275.3,275.19998,275.3,275.3,275.39996,275.39996,275.59998
279.39996,279.49997,279.59998,279.59998,279.59998,279.39996,279.3,279.09998,278.8,278.49997,278.19998,278.19998,278.49997,278.8,278.89996,278.8,278.89996,278.59998,277.89996,276.89996,276.3,275.69998,274.49997,273.8,273.49997,274.39996,275.49997,276.39996,278.39996,276.8,277.3,277.8,277.59998,277.19998,276.49997,276.09998,275.8,275.59998,275.39996,275.3,275.3,275.8,276.49997,276.99997,277.19998,277.19998,276.89996,276.3,275.89996,275.59998,275.3,275.3,275.19998,275.09998,275.09998,275.39996,275.49997,275.89996,275.89996,275.59998,275.89996,273.59998
279.09998,279.19998,279.3,279.39996,279.39996,279.39996,279.3,279.3,279.09998,278.99997,278.89996,278.8,278.89996,278.99997,279.19998,279.09998,278.69998,277.89996,276.39996,275.8,274.99997,275.09998,275.59998,276.19998,277.3,278.19998,278.59998,279.09998,279.39996,279.19998,278.89996,278.8,278.3,277.69998,277.09998,276.8,276.59998,276.19998,275.89996,275.69998,275.59998,275.69998,275.89996,276.09998,276.39996,276.49997,276.3,276.19998,276.3,276.49997,276.59998,276.8,277.19998,277.49997,277.8,277.69998,280.59998,273.19998,273.19998,273.19998,276.99997,272.59998
278.19998,278.59998,278.89996,278.99997,279.19998,279.3,279.59998,279.69998,279.69998,279.69998,279.69998,279.69998,279.89996,279.99997,279.99997,279.99997,279.59998,278.8,277.99997,277.89996,278.19998,278.89996,279.59998,279.99997,280.19998,280.09998,280.09998,279.89996,279.8,279.8,279.69998,279.3,279.09998,278.69998,278.3,277.89996,277.49997,276.8,276.39996,275.99997,275.69998,275.69998,275.69998,275.99997,276.39996,276.8,276.99997,277.3,277.49997,277.59998,277.89996,278.3,278.8,279.09998,278.3,283.89996,285.99997,283.8,273.3,272.69998,276.39996,276.8
278.69998,278.89996,279.09998,279.39996,279.59998,279.8,279.8,279.89996,279.89996,279.8,280.09998,280.3,280.49997,280.59998,280.69998,280.8,280.49997,280.39996,280.59998,280.59998,280.69998,280.69998,280.8,280.8,280.8,280.8,280.69998,280.59998,280.49997,280.3,280.19998,279.8,279.59998,279.19998,278.8,278.39996,277.99997,277.8,277.39996,277.09998,277.19998,277.3,277.49997,277.8,277.89996,278.3,278.59998,278.89996,279.09998,279.3,279.39996,279.39996,279.19998,277.49997,286.39996,287.59998,284.8,276.19998,276.69998,277.19998,277.49997,277.59998
279.99997,280.3,280.39996,280.19998,279.89996,280.09998,280.09998,279.99997,280.19998,280.09998,280.09998,280.3,280.59998,280.89996,281.09998,281.19998,281.3,281.39996,281.3,281.39996,282.19998,281.89996,282.19998,281.99997,281.99997,281.89996,281.49997,281.3,280.89996,280.89996,280.69998,280.8,280.59998,280.59998,280.59998,280.59998,280.49997,280.09998,280.3,280.3,279.99997,280.19998,280.19998,280.3,280.19998,280.49997,280.09998,280.3,279.99997,279.99997,279.69998,279.39996,289.8,290.49997,290.59998,292.3,276.39996,276.09998,276.3,278.19998,278.3,278.3
280.69998,280.69998,280.8,280.89996,281.19998,281.3,281.39996,281.39996,281.19998,280.99997,280.99997,281.09998,281.09998,281.19998,281.3,281.39996,281.59998,281.59998,281.49997,281.59998,281.89996,281.99997,282.09998,282.09998,281.89996,286.69998,281.89996,282.19998,286.09998,281.59998,281.89996,281.89996,281.8,281.69998,281.59998,281.39996,281.49997,281.99997,281.3,281.3,281.19998,280.99997,280.69998,280.89996,280.89996,280.8,280.99997,280.99997,280.69998,280.8,280.59998,280.39996,279.89996,283.8,288.69998,288.99997,288.8,275.19998,277.39996,277.99997,279.19998,278.99997
281.49997,281.59998,281.49997,281.59998,281.89996,282.39996,282.69998,282.89996,282.49997,282.49997,282.3,282.3,282.3,282.19998,282.09998,281.89996,281.99997,281.99997,282.19998,294.3,282.39996,282.89996,282.8,288.59998,290.09998,292.19998,290.09998,292.59998,291.8,289.8,282.59998,282.59998,282.69998,282.69998,282.3,282.09998,281.89996,281.59998,281.49997,281.59998,281.69998,281.49997,281.3,281.39996,280.99997,280.69998,280.19998,280.3,280.49997,280.8,281.39996,282.3,281.99997,281.89996,281.49997,280.89996,280.3,279.8,279.19998,284.09998,284.39996,278.39996
282.09998,281.89996,281.89996,281.89996,282.19998,282.49997,283.19998,283.59998,283.49997,283.49997,283.59998,283.89996,284.09998,283.99997,283.89996,283.89996,283.69998,284.39996,290.59998,290.39996,290.09998,291.49997,291.19998,292.8,290.69998,290.99997,290.69998,290.19998,278.99997,288.59998,287.89996,288.69998,290.19998,291.39996,290.89996,291.39996,288.59998,282.59998,282.89996,283.3,282.3,281.59998,280.89996,280.69998,280.49997,280.19998,280.19998,280.19998,279.89996,291.09998,286.69998,281.19998,281.19998,280.8,280.3,278.89996,279.49997,278.8,278.49997,278.99997,278.59998,279.99997
282.99997,282.99997,282.89996,283.09998,283.09998,283.39996,283.89996,284.19998,284.59998,284.89996,285.3,285.49997,285.49997,285.8,286.19998,286.39996,287.59998,285.8,287.99997,288.89996,294.09998,293.59998,294.49997,289.3,286.89996,287.3,287.49997,287.99997,279.69998,288.3,291.19998,289.19998,288.99997,293.8,292.89996,296.39996,295.19998,293.3,293.3,294.59998,294.49997,280.49997,282.69998,282.69998,280.69998,292.49997,292.89996,280.99997,280.3,279.8,290.09998,289.8,290.69998,290.8,288.8,288.49997,289.39996,289.19998,286.8,285.89996,285.99997,287.99997
284.09998,284.09998,284.09998,283.89996,284.39996,284.69998,284.99997,285.09998,285.39996,285.8,286.09998,286.49997,286.49997,286.3,286.8,291.19998,288.69998,287.3,291.99997,292.09998,291.99997,291.99997,293.09998,293.09998,291.39996,290.49997,289.39996,290.3,288.49997,287.8,290.99997,290.3,293.09998,286.99997,293.69998,293.09998,293.89996,294.59998,294.99997,294.59998,293.89996,293.99997,281.39996,282.49997,282.89996,293.09998,282.8,281.89996,293.19998,291.69998,292.19998,291.39996,290.89996,290.39996,289.09998,288.39996,288.3,288.99997,290.19998,286.89996,289.8,290.8
284.59998,284.69998,284.8,284.59998,284.69998,285.19998,285.69998,285.59998,285.69998,285.89996,286.09998,286.09998,285.49997,283.49997,281.19998,280.89996,283.89996,290.19998,288.69998,291.39996,292.49997,293.69998,294.59998,294.3,292.3,292.49997,291.99997,290.69998,290.49997,289.59998,289.8,283.19998,289.89996,292.89996,294.89996,283.59998,282.69998,281.89996,281.89996,281.8,281.69998,282.59998,293.3,295.99997,294.39996,292.99997,294.19998,294.49997,293.8,292.69998,291.09998,289.69998,289.3,288.49997,288.8,287.39996,288.09998,287.8,291.99997,289.89996,294.8,291.89996
285.09998,285.3,285.3,285.19998,284.99997,284.99997,285.09998,285.3,285.59998,285.8,286.19998,286.19998,283.69998,284.3,282.59998,286.8,288.89996,288.09998,292.3,292.49997,292.99997,294.69998,287.49997,287.39996,285.69998,285.3,290.89996,290.69998,289.69998,291.09998,292.39996,292.89996,292.59998,294.49997,294.59998,283.49997,283.19998,293.59998,284.49997,284.8,285.89996,294.19998,294.59998,293.99997,296.09998,293.69998,294.69998,294.99997,293.59998,291.89996,290.09998,289.89996,288.99997,289.09998,288.69998,288.39996,291.19998,291.59998,293.59998,291.8,288.8,288.89996
284.99997,285.19998,285.3,285.39996,285.3,285.3,285.3,285.59998,286.09998,286.19998,285.8,289.19998,287.39996,288.59998,288.89996,289.39996,290.69998,290.69998,291.49997,292.19998,294.3,287.99997,286.89996,285.8,291.3,292.3,292.19998,294.3,293.3,293.89996,294.49997,294.99997,295.39996,295.19998,295.3,294.99997,295.49997,285.39996,287.09998,294.09998,295.39996,293.59998,293.99997,294.59998,296.19998,296.19998,295.39996,292.8,292.09998,292.39996,291.89996,291.49997,290.3,289.49997,289.19998,288.39996,291.49997,289.3,292.69998,291.89996,291.3,294.69998
284.89996,284.89996,284.99997,285.3,285.59998,285.99997,286.3,285.8,286.8,285.49997,291.49997,284.99997,286.89996,281.19998,284.89996,287.19998,290.59998,292.09998,293.89996,288.39996,287.99997,286.69998,293.19998,294.39996,294.3,293.09998,288.69998,293.99997,289.89996,294.3,292.09998,293.3,294.69998,295.09998,295.39996,295.49997,294.89996,294.99997,295.3,294.99997,295.09998,295.09998,294.59998,296.89996,295.99997,296.49997,295.8,294.39996,294.19998,293.69998,291.19998,290.59998,289.09998,289.09998,289.09998,290.3,289.59998,293.19998,293.8,292.69998,293.49997,294.69998
