nws-json/temp2019082100.f000.json
{"header": { "discipline":0, "disciplineName":"Meteorological products", "gribEdition":2, "gribLength":49984, "center":7, "centerName":"US National Weather Service - NCEP(WMC)", "subcenter":0, "refTime":"2019-08-21T00:00:00.000Z", "significanceOfRT":1, "significanceOfRTName":"Start of forecast", "productStatus":0, "productStatusName":"Operational products", "productType":1, "productTypeName":"Forecast products", "productDefinitionTemplate":0, "productDefinitionTemplateName":"Analysis/forecast at horizontal level/layer at a point in time", "parameterCategory":0, "parameterCategoryName":"Temperature", "parameterNumber":0, "parameterNumberName":"Temperature", "parameterUnit":"K", "genProcessType":2, "genProcessTypeName":"Forecast", "forecastTime":0, "surface1Type":1, "surface1TypeName":"Ground or water surface", "surface1Value":0.0, "surface2Type":255, "surface2TypeName":"Missing", "surface2Value":0.0, "gridDefinitionTemplate":0, "gridDefinitionTemplateName":"Latitude_Longitude", "numberPoints":65160, "shape":6, "shapeName":"Earth spherical with radius of 6,371,229.0 m", "gridUnits":"degrees", "resolution":48, "winds":"true", "scanMode":0, "nx":360, "ny":181, "basicAngle":0, "lo1":0.0, "la1":90.0, "lo2":359.0, "la2":-90.0, "dx":1.0, "dy":1.0 }, "data":
[rows 0 to 25 of 181, columns 240 to 299 of 360]
268.85025,268.85025,268.85025,268.85025,268.85025,268.85025,268.85025,268.85025,268.85025,268.85025,268.85025,268.85025,268.85025,268.85025,268.85025,268.85025,268.85025,268.85025,268.85025,268.85025,268.85025,268.85025,268.85025,268.85025,268.85025,268.85025,268.85025,268.85025,268.85025,268.85025,268.85025,268.85025,268.85025,268.85025,268.85025,268.85025,268.85025,268.85025,268.85025,268.85025,268.85025,268.85025,268.85025,268.85025,268.85025,268.85025,268.85025,268.85025,268.85025,268.85025,268.85025,268.85025,268.85025,268.85025,268.85025,268.85025,268.85025,268.85025,268.85025,268.85025
268.65024,268.65024,268.65024,268.65024,268.65024,268.65024,268.55023,268.55023,268.55023,268.55023,268.55023,268.55023,268.55023,268.45026,268.45026,268.45026,268.45026,268.45026,268.45026,268.45026,268.45026,268.35025,268.35025,268.35025,268.35025,268.35025,268.35025,268.35025,268.55023,268.55023,268.55023,268.55023,268.55023,268.55023,268.55023,268.75024,268.75024,268.85025,268.85025,268.85025,268.85025,268.85025,268.85025,268.95026,268.95026,268.95026,268.95026,268.95026,268.95026,268.95026,268.95026,269.45026,269.45026,269.45026,269.45026,269.95026,269.95026,269.95026,269.95026,269.95026
268.85025,268.75024,268.75024,268.75024,268.75024,268.55023,268.55023,268.55023,268.55023,268.45026,268.45026,268.45026,268.45026,268.65024,268.65024,268.65024,268.65024,268.45026,268.55023,268.55023,268.35025,268.35025,268.35025,268.25024,268.45026,268.45026,268.45026,268.45026,268.75024,268.75024,268.75024,268.75024,268.65024,268.65024,268.65024,268.75024,268.95026,268.95026,268.95026,269.15024,269.45026,269.35025,269.45026,269.55023,269.75024,269.75024,269.75024,269.75024,269.85025,269.85025,269.95026,269.85025,270.15024,270.25024,270.25024,270.25024,270.25024,270.05023,269.95026,270.05023
269.05023,269.05023,269.05023,269.05023,269.05023,269.05023,268.95026,268.95026,268.95026,268.95026,268.95026,268.85025,268.85025,268.75024,268.75024,268.85025,268.85025,268.85025,268.95026,268.95026,269.05023,269.15024,269.15024,269.45026,269.45026,269.75024,269.75024,269.75024,269.45026,269.55023,269.25024,269.25024,269.25024,268.95026,268.95026,269.25024,269.45026,269.45026,269.15024,269.45026,269.45026,269.75024,269.75024,270.35025,270.45026,270.45026,271.15024,271.15024,271.15024,270.95026,270.95026,270.75024,270.85025,270.85025,270.85025,270.85025,270.75024,270.75024,270.75024,270.75024
269.65024,269.55023,269.45026,269.95026,270.15024,270.35025,270.25024,269.95026,269.35025,269.25024,269.15024,269.15024,269.45026,269.55023,269.55023,269.95026,269.95026,270.05023,270.05023,270.35025,270.35025,270.25024,270.35025,270.35025,270.65024,270.65024,270.65024,270.65024,270.25024,269.95026,270.05023,269.75024,269.05023,269.25024,269.35025,269.05023,268.75024,268.35025,267.75024,267.95026,267.95026,267.65024,268.05023,268.15024,269.95026,270.15024,268.05023,267.95026,268.35025,268.65024,270.55023,271.55023,271.65024,271.65024,269.65024,268.25024,268.25024,268.15024,268.05023,268.25024
269.55023,269.55023,270.75024,270.75024,270.65024,270.95026,271.05023,271.75024,271.95026,272.25024,272.35025,272.35025,271.95026,271.55023,271.65024,271.85025,271.85025,271.85025,271.55023,271.75024,271.85025,271.85025,271.75024,271.75024,271.75024,271.45026,271.25024,271.25024,271.25024,271.05023,271.15024,271.15024,271.15024,271.15024,271.05023,270.95026,270.95026,271.05023,271.05023,270.85025,270.85025,270.85025,270.55023,270.25024,270.25024,270.45026,269.95026,269.95026,270.15024,269.95026,269.85025,269.85025,269.85025,269.95026,269.95026,269.25024,269.25024,268.75024,268.85025,268.25024
269.75024,270.05023,270.75024,270.65024,270.65024,270.55023,269.95026,270.05023,270.55023,270.45026,270.35025,270.45026,269.85025,269.65024,269.35025,269.35025,269.05023,269.35025,269.25024,269.45026,269.45026,269.35025,269.45026,269.55023,269.95026,270.05023,270.05023,270.25024,270.75024,270.65024,270.65024,270.55023,270.65024,270.95026,271.55023,271.35025,270.85025,271.35025,271.65024,271.85025,271.75024,271.75024,271.85025,272.05023,271.65024,271.75024,271.85025,271.45026,271.55023,271.35025,271.15024,271.05023,270.15024,270.35025,269.95026,269.95026,269.85025,269.55023,267.65024,268.05023
273.05023,272.85025,272.85025,273.05023,272.95026,273.05023,273.05023,272.95026,272.65024,272.95026,272.95026,273.05023,273.05023,273.05023,273.05023,273.15024,273.15024,273.05023,273.05023,273.05023,273.05023,273.05023,273.05023,273.05023,273.05023,273.05023,273.05023,273.05023,273.05023,273.05023,273.05023,273.05023,273.05023,273.05023,273.05023,273.15024,273.05023,273.05023,273.15024,273.15024,272.75024,272.55023,272.25024,271.95026,273.15024,273.25024,272.35025,274.55023,272.45026,270.85025,274.15024,274.15024,271.95026,270.55023,271.25024,271.15024,271.45026,271.25024,271.05023,271.45026
273.05023,273.05023,273.05023,273.05023,273.05023,273.05023,273.05023,273.05023,273.05023,273.05023,273.05023,273.05023,273.05023,273.05023,273.05023,273.05023,273.05023,272.95026,273.05023,273.05023,273.05023,273.05023,273.05023,273.05023,273.05023,273.05023,272.95026,272.95026,272.95026,272.85025,273.05023,272.45026,273.05023,271.75024,270.95026,271.35025,268.05023,267.15024,267.55023,266.05023,265.55023,263.65024,261.65024,258.95026,258.85025,260.05023,258.65024,259.65024,261.55023,269.85025,272.85025,274.85025,274.85025,273.55023,270.25024,267.05023,265.45026,271.75024,272.15024,270.85025
273.05023,273.05023,273.05023,273.05023,273.05023,273.05023,273.05023,273.05023,273.05023,273.05023,273.05023,273.05023,273.05023,273.05023,273.05023,273.05023,272.95026,272.95026,272.95026,272.95026,272.95026,272.85025,272.75024,272.65024,272.15024,273.15024,273.15024,274.15024,275.85025,271.25024,271.65024,270.95026,273.15024,271.55023,275.15024,272.05023,270.65024,269.05023,269.15024,265.85025,267.85025,273.55023,273.75024,273.15024,271.05023,267.55023,265.15024,270.15024,269.95026,261.55023,262.05023,261.35025,261.95026,265.65024,272.05023,271.95026,270.85025,260.45026,269.45026,264.25024
273.05023,273.05023,273.05023,273.05023,273.05023,272.95026,272.95026,272.95026,272.95026,272.95026,272.95026,272.95026,272.95026,273.05023,273.05023,272.85025,272.85025,272.85025,272.75024,272.65024,273.25024,273.15024,272.85025,271.75024,273.55023,273.55023,270.65024,268.05023,265.05023,271.15024,276.25024,278.25024,280.25024,272.15024,274.45026,277.75024,276.95026,275.05023,274.65024,273.45026,268.75024,263.25024,261.75024,259.65024,260.85025,261.85025,263.05023,270.15024,273.75024,271.05023,271.45026,273.25024,272.55023,271.35025,272.25024,272.65024,272.85025,270.95026,272.55023,271.35025
272.95026,272.95026,272.95026,272.95026,272.95026,272.15024,272.75024,272.85025,272.75024,272.65024,272.75024,272.75024,272.95026,272.85025,271.95026,274.65024,274.85025,275.35025,275.55023,273.05023,272.85025,272.85025,272.85025,272.85025,272.55023,271.15024,271.45026,274.45026,274.25024,268.55023,276.35025,267.85025,276.95026,277.25024,272.85025,273.85025,277.55023,277.05023,276.25024,270.05023,264.45026,264.55023,274.35025,265.95026,272.25024,272.45026,272.05023,273.45026,273.25024,273.35025,271.85025,272.45026,278.35025,278.35025,270.55023,270.55023,269.85025,269.05023,268.65024,267.55023
271.75024,271.35025,271.45026,271.35025,271.35025,272.05023,272.95026,272.35025,275.25024,275.45026,276.65024,272.85025,272.85025,272.95026,272.85025,272.75024,272.55023,272.35025,272.75024,272.55023,274.75024,275.85025,271.35025,272.45026,273.15024,272.85025,272.65024,272.05023,271.65024,271.95026,271.65024,273.45026,273.65024,274.05023,274.55023,273.05023,275.45026,276.95026,276.35025,266.85025,264.05023,265.85025,267.15024,270.15024,272.55023,273.55023,273.05023,272.05023,274.25024,272.55023,271.85025,268.15024,260.45026,260.55023,261.25024,260.25024,262.45026,262.15024,261.15024,259.05023
272.65024,279.75024,280.55023,281.15024,280.65024,272.65024,272.75024,272.75024,272.75024,272.75024,272.75024,272.85025,272.75024,272.85025,272.75024,272.55023,272.85025,272.45026,272.25024,272.15024,271.95026,271.65024,271.65024,272.65024,273.25024,273.75024,274.65024,273.45026,273.65024,273.25024,273.45026,274.25024,273.05023,272.15024,269.75024,268.55023,273.85025,275.75024,276.15024,272.15024,271.75024,273.25024,271.25024,272.75024,274.55023,276.95026,278.65024,281.35025,281.35025,267.35025,274.35025,264.05023,271.25024,274.85025,273.95026,262.15024,258.05023,257.05023,256.85025,256.55023
278.95026,272.55023,273.45026,272.45026,280.35025,283.05023,283.55023,282.75024,272.85025,272.65024,272.85025,283.15024,283.05023,272.95026,280.45026,272.45026,274.85025,282.65024,272.35025,281.75024,280.25024,279.55023,279.45026,272.45026,272.45026,272.45026,272.55023,273.15024,273.15024,276.65024,273.25024,273.15024,275.05023,275.15024,275.45026,275.95026,276.75024,276.45026,276.45026,276.75024,276.75024,273.25024,278.35025,279.05023,279.25024,279.45026,279.55023,279.85025,279.65024,280.55023,281.15024,282.25024,280.45026,271.25024,277.95026,277.35025,278.55023,278.75024,278.45026,274.85025
272.65024,272.85025,272.75024,272.65024,272.95026,277.55023,272.55023,274.05023,282.35025,281.85025,280.25024,272.95026,278.55023,281.05023,278.45026,272.35025,272.15024,272.25024,272.25024,272.35025,275.85025,277.95026,273.85025,271.75024,273.85025,279.85025,277.75024,273.75024,277.95026,275.65024,276.65024,275.35025,273.15024,273.15024,273.15024,272.55023,273.65024,265.15024,264.25024,266.65024,278.25024,278.35025,278.25024,278.55023,279.15024,281.95026,282.65024,282.65024,282.05023,279.35025,278.95026,280.15024,281.15024,279.05023,279.75024,283.95026,283.45026,283.45026,283.05023,283.05023
282.25024,278.45026,280.05023,278.85025,272.55023,272.65024,272.65024,272.65024,272.65024,272.65024,272.65024,272.65024,272.55023,272.35025,272.45026,272.55023,272.65024,272.45026,272.15024,271.85025,271.55023,271.15024,278.85025,272.75024,272.45026,274.35025,278.35025,279.35025,273.45026,278.35025,273.65024,275.15024,275.85025,274.05023,272.85025,275.55023,276.15024,276.75024,276.95026,277.05023,277.45026,277.75024,277.95026,277.95026,278.85025,278.35025,278.05023,278.05023,279.45026,281.05023,280.55023,280.25024,280.05023,278.35025,277.85025,279.95026,280.25024,280.25024,282.05023,281.95026
280.25024,282.85025,279.05023,271.75024,286.25024,285.45026,280.65024,277.55023,272.25024,271.35025,277.85025,272.15024,284.85025,285.65024,286.55023,271.95026,272.45026,272.35025,284.35025,271.45026,279.35025,283.45026,276.75024,274.35025,272.75024,279.95026,281.05023,281.55023,280.65024,271.95026,271.85025,279.65024,279.15024,279.65024,275.05023,276.25024,280.75024,278.65024,280.95026,280.95026,277.75024,269.75024,266.15024,265.65024,276.65024,278.45026,280.45026,280.45026,278.75024,279.25024,279.45026,279.35025,279.05023,279.05023,278.95026,278.15024,278.45026,278.55023,281.35025,281.75024
272.35025,272.45026,283.45026,284.55023,284.45026,284.35025,284.95026,284.45026,284.15024,283.85025,283.65024,286.05023,272.05023,286.65024,286.95026,287.35025,272.45026,272.85025,272.65024,272.05023,282.85025,283.85025,284.45026,284.55023,272.05023,282.65024,273.05023,272.55023,271.35025,272.65024,272.55023,280.35025,280.25024,280.75024,273.65024,281.45026,282.95026,281.65024,282.95026,283.95026,283.25024,282.25024,281.55023,266.75024,263.75024,273.25024,275.15024,277.35025,277.35025,280.65024,278.05023,276.95026,279.45026,279.65024,280.15024,279.65024,277.65024,278.35025,279.25024,279.05023
278.45026,277.45026,284.85025,282.35025,282.15024,282.25024,282.55023,283.65024,284.05023,284.15024,283.75024,285.55023,285.95026,286.55023,286.35025,285.75024,271.95026,271.65024,272.05023,272.55023,271.95026,271.75024,271.45026,271.35025,284.35025,283.75024,283.55023,284.55023,272.45026,272.25024,272.35025,275.75024,277.05023,284.55023,284.25024,283.05023,282.25024,283.45026,284.15024,285.05023,285.05023,285.35025,285.25024,284.35025,283.35025,281.65024,281.95026,272.95026,276.15024,279.35025,275.25024,276.15024,276.45026,277.75024,278.05023,277.05023,276.95026,276.65024,277.95026,280.25024
278.05023,277.95026,275.85025,284.85025,284.65024,283.75024,280.65024,279.95026,280.45026,281.25024,280.75024,281.35025,282.05023,283.65024,284.25024,284.15024,284.65024,284.35025,284.45026,282.55023,272.85025,271.75024,272.65024,271.95026,285.05023,286.85025,286.85025,285.05023,272.95026,272.25024,272.35025,271.95026,272.05023,273.15024,273.35025,273.65024,273.15024,284.75024,285.25024,277.45026,279.25024,286.45026,274.05023,286.45026,286.85025,286.95026,268.75024,268.55023,284.15024,282.25024,278.95026,274.45026,279.35025,274.25024,275.05023,275.65024,275.95026,276.55023,278.95026,278.95026
281.85025,280.95026,281.05023,274.85025,274.15024,274.35025,274.55023,285.05023,281.95026,280.35025,276.95026,281.95026,277.25024,273.95026,273.95026,284.15024,285.45026,284.95026,280.65024,273.85025,275.55023,286.35025,287.65024,286.15024,285.05023,274.35025,285.65024,284.95026,284.75024,283.35025,273.15024,280.75024,271.65024,272.05023,272.75024,276.35025,286.05023,285.95026,285.55023,275.85025,275.85025,283.45026,274.85025,275.95026,277.95026,285.05023,285.95026,286.35025,286.05023,285.25024,282.65024,280.85025,278.05023,275.15024,275.35025,275.95026,276.45026,276.45026,276.55023,276.35025
277.95026,279.95026,281.75024,283.05023,281.35025,277.15024,274.65024,274.85025,274.75024,274.75024,282.35025,274.25024,274.25024,285.35025,286.25024,283.55023,286.95026,274.75024,274.05023,274.15024,274.15024,274.15024,286.95026,285.35025,273.75024,284.95026,286.95026,286.85025,285.25024,282.15024,281.95026,283.05023,272.85025,273.45026,275.15024,284.85025,285.85025,287.05023,283.75024,276.35025,276.75024,276.55023,275.45026,281.55023,282.05023,282.55023,281.05023,275.35025,284.75024,285.55023,284.85025,282.45026,280.45026,267.15024,277.45026,281.75024,274.45026,274.55023,276.45026,276.65024
278.95026,278.75024,279.35025,279.35025,281.35025,282.65024,284.95026,284.05023,282.75024,283.65024,284.75024,285.35025,278.95026,286.15024,287.15024,287.15024,287.95026,288.75024,289.05023,289.55023,289.15024,288.55023,288.05023,288.25024,288.65024,287.85025,286.85025,286.45026,285.25024,285.15024,285.25024,284.85025,282.25024,281.25024,284.15024,288.85025,289.45026,288.45026,284.45026,274.75024,275.35025,276.45026,277.35025,276.75024,276.25024,276.25024,275.05023,276.45026,282.25024,280.15024,286.45026,286.85025,285.25024,283.25024,265.85025,264.95026,278.25024,272.55023,276.85025,276.75024
275.95026,276.35025,280.85025,281.65024,282.05023,284.75024,285.95026,285.05023,282.95026,282.05023,282.55023,284.35025,286.75024,287.55023,287.65024,287.15024,288.55023,288.85025,289.25024,289.45026,290.35025,290.45026,290.05023,289.95026,289.25024,288.65024,288.75024,287.95026,288.85025,288.85025,286.45026,284.95026,284.45026,284.55023,275.35025,286.85025,286.85025,272.05023,274.15024,274.55023,274.65024,274.25024,274.85025,275.05023,275.45026,274.95026,280.75024,282.55023,284.85025,286.15024,284.95026,285.05023,285.35025,277.75024,276.65024,277.45026,268.65024,281.15024,275.55023,275.55023
285.45026,286.25024,284.45026,284.05023,285.65024,286.35025,284.45026,284.45026,285.15024,284.25024,284.25024,285.05023,286.75024,288.25024,287.75024,287.45026,288.25024,289.15024,288.95026,289.25024,289.25024,290.05023,289.45026,289.15024,289.15024,289.25024,289.55023,288.95026,288.35025,287.55023,287.05023,286.75024,286.85025,280.05023,286.95026,286.65024,284.95026,274.85025,275.55023,275.15024,274.95026,274.65024,277.95026,284.15024,283.45026,283.95026,285.35025,285.55023,286.25024,277.35025,286.35025,285.75024,284.95026,285.55023,277.85025,274.35025,275.05023,274.35025,276.65024,277.05023
