nws-json/temp2019082112.f000.json
{"header": { "discipline":0, "disciplineName":"Meteorological products", "gribEdition":2, "gribLength":50058, "center":7, "centerName":"US National Weather Service - NCEP(WMC)", "subcenter":0, "refTime":"2019-08-21T12:00:00.000Z", "significanceOfRT":1, "significanceOfRTName":"Start of forecast", "productStatus":0, "productStatusName":"Operational products", "productType":1, "productTypeName":"Forecast products", "productDefinitionTemplate":0, "productDefinitionTemplateName":"Analysis/forecast at horizontal level/layer at a point in time", "parameterCategory":0, "parameterCategoryName":"Temperature", "parameterNumber":0, "parameterNumberName":"Temperature", "parameterUnit":"K", "genProcessType":2, "genProcessTypeName":"Forecast", "forecastTime":0, "surface1Type":1, "surface1TypeName":"Ground or water surface", "surface1Value":0.0, "surface2Type":255, "surface2TypeName":"Missing", "surface2Value":0.0, "gridDefinitionTemplate":0, "gridDefinitionTemplateName":"Latitude_Longitude", "numberPoints":65160, "shape":6, "shapeName":"Earth spherical with radius of 6,371,229.0 m", "gridUnits":"degrees", "resolution":48, "winds":"true", "scanMode":0, "nx":360, "ny":181, "basicAngle":0, "lo1":0.0, "la1":90.0, "lo2":359.0, "la2":-90.0, "dx":1.0, "dy":1.0 }, "data":
[rows 84 to 111 of 181, columns 124 to 185 of 360]
301.59998,294.59998,301.59998,301.8,301.39996,301.09998,300.99997,301.3,301.69998,301.89996,301.89996,301.89996,301.89996,301.99997,301.89996,301.99997,301.8,301.8,301.8,301.69998,301.69998,301.69998,301.69998,301.8,301.89996,301.89996,301.99997,302.09998,302.19998,302.19998,302.39996,302.49997,302.59998,302.69998,302.89996,303.09998,303.3,303.19998,302.89996,302.89996,302.8,302.89996,302.89996,302.69998,302.8,302.99997,302.99997,302.8,302.69998,302.8,302.89996,302.8,302.8,302.89996,302.89996,302.89996,302.89996,302.8,302.69998,302.59998,302.59998,302.49997
301.99997,301.89996,301.8,301.49997,301.09998,301.09998,301.09998,301.39996,301.59998,301.69998,301.8,301.89996,301.89996,301.99997,302.09998,302.09998,301.99997,301.89996,301.8,301.89996,301.89996,302.09998,301.99997,302.09998,302.19998,302.3,302.3,302.19998,302.39996,302.39996,302.49997,302.59998,302.69998,302.69998,302.89996,303.09998,303.19998,303.09998,302.89996,302.99997,302.89996,302.8,302.8,302.89996,302.89996,303.09998,303.09998,302.99997,302.8,302.89996,303.09998,302.99997,303.19998,303.19998,303.09998,303.19998,303.19998,302.99997,302.8,302.59998,302.59998,302.3
302.3,302.3,301.8,300.8,300.8,301.39996,301.39996,301.59998,301.49997,301.59998,301.69998,301.89996,301.89996,302.09998,302.19998,302.39996,302.39996,302.3,302.09998,301.99997,301.99997,302.09998,302.3,302.19998,302.3,302.3,302.3,302.39996,302.39996,302.49997,302.49997,302.59998,302.59998,302.49997,302.69998,302.89996,302.99997,302.89996,302.8,302.89996,302.99997,302.99997,303.09998,303.19998,303.19998,303.19998,302.99997,303.09998,303.09998,303.19998,303.3,303.3,303.3,303.3,303.39996,303.3,303.3,302.99997,302.89996,302.59998,302.39996,302.09998
302.69998,302.8,301.49997,300.49997,300.99997,301.8,301.49997,301.59998,301.8,301.99997,302.09998,302.09998,302.09998,302.19998,302.49997,302.49997,302.49997,302.39996,302.09998,302.09998,302.19998,302.09998,302.19998,302.19998,302.3,302.3,302.3,302.39996,302.59998,302.59998,302.59998,302.59998,302.49997,302.49997,302.59998,302.8,302.89996,302.89996,302.59998,302.69998,302.99997,303.19998,303.39996,303.39996,303.3,303.3,303.19998,303.3,303.39996,303.49997,303.59998,303.39996,303.3,303.39996,303.39996,303.19998,303.09998,302.89996,302.59998,302.39996,302.3,302.09998
302.49997,302.3,300.59998,300.3,296.8,301.49997,301.59998,301.8,301.99997,302.09998,302.3,302.39996,302.39996,302.39996,302.59998,302.49997,302.39996,302.39996,302.3,302.39996,302.49997,302.19998,302.19998,302.39996,302.3,302.09998,302.3,302.39996,302.59998,302.59998,302.49997,302.49997,302.49997,302.39996,302.59998,302.89996,302.8,302.8,302.8,302.8,302.99997,303.3,303.49997,303.49997,303.49997,303.39996,303.49997,303.59998,303.49997,303.59998,303.59998,303.49997,303.3,303.3,303.3,303.09998,302.89996,302.8,302.59998,302.39996,302.3,302.19998
301.99997,299.99997,299.89996,300.09998,299.09998,301.3,301.49997,302.09998,302.19998,302.3,302.49997,302.59998,302.39996,302.49997,302.49997,302.49997,302.39996,302.39996,302.39996,302.39996,302.39996,302.49997,302.39996,302.39996,302.39996,302.3,302.3,302.39996,302.39996,302.59998,302.59998,302.49997,302.3,302.3,302.49997,302.8,302.89996,302.89996,302.8,302.89996,302.99997,303.39996,303.69998,303.59998,303.59998,303.59998,303.69998,303.69998,303.49997,303.39996,303.49997,303.49997,303.3,303.09998,302.99997,302.89996,302.8,302.69998,302.59998,302.39996,302.19998,302.09998
300.49997,300.09998,299.99997,300.09998,301.09998,301.09998,301.19998,301.19998,302.19998,302.49997,302.69998,302.69998,302.49997,302.39996,302.39996,302.49997,302.3,302.3,302.39996,302.3,302.3,302.3,302.3,302.3,302.39996,302.3,302.49997,302.59998,302.49997,302.59998,302.69998,302.69998,302.59998,302.59998,302.69998,302.8,302.89996,302.99997,302.8,302.99997,302.89996,302.99997,303.59998,303.8,303.8,303.8,303.69998,303.59998,303.39996,303.3,303.49997,303.39996,303.19998,303.09998,302.89996,302.89996,302.8,302.8,302.59998,302.39996,302.19998,302.09998
299.49997,300.49997,300.3,299.8,300.69998,300.89996,300.59998,296.19998,295.19998,291.3,296.19998,302.59998,296.69998,302.3,302.3,302.3,302.39996,302.49997,302.39996,302.09998,302.09998,301.89996,301.99997,302.09998,302.19998,302.3,302.39996,302.49997,302.59998,302.59998,302.59998,302.8,302.8,302.8,302.89996,303.19998,303.3,303.09998,302.99997,302.99997,302.99997,303.09998,303.59998,303.8,303.69998,303.8,303.8,303.49997,303.19998,303.3,303.39996,303.39996,303.19998,303.09998,302.99997,302.8,302.8,302.69998,302.59998,302.49997,302.3,302.3
299.3,300.09998,296.8,299.59998,300.39996,300.59998,298.49997,299.39996,299.59998,297.3,295.99997,302.8,302.8,302.8,297.19998,299.59998,302.3,302.39996,302.09998,301.89996,302.09998,301.89996,302.09998,299.09998,302.3,302.3,302.59998,302.59998,302.59998,302.59998,302.49997,302.59998,302.69998,302.8,303.09998,303.3,303.49997,303.49997,303.3,303.19998,303.09998,303.39996,303.69998,303.89996,303.69998,303.59998,303.69998,303.49997,303.39996,303.49997,303.49997,303.39996,303.19998,303.09998,302.89996,302.89996,302.89996,302.69998,302.49997,302.49997,302.39996,302.39996
299.59998,299.59998,300.09998,299.89996,300.09998,292.69998,295.59998,299.3,299.19998,295.49997,294.69998,302.8,298.99997,295.39996,296.59998,295.39996,294.99997,294.69998,296.59998,301.59998,301.69998,301.59998,301.69998,302.09998,302.3,302.49997,302.59998,302.39996,302.49997,302.69998,302.49997,302.49997,302.49997,302.89996,303.09998,303.39996,303.39996,303.59998,303.59998,303.39996,303.49997,303.49997,303.8,303.69998,303.59998,303.59998,303.59998,303.49997,303.39996,303.39996,303.3,303.19998,303.19998,302.99997,302.89996,302.99997,302.89996,302.69998,302.39996,302.49997,302.49997,302.39996
299.19998,299.09998,298.99997,298.59998,298.89996,298.59998,298.49997,298.49997,298.39996,289.69998,298.3,294.19998,288.49997,281.89996,280.09998,283.69998,292.8,296.99997,296.09998,296.39996,296.3,301.3,301.3,301.8,302.09998,302.3,302.49997,302.39996,302.09998,300.49997,302.49997,302.39996,302.49997,302.8,303.09998,303.39996,303.69998,303.59998,303.49997,303.39996,303.49997,303.59998,303.59998,303.49997,303.49997,303.49997,303.39996,303.39996,303.49997,303.39996,303.19998,303.09998,303.19998,303.09998,302.99997,303.09998,302.89996,302.69998,302.59998,302.69998,302.49997,302.19998
299.09998,298.89996,298.69998,298.59998,298.8,298.39996,298.3,298.19998,298.09998,297.99997,297.8,297.3,297.39996,297.99997,295.3,296.19998,295.99997,285.19998,288.59998,287.99997,292.8,296.49997,300.89996,301.39996,301.69998,302.09998,302.49997,302.19998,300.59998,301.8,302.3,302.19998,302.3,302.8,302.99997,303.3,303.49997,303.3,303.19998,303.19998,303.3,303.39996,303.39996,303.39996,303.3,303.19998,303.19998,303.19998,303.3,303.19998,303.09998,302.89996,302.99997,303.09998,303.09998,303.09998,302.89996,302.8,302.89996,302.8,302.59998,302.3
299.09998,298.89996,298.59998,298.59998,298.8,298.49997,298.19998,297.89996,297.99997,298.19998,298.09998,297.8,297.89996,297.89996,298.19998,296.89996,296.49997,296.3,295.8,289.09998,286.49997,286.8,291.59998,292.59998,300.19998,296.3,294.49997,298.69998,300.8,301.59998,301.99997,294.19998,302.3,302.49997,302.8,302.99997,303.19998,303.09998,303.09998,303.09998,303.09998,303.09998,302.99997,302.99997,302.99997,303.09998,303.09998,303.09998,302.89996,303.09998,302.99997,302.89996,302.89996,302.99997,302.99997,303.09998,302.99997,302.89996,302.8,302.59998,302.59998,302.3
299.19998,299.39996,299.09998,298.49997,298.59998,298.69998,298.69998,298.8,298.39996,297.89996,297.69998,298.19998,298.19998,298.19998,298.8,296.39996,296.19998,296.39996,296.39996,294.99997,293.3,294.59998,286.69998,294.49997,299.99997,299.8,299.89996,300.39996,300.99997,301.3,301.69998,301.8,301.99997,295.49997,302.3,302.8,302.99997,303.09998,302.99997,302.99997,302.8,302.89996,302.8,302.8,302.8,302.99997,302.99997,302.89996,302.8,302.89996,302.89996,302.8,302.89996,302.99997,302.89996,303.09998,302.99997,302.89996,302.69998,302.59998,302.69998,302.59998
299.3,299.19998,297.89996,298.89996,298.69998,298.69998,298.8,298.59998,297.99997,297.99997,297.89996,297.8,297.59998,298.19998,296.69998,296.99997,297.09998,296.49997,296.3,295.59998,299.19998,299.09998,295.59998,285.3,300.19998,299.99997,300.09998,300.3,300.69998,300.8,300.99997,301.09998,301.69998,296.89996,301.69998,300.59998,302.69998,302.89996,302.8,302.59998,302.39996,302.49997,302.39996,302.49997,302.3,302.49997,302.8,302.8,302.59998,302.39996,302.3,302.49997,302.8,302.89996,302.89996,302.89996,302.89996,302.8,302.59998,302.69998,302.8,302.69998
298.09998,292.69998,293.69998,298.89996,298.69998,298.59998,298.59998,298.59998,298.39996,298.49997,298.3,297.8,297.89996,298.39996,298.69998,298.69998,298.8,297.3,295.39996,294.8,298.99997,298.99997,299.19998,296.49997,291.89996,298.19998,299.8,299.89996,300.39996,300.49997,300.89996,300.99997,301.09998,300.99997,301.09998,301.99997,302.59998,294.09998,302.49997,302.09998,301.99997,302.19998,302.09998,302.19998,302.09998,302.19998,302.39996,302.49997,302.39996,302.3,302.3,302.49997,302.69998,302.8,302.69998,302.69998,302.69998,302.69998,302.69998,302.59998,302.69998,302.69998
291.49997,299.3,299.09998,298.99997,299.09998,298.8,298.69998,298.59998,298.59998,298.59998,298.19998,298.09998,297.99997,297.89996,298.49997,298.69998,298.39996,298.39996,298.49997,298.39996,298.19998,298.39996,298.49997,298.3,294.89996,291.09998,298.8,297.3,300.39996,300.49997,300.59998,300.69998,300.89996,300.89996,300.69998,301.39996,301.8,302.09998,301.99997,301.49997,301.59998,301.8,301.49997,301.49997,301.49997,301.59998,301.8,301.8,301.89996,302.19998,302.19998,302.39996,302.59998,302.59998,302.69998,302.49997,302.49997,302.49997,302.49997,302.49997,302.39996,302.3
298.99997,299.09998,299.09998,299.3,299.19998,299.09998,299.19998,298.69998,298.39996,298.39996,298.19998,297.99997,297.8,297.69998,298.19998,298.59998,298.59998,298.39996,298.09998,297.49997,297.49997,297.59998,297.99997,298.09998,298.19998,298.39996,298.39996,298.39996,299.19998,299.89996,299.89996,300.09998,300.8,301.19998,300.99997,301.19998,301.59998,301.3,301.19998,301.19998,301.19998,301.3,301.19998,301.09998,301.19998,301.09998,301.39996,301.59998,301.59998,301.8,301.99997,302.09998,302.39996,302.59998,302.59998,302.49997,302.39996,302.3,302.19998,302.3,302.19998,301.89996
298.89996,298.99997,298.99997,298.59998,298.69998,298.8,298.69998,298.8,298.59998,293.09998,294.99997,297.69998,297.69998,297.39996,297.99997,298.49997,298.69998,298.49997,297.59998,294.69998,297.3,297.59998,297.69998,297.8,297.89996,298.3,298.49997,298.49997,298.59998,298.8,299.3,299.59998,300.49997,301.09998,300.99997,301.09998,301.3,301.19998,300.99997,300.99997,300.89996,300.99997,300.89996,300.89996,300.89996,300.8,301.19998,301.59998,301.59998,301.59998,301.8,301.8,301.99997,302.19998,302.3,302.39996,302.39996,302.3,302.09998,302.09998,302.09998,301.89996
298.8,298.8,298.39996,298.09998,298.39996,298.39996,297.8,294.3,292.19998,289.89996,290.59998,290.19998,291.49997,296.8,297.09998,297.99997,298.3,298.09998,292.99997,292.09998,297.19998,297.49997,297.49997,297.59998,297.89996,298.09998,298.19998,298.49997,298.69998,299.09998,299.3,299.8,300.19998,300.3,300.49997,300.69998,300.89996,301.09998,300.8,300.69998,300.59998,300.8,300.8,300.89996,300.8,300.89996,301.09998,301.39996,301.39996,301.3,301.59998,301.39996,301.3,301.39996,301.8,301.99997,302.09998,302.09998,302.19998,302.3,301.99997,301.99997
298.69998,298.8,296.59998,290.49997,297.39996,296.89996,291.49997,290.3,289.19998,287.69998,287.69998,288.39996,294.69998,295.89996,296.3,297.09998,297.89996,297.89996,289.59998,291.99997,296.99997,296.89996,297.19998,297.59998,297.89996,297.89996,298.09998,298.3,298.89996,299.19998,299.19998,299.69998,299.89996,299.59998,299.8,300.09998,300.19998,300.19998,300.3,300.3,300.3,300.39996,300.69998,300.69998,300.49997,300.59998,300.8,300.99997,300.99997,300.89996,301.09998,301.19998,300.99997,300.8,300.99997,301.3,301.69998,301.89996,302.09998,302.19998,301.89996,301.99997
298.8,298.39996,290.09998,288.19998,288.69998,290.39996,290.19998,289.69998,289.19998,288.8,287.19998,287.39996,295.09998,295.49997,296.09998,296.59998,297.19998,296.8,291.39996,291.99997,289.69998,291.8,296.69998,297.39996,297.39996,297.49997,297.69998,298.3,298.99997,298.99997,299.09998,299.49997,299.39996,298.69998,298.8,298.99997,298.8,298.99997,299.19998,299.8,300.09998,299.8,300.19998,300.49997,300.19998,300.09998,300.19998,300.09998,300.3,300.3,300.49997,300.8,300.89996,300.59998,300.39996,300.8,301.19998,301.3,301.3,301.39996,301.3,301.59998
297.89996,285.69998,285.8,286.09998,287.59998,287.99997,288.99997,287.3,287.99997,290.3,288.8,286.99997,287.49997,287.89996,294.59998,295.69998,295.69998,295.39996,292.8,290.59998,287.3,287.3,296.8,297.39996,297.09998,297.19998,297.8,298.8,299.3,298.99997,298.69998,298.8,298.69998,297.89996,297.59998,298.19998,298.3,297.89996,298.8,299.8,299.8,298.99997,298.89996,299.89996,300.09998,299.69998,299.49997,299.49997,299.59998,299.49997,299.59998,300.09998,300.59998,300.3,300.19998,300.49997,300.3,300.09998,300.89996,300.99997,300.8,300.8
292.89996,291.69998,286.8,285.09998,285.89996,286.8,286.39996,287.69998,287.09998,287.89996,288.89996,287.59998,289.09998,289.3,290.09998,288.59998,293.49997,293.3,290.69998,291.69998,288.09998,283.19998,294.89996,296.89996,296.8,296.99997,297.39996,298.3,298.3,298.19998,297.89996,297.69998,297.8,297.39996,297.59998,297.99997,297.99997,297.8,298.59998,299.19998,298.89996,298.19998,298.49997,299.19998,299.49997,298.8,298.8,299.19998,299.3,299.19998,299.19998,299.49997,300.09998,299.99997,299.59998,298.39996,299.09998,299.49997,300.3,300.19998,299.99997,299.89996
289.99997,290.39996,289.09998,286.69998,285.69998,285.09998,285.09998,286.39996,287.49997,287.59998,287.8,287.59998,286.39996,286.39996,286.19998,286.39996,287.89996,288.8,288.89996,290.89996,286.59998,282.99997,286.99997,296.3,296.39996,296.69998,296.8,296.89996,296.99997,297.39996,297.09998,296.69998,296.89996,296.99997,297.39996,297.59998,297.8,297.69998,297.59998,297.99997,297.89996,297.89996,298.3,298.8,298.69998,297.49997,297.89996,298.59998,298.69998,298.59998,298.39996,298.59998,298.99997,299.49997,290.89996,298.8,298.69998,298.69998,299.3,299.49997,299.69998,299.3
287.89996,288.49997,288.3,285.69998,284.69998,284.19998,284.19998,285.39996,287.09998,285.99997,285.49997,286.59998,286.19998,284.89996,284.8,285.09998,285.59998,287.8,289.09998,287.59998,285.69998,282.89996,282.8,295.09998,295.8,296.39996,296.49997,296.59998,296.19998,296.59998,296.69998,296.49997,296.19998,296.59998,297.09998,297.09998,297.09998,296.59998,296.89996,296.69998,296.89996,297.19998,297.39996,297.59998,297.49997,296.39996,297.19998,297.99997,297.99997,297.3,297.59998,297.89996,298.19998,298.3,298.3,298.19998,298.19998,298.09998,298.59998,299.09998,298.99997,298.89996
286.59998,286.49997,286.59998,285.59998,284.49997,283.89996,284.39996,285.8,286.39996,285.69998,284.8,284.69998,284.49997,284.89996,285.09998,283.8,284.39996,285.3,286.89996,285.49997,282.49997,282.49997,285.99997,284.49997,283.99997,294.8,295.59998,296.09998,296.09998,295.89996,295.99997,295.99997,295.89996,295.8,296.19998,296.19998,296.3,295.99997,295.89996,296.09998,296.49997,296.99997,296.89996,296.99997,296.69998,296.3,296.59998,296.99997,297.19998,297.09998,297.49997,297.89996,297.8,297.3,297.3,297.69998,297.8,297.69998,298.09998,298.3,298.3,298.3
285.19998,285.49997,283.8,284.3,283.69998,284.09998,284.09998,284.49997,283.99997,283.09998,283.39996,282.69998,283.39996,284.39996,283.8,282.8,282.59998,283.69998,284.39996,285.49997,284.59998,283.19998,285.09998,283.59998,281.99997,284.59998,293.99997,294.8,295.8,295.8,295.69998,295.59998,295.59998,295.19998,295.19998,295.3,296.09998,295.8,295.19998,295.49997,295.89996,286.3,296.8,296.19998,296.3,295.8,295.89996,296.39996,296.89996,296.69998,296.8,296.8,296.69998,296.59998,296.49997,296.49997,297.19998,297.19998,296.99997,296.99997,297.19998,297.69998
