nws-json/temp_20190823_18.f000.json
{"header": { "discipline":0, "disciplineName":"Meteorological products", "gribEdition":2, "gribLength":50151, "center":7, "centerName":"US National Weather Service - NCEP(WMC)", "subcenter":0, "refTime":"2019-08-23T18:00:00.000Z", "significanceOfRT":1, "significanceOfRTName":"Start of forecast", "productStatus":0, "productStatusName":"Operational products", "productType":1, "productTypeName":"Forecast products", "productDefinitionTemplate":0, "productDefinitionTemplateName":"Analysis/forecast at horizontal level/layer at a point in time", "parameterCategory":0, "parameterCategoryName":"Temperature", "parameterNumber":0, "parameterNumberName":"Temperature", "parameterUnit":"K", "genProcessType":2, "genProcessTypeName":"Forecast", "forecastTime":0, "surface1Type":1, "surface1TypeName":"Ground or water surface", "surface1Value":0.0, "surface2Type":255, "surface2TypeName":"Missing", "surface2Value":0.0, "gridDefinitionTemplate":0, "gridDefinitionTemplateName":"Latitude_Longitude", "numberPoints":65160, "shape":6, "shapeName":"Earth spherical with radius of 6,371,229.0 m", "gridUnits":"degrees", "resolution":48, "winds":"true", "scanMode":0, "nx":360, "ny":181, "basicAngle":0, "lo1":0.0, "la1":90.0, "lo2":359.0, "la2":-90.0, "dx":1.0, "dy":1.0 }, "data":
[rows 130 to 155 of 181, columns 0 to 59 of 360]
282.21494,282.01495,282.51495,283.31494,283.91495,284.01495,284.11493,283.91495,284.11493,285.21494,285.71494,286.21494,286.91495,287.61493,288.91495,289.91495,290.11493,290.51495,290.71494,290.31494,289.41495,289.01495,289.81494,290.51495,290.31494,287.61493,285.41495,284.91495,284.81494,284.71494,285.01495,285.41495,285.41495,285.01495,286.01495,286.71494,286.71494,286.21494,285.11493,284.91495,285.21494,284.61493,284.41495,284.41495,285.21494,286.71494,288.21494,288.01495,287.31494,285.21494,283.51495,283.81494,285.61493,286.61493,286.81494,286.41495,286.21494,286.41495,286.61493,286.71494
282.21494,282.01495,282.21494,282.81494,283.21494,282.81494,283.01495,283.41495,283.41495,283.01495,283.21494,284.51495,285.41495,286.01495,287.41495,288.81494,289.41495,289.01495,287.91495,286.91495,286.01495,285.61493,286.71494,288.61493,288.71494,287.51495,287.21494,286.71494,284.91495,284.41495,285.51495,285.41495,285.31494,285.21494,284.41495,284.31494,284.61493,284.71494,284.61493,284.21494,284.01495,283.51495,283.61493,284.41495,285.31494,286.31494,287.11493,286.71494,285.21494,282.51495,280.91495,281.61493,283.81494,285.71494,286.61493,286.41495,286.11493,286.31494,286.31494,286.41495
282.11493,281.81494,281.91495,282.21494,281.81494,281.21494,281.61493,282.11493,281.81494,281.41495,281.21494,282.11493,283.11493,283.31494,284.41495,285.91495,285.61493,284.31494,284.01495,283.81494,284.11493,284.91495,285.51495,285.91495,286.21494,286.01495,286.41495,285.61493,284.21494,283.41495,283.61493,283.61493,283.21494,283.31494,282.91495,283.01495,282.41495,282.61493,282.71494,281.81494,281.31494,281.71494,282.21494,283.11493,283.21494,282.91495,282.71494,282.51495,280.91495,279.41495,279.11493,279.51495,280.91495,282.21494,284.21494,285.11493,285.81494,286.31494,286.51495,286.41495
281.41495,281.41495,281.21494,281.41495,281.11493,280.71494,280.91495,280.61493,280.31494,280.11493,280.11493,280.61493,281.41495,282.41495,283.11493,283.91495,283.71494,282.61493,282.51495,282.71494,283.01495,283.71494,284.51495,284.51495,284.61493,284.41495,284.11493,284.31494,283.91495,283.01495,281.91495,280.91495,280.61493,281.01495,281.01495,280.31494,279.71494,279.71494,279.31494,278.91495,279.01495,278.81494,279.61493,279.81494,278.51495,278.01495,278.11493,277.81494,277.51495,277.51495,277.51495,277.81494,278.81494,279.91495,281.11493,282.61493,283.11493,284.41495,286.01495,286.41495
281.11493,281.01495,280.71494,280.51495,280.41495,280.51495,279.61493,279.11493,279.01495,279.71494,280.11493,280.21494,280.61493,281.81494,282.51495,282.91495,282.91495,282.41495,282.21494,282.01495,282.11493,282.11493,281.41495,280.91495,281.81494,282.31494,281.81494,282.41495,282.91495,282.51495,281.81494,281.11493,280.21494,279.81494,279.21494,278.91495,279.01495,278.91495,278.31494,278.41495,278.71494,278.21494,278.21494,278.41495,277.61493,277.41495,277.21494,276.91495,277.11493,277.61493,277.91495,278.51495,278.51495,277.51495,278.41495,279.31494,280.01495,282.01495,283.71494,284.61493
279.21494,279.11493,279.81494,280.41495,280.71494,279.61493,278.21494,277.81494,278.51495,279.41495,279.71494,279.61493,279.51495,279.71494,279.91495,280.41495,280.21494,280.21494,280.51495,280.51495,280.01495,279.91495,279.51495,279.01495,279.21494,279.41495,279.21494,279.81494,280.21494,279.61493,279.51495,280.01495,278.91495,278.81494,279.01495,278.61493,278.31494,278.21494,277.71494,277.71494,278.01495,278.31494,278.31494,277.91495,277.51495,277.61493,277.41495,276.71494,276.41495,277.21494,277.41495,276.91495,276.31494,276.11493,276.81494,278.01495,279.31494,279.91495,280.11493,281.11493
277.31494,277.11493,277.01495,277.41495,278.11493,277.71494,277.51495,277.81494,277.91495,277.91495,278.51495,279.01495,279.31494,279.61493,279.31494,278.61493,278.71494,279.51495,280.01495,279.71494,279.01495,278.71494,278.41495,278.21494,278.21494,278.41495,278.31494,278.81494,278.91495,278.11493,279.01495,279.81494,278.21494,277.41495,278.61493,278.91495,278.41495,277.51495,276.41495,276.11493,276.61493,277.51495,277.81494,277.71494,277.41495,277.41495,277.31494,276.91495,276.61493,277.31494,277.21494,276.21494,275.91495,275.91495,276.21494,277.01495,277.91495,278.51495,278.71494,278.81494
276.61493,276.81494,277.11493,277.21494,277.41495,277.41495,277.41495,277.51495,277.61493,277.51495,278.01495,278.61493,278.81494,278.61493,277.91495,277.31494,277.31494,277.91495,278.41495,278.71494,278.51495,278.01495,277.31494,276.91495,276.81494,276.91495,277.21494,277.51495,277.41495,277.41495,278.31494,278.71494,277.21494,276.61493,277.41495,277.81494,277.61493,277.11493,276.81494,276.71494,276.51495,276.51495,276.31494,276.51495,277.11493,277.51495,277.41495,276.61493,276.21494,276.21494,276.41495,276.21494,275.91495,275.71494,275.71494,276.11493,276.51495,276.81494,276.81494,276.71494
276.41495,276.41495,276.61493,276.81494,276.91495,276.81494,276.81494,277.01495,276.81494,277.01495,277.61493,277.31494,277.11493,277.41495,277.11493,277.01495,276.81494,276.51495,276.41495,276.61493,276.71494,276.21494,275.61493,276.01495,276.51495,276.61493,276.61493,276.41495,276.51495,277.11493,277.91495,277.71494,277.01495,276.21494,275.71494,275.51495,275.21494,275.41495,276.01495,276.51495,276.51495,273.01495,275.81494,275.61493,275.81494,276.11493,276.01495,275.81494,275.31494,275.01495,275.31494,275.51495,275.91495,276.01495,275.61493,275.81494,276.31494,276.21494,275.91495,276.01495
276.41495,276.31494,276.11493,276.01495,275.91495,275.81494,275.71494,275.71494,275.51495,275.81494,276.01495,275.91495,275.91495,276.31494,276.81494,277.01495,276.71494,276.51495,275.91495,275.61493,275.91495,275.61493,275.11493,275.51495,275.61493,275.21494,274.91495,275.11493,275.21494,276.61493,277.11493,276.91495,276.71494,275.51495,274.41495,273.81494,273.91495,274.51495,275.51495,275.61493,275.21494,274.81494,274.91495,275.01495,274.91495,274.91495,275.31494,275.61493,272.71494,275.11493,274.81494,275.21494,275.81494,276.11493,275.61493,275.61493,275.91495,275.61493,275.41495,276.21494
274.61493,274.91495,274.91495,275.11493,275.21494,275.01495,275.11493,275.41495,275.31494,275.31494,275.31494,274.91495,275.01495,275.61493,275.91495,276.11493,275.91495,275.71494,275.51495,275.21494,273.71494,275.11493,273.91495,274.11493,274.41495,274.31494,274.31494,274.41495,273.61493,274.51495,275.61493,274.01495,274.11493,274.01495,273.81494,274.11493,274.31494,274.91495,274.81494,275.41495,275.21494,274.91495,274.81494,274.41495,274.31494,274.41495,274.61493,274.61493,275.01495,274.91495,274.91495,275.21494,275.11493,275.91495,275.81494,275.71494,275.51495,275.01495,274.91495,275.21494
273.91495,274.31494,274.31494,274.51495,274.71494,273.21494,275.01495,272.51495,274.41495,274.21494,274.11493,274.11493,273.31494,273.11493,273.81494,273.31494,274.31494,274.31494,273.21494,273.01495,272.91495,272.41495,272.91495,273.31494,273.21494,273.01495,273.41495,272.11493,273.31494,272.51495,273.91495,273.61493,274.01495,274.31494,274.01495,274.11493,274.41495,274.51495,274.51495,273.81494,273.91495,273.91495,273.51495,273.41495,271.91495,273.31494,273.61493,274.01495,274.51495,274.71494,274.71494,274.91495,275.11493,272.71494,273.11493,273.41495,273.71494,275.11493,274.71494,274.81494
273.51495,272.01495,273.21494,273.11493,272.91495,273.21494,274.11493,273.71494,273.51495,273.21494,273.31494,273.21494,272.61493,272.31494,273.01495,273.21494,272.71494,272.21494,272.61493,271.61493,272.41495,272.31494,272.11493,272.01495,272.21494,272.21494,272.11493,272.31494,273.01495,273.51495,273.81494,273.61493,273.71494,273.01495,272.51495,273.31494,273.81494,274.01495,273.61493,273.21494,273.01495,273.11493,272.61493,272.61493,272.41495,272.31494,272.41495,272.81494,273.71494,274.51495,274.41495,274.21494,274.21494,274.61493,274.71494,274.51495,275.11493,274.61493,274.31494,274.41495
272.21494,272.21494,271.61493,271.51495,271.71494,272.21494,272.51495,271.91495,271.91495,271.91495,271.71494,271.61493,271.51495,271.41495,271.41495,271.71494,271.61493,271.51495,271.41495,271.41495,271.41495,271.61493,271.91495,271.71494,272.01495,271.81494,271.91495,272.21494,272.71494,273.51495,274.01495,272.31494,274.01495,274.01495,273.81494,273.51495,273.31494,272.91495,272.91495,272.61493,272.41495,272.11493,272.51495,272.51495,272.31494,271.31494,272.21494,271.51495,273.21494,273.61493,273.51495,273.41495,273.71494,273.91495,273.81494,273.01495,274.01495,274.01495,273.91495,273.81494
271.41495,271.31494,271.21494,271.21494,271.21494,271.21494,271.21494,271.31494,271.31494,271.31494,271.31494,271.21494,271.01495,270.51495,271.21494,271.21494,271.11493,271.21494,271.21494,271.21494,271.31494,271.31494,271.31494,271.31494,271.21494,271.21494,271.21494,271.91495,272.41495,272.91495,273.11493,273.11493,273.21494,273.11493,272.01495,273.21494,272.91495,272.81494,272.61493,272.31494,272.21494,272.01495,272.01495,272.21494,272.21494,272.11493,272.11493,271.91495,271.51495,272.91495,272.91495,272.81494,272.61493,272.91495,271.51495,273.51495,273.41495,273.31494,273.11493,273.11493
271.21494,271.21494,271.21494,271.21494,271.21494,271.21494,271.21494,269.31494,268.81494,269.91495,270.61493,269.41495,267.41495,266.61493,267.61493,271.21494,271.21494,271.21494,271.21494,271.21494,271.21494,271.21494,271.21494,271.21494,271.31494,271.51495,271.71494,272.51495,272.81494,272.91495,273.01495,272.91495,272.81494,272.61493,273.01495,273.01495,272.71494,272.71494,272.61493,272.31494,272.21494,271.91495,271.61493,271.61493,271.21494,271.51495,271.71494,271.81494,271.71494,271.71494,272.21494,272.11493,272.01495,272.11493,272.71494,272.91495,272.81494,272.81494,273.11493,273.01495
269.71494,268.31494,269.21494,269.81494,270.41495,270.01495,270.01495,269.01495,266.01495,263.61493,265.21494,265.41495,265.71494,268.31494,271.21494,271.21494,271.21494,271.21494,271.21494,271.21494,271.21494,271.21494,271.21494,271.21494,271.61493,271.91495,272.11493,272.41495,272.41495,272.31494,272.21494,272.21494,272.21494,272.31494,272.51495,272.41495,272.11493,272.01495,271.91495,271.61493,271.51495,271.41495,271.41495,271.31494,271.41495,271.51495,271.21494,271.71494,271.71494,271.61493,271.71494,271.71494,271.71494,271.91495,272.31494,272.61493,272.81494,272.81494,272.71494,272.71494
265.81494,260.61493,263.41495,262.51495,268.21494,260.51495,260.41495,261.91495,261.21494,260.61493,261.91495,262.61493,263.51495,264.81494,266.01495,269.41495,270.61493,268.81494,268.91495,269.41495,268.01495,270.41495,271.21494,271.21494,271.51495,271.61493,271.81494,272.01495,272.31494,272.31494,272.31494,272.11493,272.11493,272.21494,272.31494,272.01495,271.71494,271.41495,271.21494,271.21494,271.21494,271.21494,271.21494,271.21494,271.21494,271.21494,271.21494,271.21494,271.21494,271.41495,271.61493,271.51495,271.71494,272.01495,272.21494,272.41495,272.01495,273.01495,273.01495,272.61493
255.11494,256.01495,259.51495,254.61494,254.71494,257.01495,257.81494,260.91495,259.31494,259.71494,262.21494,265.21494,266.71494,265.71494,267.41495,266.31494,264.11493,262.61493,260.81494,260.51495,260.41495,267.21494,271.21494,271.11493,271.31494,271.31494,271.51495,271.71494,272.01495,272.21494,272.21494,272.21494,272.41495,272.31494,272.01495,271.71494,271.51495,271.21494,271.21494,271.21494,271.21494,271.21494,271.21494,271.21494,271.21494,271.21494,271.21494,271.21494,271.21494,271.21494,271.21494,271.21494,271.41495,271.51495,271.81494,271.81494,271.91495,272.11493,272.01495,271.61493
251.91495,253.01494,253.61494,252.91495,253.31494,253.01494,253.21494,254.81494,257.21494,257.21494,257.71494,257.61493,261.41495,264.51495,266.51495,265.81494,263.31494,261.71494,260.11493,259.81494,260.01495,261.41495,262.91495,264.11493,270.41495,269.61493,269.91495,271.11493,271.51495,271.31494,271.81494,271.21494,271.21494,271.01495,270.51495,269.71494,269.11493,267.21494,267.71494,271.21494,269.01495,271.21494,270.91495,271.21494,271.21494,271.21494,271.21494,271.21494,271.21494,271.21494,271.21494,271.21494,271.21494,271.21494,271.21494,271.21494,271.21494,271.21494,271.31494,271.41495
253.21494,253.51494,252.61494,253.61494,256.21494,257.21494,257.51495,258.91495,258.31494,258.81494,258.81494,257.31494,257.41495,258.21494,261.81494,263.01495,261.01495,261.51495,261.01495,260.51495,260.61493,261.21494,261.31494,262.21494,264.51495,264.31494,266.01495,269.71494,269.81494,270.61493,266.71494,263.71494,261.41495,260.11493,260.01495,258.51495,254.61494,255.91495,270.31494,268.21494,266.81494,262.11493,262.01495,266.91495,269.61493,269.31494,267.41495,267.41495,268.81494,271.21494,271.21494,271.11493,271.21494,269.81494,271.21494,270.91495,271.11493,270.41495,270.21494,268.91495
252.41495,253.71494,255.71494,256.31494,257.81494,257.11493,257.31494,256.51495,256.41495,256.51495,256.81494,257.61493,258.41495,258.21494,260.81494,260.91495,261.21494,263.51495,262.91495,260.91495,260.51495,262.41495,263.01495,263.21494,264.71494,262.91495,261.31494,260.21494,259.51495,258.01495,257.61493,256.81494,257.21494,256.11493,252.41495,251.21494,253.51494,257.01495,262.91495,260.01495,256.61493,253.51494,254.01494,254.91495,255.01494,257.51495,261.31494,263.81494,259.11493,260.21494,256.11493,255.91495,254.41495,259.51495,266.31494,258.11493,256.61493,266.41495,256.21494,255.91495
252.21494,252.11494,252.31494,253.61494,252.21494,253.11494,253.41495,252.41495,252.71494,253.01494,255.01494,256.21494,257.31494,257.81494,258.21494,260.11493,261.81494,262.61493,263.51495,262.21494,262.61493,259.61493,257.91495,256.71494,256.51495,256.91495,256.11493,256.11493,255.51494,255.21494,254.41495,252.51494,250.71494,250.61494,252.91495,253.11494,253.71494,254.01494,253.41495,256.01495,253.21494,251.91495,253.21494,253.81494,255.41495,257.41495,257.51495,259.91495,258.91495,258.31494,254.71494,257.21494,254.41495,256.11493,256.21494,252.11494,255.91495,255.41495,255.01494,255.81494
250.91495,253.81494,252.81494,252.11494,250.21494,250.31494,249.01494,248.71494,249.11494,249.31494,250.11494,250.91495,252.41495,253.81494,254.71494,255.31494,256.11493,256.21494,256.31494,256.31494,256.61493,256.31494,256.51495,255.71494,255.81494,255.41495,254.41495,253.11494,251.61494,251.31494,251.61494,251.11494,251.21494,251.11494,251.11494,252.11494,252.61494,251.71494,250.71494,251.51494,250.41495,252.21494,254.01494,255.51494,256.31494,258.31494,263.41495,263.01495,261.91495,262.61493,257.91495,257.41495,255.41495,254.21494,252.41495,251.91495,252.61494,253.81494,253.71494,255.81494
248.71494,249.51494,252.11494,251.11494,250.11494,249.21494,250.31494,251.51494,250.01494,249.71494,250.51494,250.41495,250.51494,250.31494,250.51494,250.71494,251.41495,251.71494,252.41495,252.51494,252.61494,253.11494,252.11494,251.91495,251.81494,250.81494,250.51494,250.71494,251.11494,250.71494,250.41495,250.21494,250.71494,252.11494,253.81494,254.71494,254.21494,254.01494,254.51494,255.71494,256.11493,257.41495,258.11493,257.01495,257.71494,259.91495,258.91495,262.21494,263.61493,262.51495,266.11493,264.41495,264.31494,260.51495,255.61494,252.01494,253.11494,250.41495,250.71494,254.51494
248.11494,247.71494,247.91495,249.61494,249.81494,250.51494,251.61494,252.71494,252.71494,252.71494,251.51494,250.41495,250.11494,250.31494,250.21494,251.41495,252.31494,253.21494,254.21494,254.51494,254.21494,254.01494,253.91495,254.11494,252.31494,250.91495,250.81494,252.01494,253.01494,252.21494,251.31494,251.21494,250.81494,250.61494,252.51494,256.31494,255.01494,255.51494,257.81494,257.71494,257.11493,258.01495,258.11493,258.51495,259.41495,259.51495,259.01495,259.11493,259.91495,259.81494,252.81494,257.11493,252.91495,246.51494,247.91495,248.11494,249.71494,249.01494,248.41495,249.91495
