nws-json/uv2019082112.f000.json
{"header": { "discipline":0, "disciplineName":"Meteorological products", "gribEdition":2, "gribLength":55216, "center":7, "centerName":"US National Weather Service - NCEP(WMC)", "subcenter":0, "refTime":"2019-08-21T12:00:00.000Z", "significanceOfRT":1, "significanceOfRTName":"Start of forecast", "productStatus":0, "productStatusName":"Operational products", "productType":1, "productTypeName":"Forecast products", "productDefinitionTemplate":0, "productDefinitionTemplateName":"Analysis/forecast at horizontal level/layer at a point in time", "parameterCategory":2, "parameterCategoryName":"Momentum", "parameterNumber":3, "parameterNumberName":"V-component_of_wind", "parameterUnit":"m.s-1", "genProcessType":2, "genProcessTypeName":"Forecast", "forecastTime":0, "surface1Type":220, "surface1TypeName":"Planetary Boundary Layer", "surface1Value":0.0, "surface2Type":255, "surface2TypeName":"Missing", "surface2Value":0.0, "gridDefinitionTemplate":0, "gridDefinitionTemplateName":"Latitude_Longitude", "numberPoints":65160, "shape":6, "shapeName":"Earth spherical with radius of 6,371,229.0 m", "gridUnits":"degrees", "resolution":48, "winds":"true", "scanMode":0, "nx":360, "ny":181, "basicAngle":0, "lo1":0.0, "la1":90.0, "lo2":359.0, "la2":-90.0, "dx":1.0, "dy":1.0 }, "data":
[rows 104 to 129 of 181, columns 118 to 176 of 360]
1.4946563,1.5946563,1.1946564,0.7946564,0.49465638,-0.90534365,-1.7053436,-1.4053437,3.1946564,4.0946565,10.294657,10.394656,1.7946564,1.4946563,1.4946563,1.0946563,2.5946565,5.1946564,6.2946563,8.294657,9.594656,9.794657,9.194656,7.5946565,0.39465636,0.7946564,5.1946564,9.794657,10.994657,9.794657,9.594656,9.294657,9.494657,5.9946566,6.5946565,6.7946563,6.1946564,6.6946564,6.7946563,6.0946565,6.5946565,7.2946563,6.1946564,5.394656,5.894656,7.0946565,6.9946566,4.4946566,3.4946563,6.7946563,5.4946566,6.0946565,5.2946563,3.3946564,3.9946563,5.6946564,5.4946566,3.5946565,3.4946563
0.19465637,0.39465636,0.29465637,0.09465637,-0.90534365,-0.5053436,-0.20534363,2.2946563,4.6946564,7.0946565,3.9946563,6.894656,4.894656,2.9946563,1.7946564,-2.9053435,-2.8053436,-0.5053436,2.4946563,5.7946563,7.9946566,11.194656,13.394656,10.794657,-0.90534365,-2.4053435,1.6946564,7.394656,9.194656,8.194656,8.894656,9.894656,10.594656,10.494657,9.194656,9.494657,6.2946563,4.4946566,5.394656,5.2946563,5.394656,5.894656,5.4946566,5.894656,5.394656,5.2946563,5.6946564,6.5946565,4.6946564,6.6946564,6.1946564,5.5946565,4.4946566,4.5946565,4.2946563,4.5946565,5.894656,5.4946566,5.5946565
0.49465638,0.6946564,0.19465637,-0.8053436,-2.4053435,-1.2053436,-0.5053436,-0.30534363,1.9946563,2.2946563,3.5946565,3.9946563,6.894656,4.0946565,6.0946565,7.7946563,-1.5053437,-1.5053437,0.6946564,2.9946563,5.2946563,10.294657,13.694656,11.394656,5.394656,-4.0053434,-0.60534364,4.9946566,9.094656,8.094656,8.394656,8.094656,9.094656,9.194656,9.094656,9.494657,9.394656,9.994657,4.394656,3.2946563,4.2946563,3.6946564,4.2946563,3.0946565,3.7946563,3.7946563,4.9946566,5.4946566,3.6946564,2.4946563,3.8946564,5.2946563,5.394656,4.5946565,4.6946564,5.394656,4.9946566,5.9946566,5.5946565
1.3946564,1.4946563,1.7946564,-0.40534362,0.59465635,2.8946564,7.394656,1.1946564,-0.5053436,1.7946564,2.7946563,2.7946563,4.394656,4.9946566,4.9946566,6.9946566,9.494657,6.6946564,3.9946563,5.6946564,9.394656,9.694656,12.494657,12.394656,10.094656,6.394656,2.3946564,1.5946563,7.5946565,6.1946564,7.5946565,7.394656,6.7946563,7.394656,7.0946565,7.4946566,7.894656,8.494657,8.794657,5.9946566,3.5946565,2.4946563,3.5946565,2.9946563,2.6946564,2.9946563,3.3946564,5.2946563,4.1946564,2.6946564,3.2946563,4.1946564,5.2946563,5.4946566,5.0946565,5.2946563,4.6946564,6.0946565,6.1946564
2.1946564,2.9946563,5.394656,7.4946566,6.4946566,4.9946566,3.9946563,2.8946564,1.2946564,1.5946563,2.0946565,2.5946565,3.1946564,3.7946563,4.7946563,5.7946563,8.394656,9.794657,5.7946563,5.2946563,6.394656,7.4946566,10.594656,12.694656,6.6946564,4.4946566,2.5946565,0.89465636,0.39465636,3.8946564,5.4946566,6.2946563,6.4946566,6.6946564,6.5946565,6.2946563,6.4946566,6.0946565,7.394656,6.6946564,6.394656,6.4946566,4.7946563,4.9946566,2.3946564,2.8946564,2.0946565,4.9946566,4.7946563,5.1946564,2.0946565,2.9946563,3.9946563,4.1946564,4.9946566,4.0946565,4.894656,3.8946564,5.5946565
-0.60534364,1.1946564,5.5946565,6.7946563,4.9946566,3.3946564,4.1946564,5.1946564,3.4946563,1.6946564,1.5946563,2.7946563,2.8946564,2.4946563,2.9946563,4.9946566,6.2946563,9.394656,9.794657,6.0946565,4.2946563,6.9946566,8.394656,11.694656,10.794657,4.394656,6.0946565,0.19465637,-1.3053436,2.5946565,4.894656,5.5946565,6.7946563,6.394656,6.2946563,5.894656,5.5946565,5.0946565,4.7946563,3.8946564,4.6946564,4.5946565,4.6946564,4.7946563,3.9946563,2.4946563,2.0946565,3.2946563,4.7946563,5.2946563,5.894656,5.0946565,5.7946563,3.6946564,4.1946564,3.9946563,3.7946563,3.3946564,3.7946563
-1.4053437,0.19465637,4.394656,3.6946564,3.9946563,3.9946563,3.5946565,3.5946565,2.6946564,1.5946563,0.7946564,0.09465637,0.39465636,3.2946563,4.7946563,4.7946563,5.894656,8.494657,8.294657,9.094656,9.194656,7.894656,8.094656,8.194656,8.894656,5.394656,1.7946564,5.6946564,2.5946565,-0.7053436,1.1946564,4.394656,5.894656,6.0946565,5.9946566,5.394656,4.894656,4.394656,4.1946564,3.6946564,2.9946563,3.4946563,3.7946563,3.0946565,3.5946565,4.1946564,1.0946563,2.9946563,2.7946563,3.5946565,4.5946565,4.7946563,4.2946563,5.6946564,5.9946566,4.2946563,4.394656,4.2946563,3.4946563
0.19465637,3.1946564,4.394656,3.7946563,2.6946564,3.3946564,3.6946564,2.6946564,1.3946564,-0.105343625,0.29465637,0.19465637,1.1946564,2.8946564,4.1946564,6.2946563,7.9946566,8.794657,8.694656,8.594656,7.5946565,6.1946564,7.394656,7.0946565,4.6946564,4.2946563,2.2946563,1.0946563,3.6946564,3.3946564,0.6946564,0.59465635,0.7946564,2.7946563,3.7946563,4.7946563,3.9946563,3.5946565,3.2946563,2.9946563,2.8946564,2.8946564,2.6946564,2.4946563,3.1946564,3.5946565,4.5946565,-0.30534363,2.8946564,3.5946565,4.394656,4.4946566,4.5946565,4.6946564,4.1946564,4.4946566,5.7946563,6.6946564,5.4946566
2.1946564,1.1946564,1.0946563,2.4946563,3.3946564,1.3946564,1.0946563,2.9946563,4.2946563,3.2946563,2.6946564,2.3946564,3.1946564,4.0946565,3.2946563,4.9946566,5.1946564,8.194656,8.794657,8.694656,8.794657,8.794657,7.4946566,6.9946566,6.894656,6.1946564,5.7946563,4.394656,1.0946563,1.3946564,2.3946564,0.29465637,2.2946563,0.59465635,0.39465636,0.7946564,2.3946564,1.9946563,1.7946564,1.3946564,1.5946563,1.4946563,1.5946563,2.0946565,2.6946564,3.1946564,3.0946565,2.0946565,0.7946564,3.5946565,3.4946563,3.9946563,4.9946566,5.2946563,5.0946565,5.1946564,4.7946563,4.4946566,4.4946566
-3.4053435,0.59465635,1.6946564,2.5946565,4.4946566,2.6946564,1.6946564,1.8946564,2.8946564,2.7946563,3.8946564,2.9946563,3.5946565,5.394656,4.7946563,5.894656,5.6946564,5.4946566,6.2946563,6.894656,5.7946563,8.694656,7.5946565,8.194656,8.694656,7.894656,5.6946564,8.394656,8.894656,3.3946564,2.0946565,2.0946565,1.1946564,8.994657,-0.20534363,0.59465635,0.39465636,0.39465636,-0.005343628,-0.105343625,-0.40534362,-0.30534363,-0.30534363,0.29465637,1.2946564,1.7946564,2.1946564,1.9946563,2.0946565,2.0946565,2.2946563,2.5946565,2.8946564,3.6946564,4.2946563,5.4946566,6.0946565,6.0946565,5.2946563
-2.3053436,-1.7053436,0.09465637,0.89465636,2.0946565,3.0946565,1.0946563,1.9946563,3.3946564,3.8946564,4.6946564,4.2946563,2.9946563,2.5946565,2.2946563,2.8946564,3.2946563,3.2946563,5.894656,7.0946565,7.2946563,5.2946563,6.394656,6.9946566,7.2946563,7.9946566,9.394656,6.6946564,8.094656,7.1946564,5.894656,3.3946564,4.2946563,1.2946564,6.1946564,5.394656,0.49465638,-1.3053436,-1.0053437,-1.2053436,-1.3053436,-1.4053437,-1.2053436,-0.90534365,-0.40534362,0.49465638,1.2946564,1.7946564,2.0946565,1.7946564,1.3946564,1.0946563,1.1946564,1.5946563,2.0946565,2.8946564,3.2946563,4.1946564,4.7946563
-3.6053436,-3.7053437,-2.2053437,-1.4053437,0.29465637,2.1946564,2.7946563,0.89465636,-0.7053436,-0.5053436,0.29465637,1.2946564,3.0946565,2.6946564,0.9946564,1.3946564,1.5946563,3.5946565,3.9946563,5.4946566,7.2946563,5.1946564,7.9946566,6.9946566,7.5946565,5.394656,4.6946564,6.894656,6.9946566,5.6946564,4.894656,5.1946564,3.6946564,1.6946564,6.1946564,8.994657,4.1946564,-2.0053437,-1.1053436,-1.5053437,-1.6053436,-1.9053437,-1.7053436,-1.3053436,-1.2053436,-0.7053436,-0.005343628,0.49465638,1.0946563,0.49465638,0.29465637,0.59465635,0.9946564,0.29465637,0.59465635,1.2946564,1.7946564,2.2946563,2.8946564
-2.7053437,-3.3053436,-2.5053437,-1.7053436,-0.7053436,1.1946564,1.2946564,2.6946564,2.7946563,3.8946564,3.2946563,2.8946564,1.3946564,2.2946563,2.4946563,2.7946563,4.5946565,3.7946563,2.2946563,4.394656,7.1946564,3.9946563,5.0946565,9.494657,5.6946564,7.394656,6.9946566,5.1946564,5.0946565,4.9946566,3.5946565,5.894656,4.894656,10.194656,8.294657,0.49465638,6.2946563,-3.3053436,-0.105343625,0.09465637,-0.005343628,-0.5053436,-0.5053436,-0.7053436,-0.60534364,-0.105343625,0.09465637,0.19465637,0.19465637,0.49465638,2.1946564,-1.9053437,-1.5053437,-0.8053436,-0.20534363,-1.2053436,-0.105343625,1.1946564,1.9946563
-3.3053436,-2.5053437,-1.7053436,-2.4053435,-1.3053436,-1.2053436,0.6946564,2.5946565,4.2946563,4.4946566,3.6946564,1.5946563,2.9946563,3.2946563,2.3946564,1.7946564,4.7946563,4.5946565,4.2946563,2.8946564,3.9946563,5.0946565,4.1946564,6.6946564,7.2946563,4.1946564,6.5946565,4.894656,5.4946566,4.6946564,4.1946564,4.5946565,4.1946564,3.7946563,9.694656,5.6946564,3.5946565,-3.0053437,-0.40534362,0.89465636,2.2946563,2.6946564,1.5946563,-0.40534362,-0.90534365,-0.40534362,-0.005343628,0.6946564,0.89465636,0.39465636,-0.20534363,0.39465636,-1.2053436,-0.5053436,-2.4053435,-2.2053437,-3.2053437,-1.2053436,0.39465636
-1.9053437,-2.0053437,-3.0053437,-2.1053436,-2.0053437,-1.1053436,-0.5053436,-0.005343628,1.3946564,2.7946563,2.7946563,3.4946563,2.8946564,2.1946564,3.5946565,3.3946564,2.9946563,3.3946564,4.1946564,5.1946564,7.4946566,5.1946564,1.7946564,4.7946563,6.9946566,4.0946565,4.7946563,4.5946565,6.0946565,4.894656,4.9946566,4.1946564,6.2946563,10.094656,2.0946565,1.0946563,7.9946566,-6.9053435,-2.4053435,1.8946564,3.5946565,4.0946565,3.4946563,2.0946565,-0.20534363,-0.40534362,-0.5053436,-0.005343628,0.09465637,-0.105343625,-0.60534364,-0.90534365,-1.9053437,-2.3053436,-2.2053437,-2.6053436,-2.4053435,-3.1053436,-1.3053436
-3.8053436,-2.9053435,-1.9053437,-2.2053437,-2.8053436,-0.8053436,0.19465637,0.19465637,-0.105343625,-0.105343625,1.8946564,3.6946564,4.9946566,5.394656,6.6946564,7.894656,6.1946564,6.6946564,4.5946565,5.1946564,4.9946566,6.7946563,1.7946564,4.5946565,4.2946563,5.5946565,4.4946566,6.1946564,5.9946566,6.394656,8.594656,7.1946564,8.894656,9.194656,4.9946566,-0.20534363,-2.0053437,-1.9053437,2.8946564,4.4946566,5.7946563,5.894656,5.4946566,4.394656,2.7946563,1.0946563,-0.005343628,-0.40534362,-0.5053436,-1.7053436,-1.9053437,-2.2053437,-2.4053435,-2.6053436,-3.0053437,-2.4053435,-3.5053437,-4.2053437,-2.9053435
-3.6053436,-3.7053437,-2.7053437,-2.0053437,-3.2053437,-1.6053436,-0.90534365,-0.30534363,-0.20534363,0.59465635,1.1946564,0.89465636,3.2946563,4.9946566,6.5946565,4.5946565,7.9946566,9.694656,4.1946564,5.394656,9.194656,6.0946565,4.5946565,1.4946563,5.0946565,6.9946566,8.494657,9.094656,7.9946566,10.494657,10.494657,9.994657,8.694656,7.9946566,5.5946565,0.39465636,-4.0053434,-0.30534363,3.0946565,4.7946563,6.5946565,6.6946564,5.394656,4.2946563,4.1946564,3.1946564,2.1946564,-0.005343628,-1.3053436,-1.6053436,-2.8053436,-3.2053437,-3.6053436,-3.9053435,-3.6053436,-4.105344,-3.4053435,-3.8053436,-4.3053436
-5.3053436,-4.7053437,-4.3053436,-2.7053437,-3.5053437,-3.5053437,-3.1053436,-2.5053437,-1.3053436,-0.20534363,1.9946563,2.2946563,3.5946565,4.2946563,5.4946566,6.894656,7.9946566,10.094656,9.094656,3.8946564,9.394656,4.4946566,8.494657,8.294657,7.7946563,5.4946566,6.6946564,7.894656,7.894656,7.5946565,9.294657,8.194656,-0.8053436,0.6946564,-0.105343625,-0.105343625,-1.9053437,3.8946564,5.0946565,5.7946563,6.0946565,7.1946564,7.5946565,6.9946566,4.6946564,2.0946565,0.6946564,0.09465637,-0.7053436,-2.9053435,-3.1053436,-5.2053437,-5.4053435,-4.9053435,-5.105344,-4.8053436,-4.2053437,-4.105344,-5.0053434
-1.8053436,-4.7053437,-6.5053434,-4.8053436,-4.8053436,-4.605344,-3.7053437,-2.9053435,0.09465637,-1.9053437,-1.1053436,1.1946564,3.0946565,3.3946564,3.9946563,4.1946564,2.9946563,6.1946564,8.594656,7.2946563,4.394656,7.0946565,6.9946566,6.894656,3.5946565,9.094656,7.1946564,5.4946566,6.4946566,7.6946564,8.594656,9.694656,5.2946563,-3.5053437,-0.8053436,6.1946564,5.5946565,5.2946563,4.894656,6.894656,5.894656,8.594656,9.694656,10.194656,10.394656,8.294657,5.5946565,3.6946564,0.9946564,-0.5053436,-1.9053437,-5.2053437,-7.2053437,-6.5053434,-5.605344,-5.605344,-5.3053436,-4.5053434,-5.2053437
-3.2053437,-3.6053436,-5.4053435,-7.9053435,-5.605344,-6.8053436,-4.4053435,-7.0053434,-4.4053435,-2.8053436,-1.5053437,-0.40534362,1.4946563,3.1946564,4.7946563,5.1946564,4.5946565,1.7946564,4.894656,6.5946565,5.2946563,7.394656,4.9946566,6.4946566,12.094656,11.094656,7.394656,6.0946565,8.094656,7.6946564,7.6946564,8.494657,8.294657,-0.60534364,2.4946563,6.894656,5.7946563,6.7946563,5.4946566,7.4946566,9.894656,12.194656,12.394656,11.394656,9.194656,6.6946564,4.4946566,4.394656,4.1946564,3.9946563,-0.60534364,-3.2053437,-7.2053437,-8.405344,-6.9053435,-7.2053437,-6.5053434,-6.0053434,-6.9053435
-6.0053434,-4.4053435,-4.5053434,-8.005343,-4.5053434,-8.805344,-9.205343,-7.2053437,-5.8053436,-4.7053437,-3.5053437,-1.9053437,0.29465637,3.1946564,5.1946564,6.0946565,4.1946564,4.0946565,3.7946563,6.4946566,4.7946563,6.4946566,5.0946565,8.594656,8.694656,7.6946564,6.894656,7.4946566,8.194656,7.0946565,6.0946565,0.9946564,6.0946565,3.4946563,6.7946563,8.694656,7.0946565,6.894656,9.794657,11.594656,13.194656,12.194656,10.594656,9.894656,9.194656,6.4946566,4.894656,3.0946565,1.3946564,1.2946564,0.6946564,-3.4053435,-6.3053436,-9.005343,-8.205343,-7.5053434,-7.105344,-6.2053437,-6.4053435
-9.205343,-7.2053437,-8.405344,-9.105344,-6.2053437,-8.105344,-8.705343,-7.8053436,-6.8053436,-5.3053436,-4.0053434,-2.1053436,0.59465635,3.1946564,5.1946564,6.9946566,5.4946566,4.2946563,4.4946566,5.4946566,6.394656,6.394656,9.594656,9.894656,8.994657,8.994657,8.694656,6.1946564,6.394656,5.894656,8.594656,1.7946564,2.5946565,3.6946564,8.394656,4.4946566,9.394656,12.394656,14.494657,13.994657,12.594656,11.294657,9.094656,8.394656,7.5946565,6.0946565,3.5946565,2.6946564,1.3946564,0.59465635,1.1946564,0.49465638,-6.8053436,-10.405344,-8.605344,-7.4053435,-5.4053435,-6.605344,-5.5053434
-9.505343,-10.805344,-11.105344,-9.905344,-8.705343,-7.8053436,-7.0053434,-7.105344,-6.605344,-5.5053434,-5.0053434,-3.2053437,0.09465637,2.8946564,4.9946566,5.5946565,5.5946565,5.6946564,5.4946566,5.0946565,5.9946566,7.4946566,8.194656,9.594656,9.394656,8.694656,6.9946566,6.5946565,4.5946565,0.19465637,-2.6053436,4.7946563,-0.40534362,8.894656,8.394656,10.294657,12.894656,14.694656,13.494657,12.494657,11.094656,9.994657,7.6946564,6.4946566,6.1946564,5.5946565,2.3946564,0.89465636,-0.20534363,-0.105343625,-0.8053436,2.0946565,3.1946564,-10.705343,-9.505343,-9.005343,-5.9053435,-5.9053435,-5.7053437
-10.605344,-10.705343,-9.905344,-10.305344,-9.405344,-8.205343,-7.605344,-7.8053436,-7.0053434,-5.5053434,-4.5053434,-2.3053436,0.39465636,2.8946564,3.9946563,4.9946566,6.2946563,6.4946566,6.394656,6.5946565,7.0946565,7.5946565,7.5946565,7.894656,8.294657,8.294657,7.6946564,4.6946564,5.4946566,3.7946563,6.2946563,6.4946566,8.494657,9.794657,11.294657,13.294657,14.394656,13.794657,12.194656,10.994657,10.394656,10.194656,8.294657,7.1946564,6.1946564,5.7946563,1.5946563,-1.1053436,-1.0053437,0.59465635,-0.105343625,-1.4053437,0.49465638,-4.0053434,-11.305344,-10.205343,-8.305344,-6.5053434,-5.4053435
-11.405344,-9.705343,-9.905344,-9.805344,-9.305344,-8.005343,-8.105344,-7.7053437,-6.4053435,-5.5053434,-4.2053437,-2.2053437,0.89465636,2.3946564,3.2946563,4.2946563,5.6946564,6.1946564,6.5946565,7.1946564,7.7946563,8.394656,8.894656,7.6946564,7.2946563,9.294657,6.7946563,3.3946564,3.8946564,5.7946563,5.2946563,1.7946564,5.2946563,10.594656,12.494657,13.694656,14.394656,13.294657,11.194656,10.994657,11.194656,9.794657,8.594656,7.7946563,6.7946563,5.894656,-0.5053436,-2.7053437,-1.3053436,-0.60534364,-0.60534364,-0.30534363,-1.3053436,-1.4053437,-7.105344,-11.805344,-9.405344,-6.3053436,-5.3053436
-13.405344,-12.405344,-11.505343,-10.405344,-9.305344,-8.205343,-8.505343,-7.8053436,-6.5053434,-5.105344,-3.4053435,-1.6053436,0.09465637,0.9946564,2.3946564,4.1946564,4.5946565,6.4946566,6.894656,7.9946566,8.894656,10.294657,11.294657,11.094656,10.494657,9.794657,10.694656,11.894656,10.594656,11.894656,6.5946565,6.394656,8.794657,8.694656,9.994657,11.094656,11.694656,12.694656,12.094656,11.194656,11.194656,9.094656,6.9946566,6.5946565,6.4946566,4.894656,-0.5053436,-2.6053436,-1.2053436,-0.20534363,-0.8053436,-1.3053436,-1.7053436,-2.1053436,-7.7053437,-13.105344,-10.205343,-7.2053437,-3.7053437
