nws-json/uv2019082106.f000.json
{"header": { "discipline":0, "disciplineName":"Meteorological products", "gribEdition":2, "gribLength":54479, "center":7, "centerName":"US National Weather Service - NCEP(WMC)", "subcenter":0, "refTime":"2019-08-21T06:00:00.000Z", "significanceOfRT":1, "significanceOfRTName":"Start of forecast", "productStatus":0, "productStatusName":"Operational products", "productType":1, "productTypeName":"Forecast products", "productDefinitionTemplate":0, "productDefinitionTemplateName":"Analysis/forecast at horizontal level/layer at a point in time", "parameterCategory":2, "parameterCategoryName":"Momentum", "parameterNumber":2, "parameterNumberName":"U-component_of_wind", "parameterUnit":"m.s-1", "genProcessType":2, "genProcessTypeName":"Forecast", "forecastTime":0, "surface1Type":220, "surface1TypeName":"Planetary Boundary Layer", "surface1Value":0.0, "surface2Type":255, "surface2TypeName":"Missing", "surface2Value":0.0, "gridDefinitionTemplate":0, "gridDefinitionTemplateName":"Latitude_Longitude", "numberPoints":65160, "shape":6, "shapeName":"Earth spherical with radius of 6,371,229.0 m", "gridUnits":"degrees", "resolution":48, "winds":"true", "scanMode":0, "nx":360, "ny":181, "basicAngle":0, "lo1":0.0, "la1":90.0, "lo2":359.0, "la2":-90.0, "dx":1.0, "dy":1.0 }, "data":
[rows 0 to 25 of 181, columns 295 to 353 of 360]
-2.667871,-2.667871,-2.667871,-2.667871,-2.667871,-2.667871,-2.667871,-2.667871,-2.667871,-2.667871,-2.667871,-2.667871,-2.667871,-2.667871,-2.667871,-2.667871,-2.667871,-2.667871,-2.667871,-2.667871,-2.667871,-2.667871,-2.667871,-2.667871,-2.667871,-2.667871,-2.667871,-2.667871,-2.567871,-2.567871,-2.567871,-2.567871,-2.567871,-2.567871,-2.567871,-2.4678712,-2.4678712,-2.4678712,-2.4678712,-2.4678712,-2.367871,-2.367871,-2.367871,-2.367871,-2.367871,-2.2678711,-2.2678711,-2.2678711,-2.2678711,-2.167871,-2.167871,-2.167871,-2.067871,-2.067871,-2.067871,-1.9678711,-1.9678711,-1.9678711,-1.867871
-4.567871,-4.567871,-4.567871,-4.567871,-4.567871,-4.567871,-4.567871,-4.567871,-4.567871,-4.567871,-4.567871,-4.467871,-4.467871,-4.467871,-4.467871,-4.3678713,-4.3678713,-4.267871,-4.267871,-4.267871,-4.167871,-4.167871,-4.167871,-4.067871,-4.067871,-3.9678712,-3.9678712,-3.9678712,-3.867871,-3.867871,-3.7678711,-3.667871,-3.4678712,-3.367871,-3.2678711,-3.167871,-2.9678712,-2.9678712,-2.867871,-2.7678711,-2.667871,-2.667871,-2.567871,-2.567871,-2.367871,-2.367871,-2.2678711,-2.2678711,-2.167871,-2.067871,-2.067871,-1.9678711,-1.9678711,-1.867871,-1.867871,-1.867871,-1.867871,-1.867871,-1.7678711
-5.567871,-5.567871,-5.667871,-5.667871,-5.667871,-5.667871,-5.467871,-5.567871,-5.567871,-5.567871,-5.667871,-5.567871,-5.667871,-5.567871,-5.567871,-5.467871,-5.467871,-5.467871,-5.467871,-5.467871,-5.467871,-5.467871,-5.467871,-5.567871,-5.567871,-5.567871,-5.567871,-5.467871,-5.467871,-5.3678713,-5.167871,-5.067871,-4.967871,-4.767871,-4.567871,-4.3678713,-4.167871,-4.067871,-3.9678712,-3.867871,-3.7678711,-3.667871,-3.567871,-3.4678712,-3.367871,-3.2678711,-3.167871,-3.067871,-2.9678712,-2.667871,-2.567871,-2.4678712,-2.2678711,-2.167871,-2.067871,-1.867871,-1.7678711,-1.5678711,-1.4678711
-1.2678711,-1.7678711,-1.9678711,-2.167871,-2.4678712,-2.567871,-2.7678711,-2.7678711,-3.167871,-3.4678712,-3.867871,-4.067871,-4.3678713,-4.8678713,-4.767871,-4.767871,-4.667871,-4.667871,-4.667871,-4.567871,-4.567871,-4.567871,-4.567871,-4.567871,-4.567871,-4.667871,-4.667871,-4.767871,-4.767871,-4.767871,-4.767871,-4.767871,-4.767871,-4.767871,-4.567871,-4.467871,-4.3678713,-4.267871,-4.067871,-4.067871,-3.9678712,-3.7678711,-3.7678711,-3.667871,-3.567871,-3.4678712,-3.367871,-3.167871,-3.067871,-2.9678712,-2.867871,-2.667871,-2.567871,-2.4678712,-2.2678711,-2.167871,-2.067871,-1.867871,-1.6678711
1.132129,1.0321289,1.132129,1.3321289,1.3321289,1.132129,1.4321289,1.2321289,1.3321289,1.3321289,1.5321289,1.632129,2.2321289,2.432129,2.632129,2.832129,3.0321288,3.132129,3.332129,3.5321288,4.1321287,4.432129,4.732129,4.832129,4.6321287,4.332129,3.832129,3.332129,3.132129,2.832129,2.432129,2.332129,2.132129,2.132129,2.132129,2.132129,2.132129,2.0321288,1.9321289,1.9321289,1.8321289,1.8321289,1.632129,1.3321289,1.0321289,0.6321289,0.6321289,0.53212893,0.53212893,0.4321289,0.2321289,0.2321289,0.2321289,0.032128908,-0.16787109,-0.4678711,-0.6678711,-0.96787107,-1.1678711
0.2321289,0.53212893,0.7321289,1.0321289,1.2321289,1.3321289,1.7321289,1.8321289,1.8321289,2.132129,2.2321289,2.132129,2.432129,2.432129,2.2321289,2.332129,2.632129,2.832129,3.0321288,3.2321289,3.332129,3.7321289,3.832129,3.432129,3.5321288,4.1321287,4.332129,4.932129,5.432129,5.732129,5.832129,5.832129,5.6321287,5.432129,4.932129,4.432129,4.432129,5.032129,5.232129,5.432129,5.232129,5.1321287,5.032129,4.932129,4.832129,4.832129,4.732129,4.432129,4.332129,4.1321287,3.932129,3.932129,3.5321288,2.932129,2.832129,2.632129,2.632129,2.632129,2.7321289
2.332129,1.9321289,1.632129,1.7321289,1.632129,1.7321289,1.7321289,1.4321289,1.132129,0.7321289,0.3321289,0.13212891,0.6321289,0.4321289,0.7321289,1.132129,1.7321289,1.9321289,2.2321289,2.5321288,2.7321289,2.832129,3.0321288,3.2321289,3.632129,4.1321287,4.6321287,5.532129,5.732129,5.532129,3.932129,3.932129,4.032129,3.932129,4.332129,4.432129,4.532129,4.432129,4.232129,3.632129,3.332129,3.132129,3.132129,3.132129,3.0321288,2.932129,2.932129,2.932129,2.832129,2.7321289,2.632129,2.2321289,2.0321288,1.8321289,1.9321289,1.8321289,1.7321289,1.632129,1.7321289
-2.4678712,-3.167871,-3.867871,-3.567871,-2.7678711,-1.7678711,-0.96787107,-0.4678711,-0.16787109,0.2321289,0.53212893,0.6321289,0.3321289,0.032128908,0.032128908,0.032128908,-0.067871094,-0.16787109,-0.3678711,-0.3678711,0.2321289,1.132129,1.5321289,1.4321289,1.9321289,1.2321289,0.13212891,0.2321289,1.2321289,1.3321289,1.0321289,0.9321289,0.9321289,0.4321289,0.6321289,1.0321289,0.7321289,0.7321289,0.7321289,1.2321289,1.132129,0.9321289,0.7321289,0.3321289,0.2321289,0.032128908,0.032128908,-0.067871094,-0.3678711,-0.3678711,-0.4678711,-0.4678711,-0.3678711,-0.16787109,-0.067871094,0.032128908,0.13212891,0.3321289,0.6321289
0.9321289,1.2321289,1.7321289,2.2321289,1.8321289,1.0321289,0.032128908,0.032128908,-0.26787108,-0.7678711,-0.26787108,0.13212891,-0.8678711,-0.8678711,-1.0678711,-0.8678711,-0.8678711,-0.96787107,-0.96787107,-0.7678711,-0.8678711,-0.16787109,0.3321289,0.9321289,1.632129,2.132129,3.132129,3.432129,2.2321289,2.2321289,2.432129,2.0321288,1.3321289,0.9321289,0.4321289,0.7321289,1.3321289,1.7321289,1.632129,1.2321289,0.6321289,0.2321289,0.7321289,0.8321289,0.8321289,0.7321289,0.53212893,0.6321289,0.6321289,0.6321289,1.0321289,1.4321289,1.632129,1.5321289,1.2321289,1.2321289,1.632129,2.132129,2.2321289
0.53212893,-0.3678711,1.3321289,0.13212891,-1.7678711,-1.7678711,-1.0678711,0.53212893,2.332129,3.632129,3.332129,3.132129,3.832129,4.232129,4.232129,2.632129,1.9321289,3.2321289,4.1321287,4.432129,4.432129,4.1321287,4.232129,4.6321287,5.432129,6.032129,7.032129,6.332129,6.532129,6.6321287,7.032129,6.932129,5.232129,4.532129,5.532129,5.932129,4.232129,2.0321288,1.8321289,1.132129,1.132129,1.2321289,0.7321289,0.4321289,0.53212893,0.7321289,0.6321289,0.4321289,0.4321289,0.9321289,0.7321289,0.6321289,1.3321289,2.132129,2.2321289,2.332129,2.5321288,2.0321288,1.7321289
-2.9678712,-2.2678711,0.13212891,1.132129,1.5321289,3.332129,4.432129,3.2321289,2.832129,3.432129,2.7321289,2.7321289,2.932129,3.0321288,3.0321288,3.832129,3.932129,4.032129,4.032129,4.1321287,4.232129,4.332129,4.6321287,5.032129,5.332129,5.432129,5.032129,4.932129,5.032129,5.032129,5.032129,5.032129,4.932129,4.832129,4.732129,4.532129,4.432129,4.732129,4.032129,2.7321289,1.8321289,0.53212893,-0.16787109,-0.067871094,0.7321289,0.4321289,-0.067871094,0.2321289,0.4321289,0.4321289,0.53212893,0.7321289,1.0321289,1.0321289,0.9321289,0.9321289,1.0321289,1.132129,1.5321289
0.4321289,1.5321289,1.9321289,2.2321289,2.332129,2.5321288,2.632129,2.332129,2.332129,2.2321289,2.7321289,2.7321289,2.632129,2.7321289,2.832129,2.832129,2.932129,3.0321288,3.0321288,3.132129,3.432129,3.832129,4.1321287,4.432129,4.432129,4.032129,4.832129,4.932129,5.1321287,5.332129,5.432129,5.532129,6.032129,6.1321287,6.232129,6.432129,6.432129,6.432129,6.332129,5.432129,4.832129,4.6321287,2.832129,2.832129,1.5321289,0.032128908,0.2321289,0.032128908,-0.067871094,-0.067871094,-0.067871094,0.2321289,0.7321289,1.132129,1.0321289,1.132129,1.7321289,1.4321289,1.2321289
-2.2678711,-2.367871,-1.867871,-1.367871,-0.8678711,-0.4678711,-0.26787108,-0.16787109,0.13212891,0.4321289,0.7321289,0.9321289,1.2321289,1.5321289,1.9321289,2.132129,2.332129,2.432129,2.932129,3.432129,3.632129,3.932129,4.332129,4.532129,4.732129,5.032129,5.332129,5.432129,5.6321287,5.832129,5.932129,6.1321287,7.1321287,7.6321287,8.132129,8.532129,8.732129,8.832129,8.632129,8.432129,9.932129,7.832129,3.5321288,1.9321289,2.932129,3.0321288,3.632129,1.8321289,0.2321289,0.53212893,0.9321289,1.0321289,0.8321289,0.8321289,0.7321289,0.53212893,0.8321289,1.7321289,2.332129
-1.5678711,-3.867871,-4.567871,-5.067871,-5.167871,-4.767871,-4.767871,-3.667871,-3.167871,-2.567871,-1.9678711,-1.2678711,-0.7678711,-0.3678711,0.2321289,0.6321289,1.132129,1.5321289,1.8321289,2.332129,2.832129,3.332129,3.632129,4.532129,4.832129,5.1321287,5.232129,5.332129,5.432129,5.6321287,5.832129,5.932129,6.6321287,7.1321287,7.332129,7.932129,8.432129,8.932129,11.032129,7.6321287,3.832129,5.032129,1.4321289,-1.1678711,1.9321289,0.4321289,2.0321288,2.632129,2.0321288,2.432129,2.432129,2.432129,1.5321289,1.0321289,0.8321289,1.0321289,0.032128908,-0.8678711,1.132129
-2.7678711,-2.9678712,-2.167871,-2.367871,-2.667871,-2.367871,-2.9678712,-3.867871,-4.267871,-4.267871,-4.167871,-3.4678712,-3.2678711,-3.067871,-2.7678711,-2.2678711,-1.7678711,-1.1678711,-0.5678711,0.2321289,1.0321289,1.9321289,2.632129,3.132129,3.332129,3.5321288,3.5321288,3.632129,3.832129,4.532129,4.832129,5.032129,5.1321287,5.732129,6.1321287,7.532129,8.032129,8.932129,8.732129,5.332129,5.232129,3.932129,3.432129,2.2321289,2.7321289,1.4321289,-1.0678711,-0.26787108,0.7321289,1.132129,1.632129,2.0321288,1.3321289,0.6321289,0.13212891,-0.26787108,-0.4678711,-0.3678711,0.8321289
3.432129,1.7321289,0.7321289,-1.7678711,-2.7678711,-2.367871,-1.6678711,-1.9678711,-2.667871,-3.567871,-4.067871,-3.9678712,-3.867871,-3.667871,-3.2678711,-3.167871,-2.667871,-2.067871,-1.6678711,-0.96787107,-0.4678711,0.032128908,0.53212893,1.132129,1.632129,1.8321289,1.9321289,1.9321289,2.132129,2.7321289,3.2321289,3.5321288,4.432129,4.532129,4.732129,5.6321287,6.1321287,6.532129,6.032129,5.332129,3.932129,2.632129,4.732129,2.932129,2.932129,0.4321289,-0.8678711,-1.2678711,-2.167871,-2.367871,-0.7678711,0.4321289,1.632129,1.8321289,1.2321289,0.9321289,0.9321289,0.8321289,0.53212893
0.4321289,0.032128908,1.632129,1.0321289,-2.2678711,-0.8678711,-0.3678711,-3.9678712,-3.667871,-3.067871,-4.567871,-3.9678712,-3.567871,-3.167871,-2.4678712,-2.167871,-1.7678711,-1.367871,-1.0678711,-0.8678711,-0.7678711,-0.4678711,0.032128908,0.53212893,1.2321289,1.632129,2.0321288,2.332129,2.5321288,2.932129,3.332129,3.5321288,5.032129,5.332129,7.1321287,5.1321287,4.1321287,3.932129,3.132129,3.832129,6.532129,1.4321289,3.0321288,2.7321289,4.332129,1.9321289,3.0321288,2.7321289,2.632129,2.332129,2.2321289,1.5321289,-0.3678711,0.13212891,1.632129,2.332129,2.832129,3.2321289,3.632129
6.232129,5.6321287,5.332129,3.5321288,2.832129,2.332129,1.632129,1.0321289,-0.3678711,-3.2678711,-2.567871,-3.067871,-3.167871,-3.9678712,-4.3678713,-3.667871,-2.4678712,-2.067871,-1.6678711,-1.367871,-1.0678711,-0.5678711,-0.16787109,0.13212891,0.3321289,0.9321289,1.3321289,1.7321289,2.2321289,2.632129,2.632129,2.432129,3.0321288,3.932129,4.932129,3.5321288,3.0321288,3.332129,1.5321289,1.0321289,2.832129,1.632129,1.3321289,0.9321289,1.7321289,2.2321289,2.7321289,2.932129,2.832129,2.632129,2.5321288,2.2321289,2.132129,1.8321289,1.0321289,0.7321289,1.3321289,1.4321289,1.7321289
3.5321288,4.032129,4.832129,4.932129,4.032129,3.2321289,3.332129,2.632129,0.7321289,0.3321289,-0.7678711,-0.96787107,-2.9678712,-4.567871,-5.467871,-6.467871,-5.667871,-4.667871,-3.567871,-2.867871,-2.367871,-1.5678711,-1.0678711,-0.8678711,-0.5678711,-0.26787108,0.2321289,1.2321289,1.9321289,2.2321289,2.432129,2.932129,3.132129,3.432129,2.632129,2.7321289,1.9321289,-0.6678711,2.0321288,1.2321289,1.7321289,1.4321289,-0.16787109,-0.3678711,-0.067871094,0.53212893,1.4321289,2.132129,2.432129,2.132129,2.0321288,1.0321289,0.6321289,0.7321289,-0.067871094,0.13212891,-0.3678711,-1.367871,-2.9678712
6.1321287,5.832129,4.832129,4.232129,2.5321288,2.0321288,1.3321289,0.13212891,-0.5678711,-2.9678712,-4.267871,-4.967871,-2.7678711,-5.3678713,-3.067871,-4.767871,-6.8678713,-5.967871,-4.767871,-4.067871,-3.367871,-2.7678711,-2.167871,-1.4678711,-0.96787107,-0.26787108,0.13212891,0.9321289,1.8321289,1.8321289,1.9321289,2.632129,3.7321289,4.6321287,6.1321287,4.532129,3.332129,3.2321289,2.0321288,4.832129,0.6321289,0.3321289,1.3321289,1.7321289,-0.96787107,0.3321289,0.4321289,0.8321289,1.0321289,1.0321289,0.9321289,0.7321289,1.5321289,0.8321289,1.7321289,2.132129,1.4321289,0.3321289,0.6321289
6.432129,6.1321287,5.6321287,4.732129,4.532129,3.632129,3.132129,1.3321289,-0.7678711,-1.0678711,-0.16787109,0.13212891,-2.567871,-1.7678711,-2.367871,-3.567871,-5.267871,-5.967871,-4.967871,-4.067871,-3.567871,-3.067871,-2.167871,-1.867871,-1.4678711,-0.7678711,0.3321289,1.132129,1.132129,1.2321289,1.132129,0.2321289,0.6321289,4.232129,4.332129,2.0321288,3.632129,3.332129,-1.867871,-0.067871094,1.3321289,1.2321289,1.632129,2.832129,1.0321289,-0.16787109,-0.6678711,-1.0678711,-0.8678711,-0.5678711,-0.067871094,0.032128908,0.032128908,-0.16787109,0.53212893,0.9321289,1.3321289,1.7321289,1.4321289
2.332129,3.332129,4.532129,4.832129,5.232129,5.6321287,5.732129,5.1321287,4.6321287,4.232129,3.332129,0.2321289,-1.0678711,-2.4678712,-2.367871,-1.7678711,-2.667871,-3.567871,-3.667871,-2.867871,-2.367871,-1.9678711,-1.4678711,-1.4678711,-1.367871,-0.8678711,-0.067871094,1.3321289,2.632129,3.5321288,4.6321287,4.1321287,-1.2678711,-2.067871,1.3321289,-0.96787107,1.7321289,0.13212891,-0.067871094,1.3321289,-0.8678711,-1.4678711,-2.567871,-3.067871,-3.167871,-2.9678712,-2.867871,-3.4678712,-3.567871,-3.367871,-3.2678711,-2.9678712,-2.2678711,-0.96787107,-1.0678711,-2.167871,-0.067871094,1.7321289,1.9321289
4.532129,4.332129,4.1321287,4.232129,4.032129,5.032129,4.6321287,5.032129,5.1321287,4.332129,3.7321289,3.2321289,1.632129,1.632129,0.8321289,-3.2678711,-2.9678712,-2.4678712,-2.167871,-1.4678711,-1.1678711,-0.5678711,-0.26787108,-0.7678711,-1.1678711,-1.5678711,-1.4678711,-1.0678711,-0.16787109,3.7321289,2.332129,0.6321289,2.832129,3.832129,-0.5678711,-1.7678711,-5.567871,-7.8678713,-7.567871,-7.267871,-7.267871,-7.467871,-7.767871,-8.667871,-9.367871,-9.467871,-9.367871,-9.067871,-8.367871,-7.467871,-5.967871,-4.167871,-3.7678711,-3.7678711,-2.167871,-1.5678711,-0.5678711,-0.26787108,1.3321289
1.0321289,0.032128908,1.0321289,3.432129,6.532129,5.6321287,4.532129,4.332129,3.932129,3.132129,2.632129,1.132129,1.132129,1.4321289,-1.6678711,-3.4678712,-3.7678711,-2.2678711,-2.2678711,-0.96787107,-0.067871094,0.4321289,0.3321289,0.13212891,0.13212891,-0.5678711,-1.2678711,-2.567871,-1.1678711,0.4321289,0.53212893,2.0321288,-2.7678711,-5.167871,-7.3678713,-8.967871,-9.767871,-10.567871,-11.467871,-11.967871,-11.667871,-12.267871,-11.867871,-12.167871,-13.267871,-13.767871,-13.867871,-13.467871,-12.667871,-11.767871,-10.167871,-7.767871,-5.967871,-4.167871,-3.367871,-2.367871,-1.4678711,-0.5678711,0.6321289
-1.7678711,-0.96787107,-0.5678711,-2.7678711,-3.9678712,-1.7678711,-0.067871094,2.132129,1.132129,1.632129,2.332129,2.2321289,-0.7678711,-0.6678711,0.53212893,-1.6678711,-2.667871,-2.167871,-0.5678711,0.3321289,0.9321289,2.2321289,2.2321289,0.8321289,-0.067871094,0.7321289,0.9321289,0.032128908,-0.067871094,-0.6678711,-8.767871,-9.267871,-8.267871,-7.167871,-7.167871,-7.8678713,-7.167871,-7.267871,-7.067871,-7.267871,-7.567871,-4.267871,-1.2678711,-2.9678712,-3.367871,-1.5678711,-1.867871,-1.7678711,-2.667871,-2.167871,-2.2678711,-7.167871,-6.267871,-4.967871,-3.2678711,-2.2678711,-2.2678711,-0.6678711,0.4321289
-2.167871,-3.9678712,-3.567871,-0.7678711,1.2321289,2.2321289,2.432129,2.632129,2.832129,4.032129,4.6321287,5.1321287,5.332129,1.0321289,-0.16787109,-3.367871,-2.9678712,-2.167871,-1.2678711,-0.067871094,1.632129,4.1321287,6.232129,8.432129,3.832129,4.432129,2.7321289,-2.567871,-9.067871,-8.667871,-8.367871,-7.967871,-7.467871,-6.467871,-6.667871,-8.967871,-8.067871,-6.767871,-7.667871,-10.667871,-10.967871,-7.967871,-4.067871,-3.4678712,-4.167871,-6.8678713,-7.067871,-7.267871,-5.067871,-6.967871,-3.667871,-3.667871,-6.967871,-7.8678713,-7.267871,-5.8678713,-3.7678711,-1.9678711,-0.3678711
