nws-json/uv2019082106.f000.json
{"header": { "discipline":0, "disciplineName":"Meteorological products", "gribEdition":2, "gribLength":55676, "center":7, "centerName":"US National Weather Service - NCEP(WMC)", "subcenter":0, "refTime":"2019-08-21T06:00:00.000Z", "significanceOfRT":1, "significanceOfRTName":"Start of forecast", "productStatus":0, "productStatusName":"Operational products", "productType":1, "productTypeName":"Forecast products", "productDefinitionTemplate":0, "productDefinitionTemplateName":"Analysis/forecast at horizontal level/layer at a point in time", "parameterCategory":2, "parameterCategoryName":"Momentum", "parameterNumber":3, "parameterNumberName":"V-component_of_wind", "parameterUnit":"m.s-1", "genProcessType":2, "genProcessTypeName":"Forecast", "forecastTime":0, "surface1Type":220, "surface1TypeName":"Planetary Boundary Layer", "surface1Value":0.0, "surface2Type":255, "surface2TypeName":"Missing", "surface2Value":0.0, "gridDefinitionTemplate":0, "gridDefinitionTemplateName":"Latitude_Longitude", "numberPoints":65160, "shape":6, "shapeName":"Earth spherical with radius of 6,371,229.0 m", "gridUnits":"degrees", "resolution":48, "winds":"true", "scanMode":0, "nx":360, "ny":181, "basicAngle":0, "lo1":0.0, "la1":90.0, "lo2":359.0, "la2":-90.0, "dx":1.0, "dy":1.0 }, "data":
[rows 0 to 25 of 181, columns 174 to 231 of 360]
-1.9624084,-1.9624084,-1.9624084,-2.0624084,-2.0624084,-2.0624084,-2.1624084,-2.1624084,-2.1624084,-2.1624084,-2.2624085,-2.2624085,-2.2624085,-2.3624084,-2.3624084,-2.3624084,-2.3624084,-2.3624084,-2.4624085,-2.4624085,-2.4624085,-2.4624085,-2.4624085,-2.5624084,-2.5624084,-2.5624084,-2.5624084,-2.5624084,-2.5624084,-2.5624084,-2.6624084,-2.6624084,-2.6624084,-2.6624084,-2.6624084,-2.6624084,-2.6624084,-2.6624084,-2.6624084,-2.6624084,-2.6624084,-2.6624084,-2.6624084,-2.6624084,-2.6624084,-2.6624084,-2.6624084,-2.6624084,-2.6624084,-2.6624084,-2.6624084,-2.6624084,-2.6624084,-2.6624084,-2.6624084,-2.6624084,-2.6624084,-2.6624084
-1.8624084,-1.9624084,-2.1624084,-2.2624085,-2.4624085,-2.5624084,-2.7624085,-2.8624084,-2.9624085,-3.0624084,-3.0624084,-3.3624084,-3.3624084,-3.4624085,-3.4624085,-3.5624084,-3.3624084,-3.2624085,-3.2624085,-3.1624084,-3.1624084,-2.9624085,-2.8624084,-2.8624084,-2.7624085,-2.7624085,-2.7624085,-2.7624085,-2.7624085,-2.7624085,-2.7624085,-2.3624084,-2.3624084,-2.3624084,-2.2624085,-2.2624085,-2.2624085,-2.1624084,-2.1624084,-2.1624084,-2.1624084,-2.1624084,-2.1624084,-2.5624084,-2.5624084,-2.6624084,-2.6624084,-2.6624084,-2.6624084,-2.6624084,-2.6624084,-2.6624084,-2.7624085,-2.7624085,-2.7624085,-2.8624084,-2.8624084,-2.8624084
-0.062408447,-0.16240844,-0.36240846,-0.46240845,-0.6624085,-0.76240844,-0.86240846,-0.9624084,-1.0624084,-1.1624085,-1.1624085,-1.2624085,-1.2624085,-1.2624085,-1.2624085,-1.2624085,-1.2624085,-1.3624084,-1.5624084,-1.6624085,-1.8624084,-1.9624084,-2.1624084,-2.2624085,-2.4624085,-2.5624084,-2.5624084,-2.6624084,-2.8624084,-2.9624085,-3.1624084,-3.2624085,-3.4624085,-3.5624084,-3.7624085,-3.8624084,-3.9624085,-4.0624084,-4.1624084,-4.1624084,-4.1624084,-4.1624084,-4.1624084,-4.1624084,-4.1624084,-4.2624083,-4.3624086,-4.3624086,-4.5624084,-4.7624083,-4.7624083,-4.7624083,-4.7624083,-4.7624083,-4.7624083,-4.7624083,-4.6624084,-4.6624084
-0.46240845,-0.46240845,-0.26240844,-0.26240844,-0.36240846,-0.46240845,-0.6624085,-0.76240844,-0.86240846,-1.0624084,-1.1624085,-1.3624084,-1.4624084,-1.6624085,-1.7624085,-1.8624084,-1.9624084,-2.0624084,-2.4624085,-2.7624085,-3.0624084,-3.4624085,-3.7624085,-4.0624084,-4.1624084,-4.4624085,-4.5624084,-4.6624084,-4.7624083,-4.7624083,-4.8624086,-4.8624086,-4.9624085,-5.1624084,-5.2624083,-5.3624086,-5.4624085,-5.5624084,-5.5624084,-5.5624084,-5.3624086,-5.3624086,-5.3624086,-5.4624085,-5.6624084,-5.6624084,-5.5624084,-5.3624086,-4.8624086,-4.1624084,-4.0624084,-4.0624084,-4.1624084,-4.1624084,-4.2624083,-4.2624083,-4.2624083,-4.2624083
-0.26240844,-0.36240846,-0.6624085,-0.76240844,-1.1624085,-1.2624085,-1.4624084,-1.4624084,-1.5624084,-1.6624085,-1.7624085,-1.7624085,-2.1624084,-2.8624084,-3.3624084,-3.7624085,-4.0624084,-4.3624086,-4.5624084,-4.6624084,-4.7624083,-4.8624086,-4.8624086,-4.8624086,-4.9624085,-4.9624085,-4.9624085,-4.9624085,-4.8624086,-4.9624085,-4.9624085,-5.0624084,-5.0624084,-5.1624084,-5.2624083,-5.3624086,-5.3624086,-5.2624083,-5.2624083,-5.2624083,-5.1624084,-5.1624084,-5.0624084,-5.0624084,-4.9624085,-4.7624083,-4.7624083,-4.6624084,-4.6624084,-4.6624084,-4.5624084,-4.2624083,-4.2624083,-4.2624083,-4.3624086,-4.3624086,-4.3624086,-4.3624086
-0.6624085,-0.76240844,-0.6624085,-0.76240844,-0.86240846,-0.9624084,-1.0624084,-1.2624085,-1.3624084,-1.5624084,-1.9624084,-2.3624084,-2.5624084,-2.9624085,-3.1624084,-3.2624085,-3.5624084,-3.6624084,-3.8624084,-4.2624083,-4.6624084,-4.9624085,-5.0624084,-5.1624084,-5.4624085,-5.6624084,-5.7624083,-5.6624084,-5.7624083,-5.6624084,-5.6624084,-5.6624084,-5.7624083,-5.9624085,-6.0624084,-5.6624084,-5.1624084,-4.9624085,-4.9624085,-4.8624086,-4.3624086,-4.3624086,-4.3624086,-4.3624086,-4.3624086,-4.3624086,-4.3624086,-4.4624085,-5.0624084,-5.1624084,-5.2624083,-5.3624086,-5.5624084,-5.6624084,-5.8624086,-5.9624085,-6.0624084,-6.0624084
-1.8624084,-1.7624085,-1.9624084,-2.1624084,-2.0624084,-1.9624084,-2.0624084,-2.1624084,-2.2624085,-2.4624085,-2.6624084,-2.8624084,-3.0624084,-3.2624085,-3.4624085,-3.5624084,-4.3624086,-4.7624083,-4.8624086,-4.8624086,-4.8624086,-4.9624085,-5.0624084,-5.2624083,-5.3624086,-5.5624084,-5.6624084,-5.7624083,-5.9624085,-6.0624084,-6.2624083,-6.3624086,-6.5624084,-6.6624084,-6.6624084,-6.5624084,-6.6624084,-6.6624084,-6.6624084,-6.5624084,-6.5624084,-6.5624084,-6.5624084,-6.6624084,-6.5624084,-6.4624085,-6.3624086,-6.2624083,-6.0624084,-5.8624086,-5.5624084,-5.3624086,-4.8624086,-3.8624084,-3.2624085,-3.3624084,-3.5624084,-3.6624084
-2.7624085,-3.0624084,-3.3624084,-3.7624085,-3.1624084,-3.3624084,-3.4624085,-3.5624084,-3.6624084,-3.7624085,-4.3624086,-4.3624086,-4.4624085,-4.7624083,-4.9624085,-5.1624084,-5.5624084,-5.5624084,-5.7624083,-5.7624083,-6.0624084,-6.2624083,-6.3624086,-6.2624083,-6.2624083,-6.5624084,-6.7624083,-6.9624085,-7.1624084,-7.0624084,-7.3624086,-7.4624085,-7.2624083,-7.5624084,-7.6624084,-7.4624085,-6.5624084,-5.8624086,-5.3624086,-4.7624083,-4.4624085,-4.4624085,-4.4624085,-4.4624085,-4.5624084,-4.5624084,-4.5624084,-4.5624084,-4.5624084,-4.4624085,-4.4624085,-4.4624085,-4.4624085,-4.4624085,-4.5624084,-4.5624084,-4.5624084,-4.5624084
-4.1624084,-4.2624083,-4.1624084,-3.9624085,-3.4624085,-3.1624084,-3.8624084,-4.1624084,-4.9624085,-5.1624084,-5.1624084,-5.4624085,-6.0624084,-6.4624085,-6.6624084,-6.7624083,-6.7624083,-6.6624084,-6.8624086,-7.0624084,-6.6624084,-6.5624084,-6.5624084,-6.5624084,-6.7624083,-6.8624086,-6.8624086,-6.8624086,-6.9624085,-7.0624084,-7.1624084,-7.2624083,-7.3624086,-7.6624084,-7.7624083,-7.6624084,-7.8624086,-7.8624086,-7.7624083,-7.7624083,-7.5624084,-7.3624086,-7.0624084,-6.8624086,-6.6624084,-6.3624086,-5.8624086,-5.5624084,-5.2624083,-5.1624084,-4.9624085,-4.6624084,-4.3624086,-3.9624085,-3.8624084,-3.8624084,-3.8624084,-3.6624084
-4.0624084,-4.3624086,-4.4624085,-4.6624084,-5.4624085,-5.7624083,-5.9624085,-6.4624085,-6.8624086,-7.4624085,-7.8624086,-8.262408,-8.362409,-8.562408,-8.462408,-8.362409,-8.362409,-8.062408,-7.9624085,-7.8624086,-7.9624085,-8.062408,-8.362409,-8.562408,-8.762408,-8.462408,-8.262408,-8.262408,-8.262408,-8.262408,-8.362409,-8.362409,-8.362409,-8.362409,-8.362409,-8.462408,-8.662409,-8.962408,-9.262408,-9.462408,-9.562408,-9.062408,-8.362409,-7.2624083,-6.2624083,-4.9624085,-3.6624084,-2.9624085,-2.1624084,-1.4624084,-0.86240846,0.43759155,1.1375916,0.93759155,0.5375916,-0.062408447,-0.86240846,-0.9624084
-6.4624085,-6.5624084,-6.6624084,-7.4624085,-7.6624084,-7.8624086,-8.462408,-8.362409,-8.462408,-8.662409,-8.762408,-8.562408,-8.862409,-8.862409,-8.862409,-8.962408,-8.962408,-8.962408,-8.862409,-9.162409,-8.962408,-8.862409,-8.762408,-8.462408,-8.062408,-7.6624084,-7.3624086,-6.8624086,-6.1624084,-5.6624084,-5.0624084,-4.7624083,-4.5624084,-4.2624083,-3.8624084,-3.5624084,-2.9624085,-2.6624084,-2.1624084,-1.5624084,-0.86240846,-0.46240845,-0.26240844,-0.36240846,-0.46240845,-0.46240845,-0.56240845,-0.76240844,-0.86240846,-0.6624085,-0.16240844,0.43759155,0.93759155,1.6375916,2.2375915,2.7375915,2.6375916,2.3375916
-8.362409,-8.462408,-8.662409,-9.362409,-9.162409,-9.162409,-9.162409,-9.062408,-8.762408,-8.362409,-8.762408,-9.062408,-8.862409,-8.162409,-7.7624083,-7.5624084,-7.5624084,-7.6624084,-7.5624084,-7.2624083,-6.9624085,-6.2624083,-6.1624084,-6.6624084,-6.3624086,-5.5624084,-4.9624085,-4.2624083,-3.2624085,-2.3624084,-1.4624084,-0.6624085,-0.56240845,-0.56240845,-0.6624085,-0.6624085,-0.56240845,-0.6624085,-1.0624084,-1.1624085,-1.1624085,-1.3624084,-1.2624085,-1.1624085,-0.76240844,-0.062408447,0.43759155,0.8375915,1.2375915,1.5375916,1.3375915,1.1375916,1.0375916,1.4375916,1.7375915,1.8375915,2.3375916,3.2375915
-9.862409,-10.062408,-9.762408,-9.562408,-9.262408,-8.662409,-8.062408,-7.6624084,-6.8624086,-5.9624085,-5.3624086,-4.7624083,-4.1624084,-4.1624084,-4.6624084,-4.1624084,-4.0624084,-3.9624085,-4.1624084,-4.1624084,-4.2624083,-4.2624083,-4.2624083,-4.2624083,-3.9624085,-4.5624084,-4.0624084,-3.6624084,-2.7624085,-1.1624085,-0.6624085,-0.16240844,0.5375916,0.63759154,0.43759155,0.13759156,-0.16240844,-0.6624085,-0.9624084,-1.2624085,-0.9624084,0.23759155,0.93759155,1.1375916,1.2375915,1.4375916,1.5375916,1.3375915,1.1375916,1.5375916,2.0375915,2.6375916,2.8375916,3.1375916,3.7375915,4.2375917,4.8375916,5.1375914
-8.262408,-8.562408,-8.462408,-7.7624083,-7.3624086,-6.8624086,-5.7624083,-5.4624085,-5.0624084,-5.1624084,-4.3624086,-3.3624084,-2.4624085,-2.0624084,-2.2624085,-2.0624084,-2.4624085,-2.9624085,-3.3624084,-3.5624084,-3.5624084,-3.4624085,-3.4624085,-3.5624084,-3.8624084,-3.8624084,-4.1624084,-3.8624084,-2.3624084,-0.16240844,1.7375915,1.8375915,1.9375916,1.6375916,0.5375916,-1.1624085,-2.2624085,-2.2624085,-0.46240845,1.0375916,1.7375915,1.8375915,2.4375916,2.5375915,2.2375915,2.0375915,1.9375916,1.9375916,2.7375915,4.4375916,5.2375917,5.7375917,6.7375917,7.0375915,6.9375916,7.0375915,7.0375915,7.0375915
-9.162409,-9.262408,-8.262408,-8.062408,-7.1624084,-6.3624086,-4.9624085,-4.0624084,-3.8624084,-4.0624084,-4.2624083,-3.3624084,-2.3624084,-1.3624084,-0.76240844,-1.0624084,-0.86240846,-0.76240844,-0.6624085,-0.76240844,-0.9624084,-1.6624085,-2.3624084,-2.6624084,-2.6624084,-2.8624084,-2.5624084,-2.4624085,-1.5624084,0.037591554,1.1375916,1.0375916,0.33759156,-0.46240845,-1.6624085,-2.2624085,-1.4624084,-0.46240845,0.13759156,1.1375916,1.8375915,2.5375915,3.9375916,4.7375917,4.7375917,5.0375915,6.8375916,8.337591,8.637591,8.837591,8.337591,7.8375916,7.3375916,6.8375916,6.3375916,5.9375916,5.3375916,4.9375916
-6.3624086,-6.0624084,-6.5624084,-5.6624084,-4.2624083,-4.0624084,-4.4624085,-3.8624084,-3.0624084,-2.4624085,-1.7624085,-0.76240844,-0.16240844,0.037591554,0.5375916,0.43759155,0.23759155,0.73759156,0.43759155,0.037591554,-0.16240844,-0.6624085,-1.0624084,-1.3624084,-1.2624085,-1.0624084,-0.56240845,0.037591554,0.23759155,0.5375916,-0.062408447,-0.36240846,-0.46240845,-0.86240846,-0.9624084,-0.76240844,-0.16240844,1.0375916,2.4375916,3.4375916,4.4375916,5.4375916,6.5375915,8.537592,8.937592,9.337591,9.437592,8.137591,7.9375916,7.3375916,6.6375914,6.1375914,5.6375914,4.8375916,3.9375916,3.3375916,3.9375916,3.3375916
-4.9624085,-5.0624084,-5.2624083,-4.8624086,-4.1624084,-3.0624084,-2.0624084,-1.1624085,0.13759156,0.43759155,0.8375915,1.1375916,0.8375915,0.43759155,0.13759156,-0.26240844,-0.46240845,-0.26240844,0.23759155,0.13759156,-0.46240845,-0.36240846,-0.76240844,-0.9624084,-0.76240844,-0.76240844,-0.76240844,-0.76240844,-0.9624084,-1.1624085,-1.4624084,-1.2624085,-0.9624084,-0.76240844,-0.36240846,0.13759156,0.63759154,1.0375916,2.4375916,4.3375916,7.0375915,7.2375917,7.3375916,7.2375917,7.2375917,6.6375914,6.1375914,5.8375916,5.5375915,5.4375916,5.1375914,4.1375914,3.5375915,1.9375916,1.7375915,1.7375915,1.1375916,-0.76240844
-2.4624085,-1.9624084,-1.5624084,-0.9624084,-0.76240844,-1.0624084,-0.6624085,-0.26240844,0.23759155,0.63759154,0.93759155,1.1375916,1.0375916,0.5375916,0.037591554,-0.16240844,0.037591554,0.13759156,-0.26240844,-0.76240844,-0.86240846,-1.0624084,-1.5624084,-1.8624084,-1.5624084,-1.3624084,-1.6624085,-1.6624085,-2.3624084,-2.7624085,-0.9624084,-0.86240846,-0.9624084,-0.6624085,-0.46240845,-1.2624085,-0.36240846,2.6375916,6.8375916,5.4375916,4.6375914,4.8375916,3.7375915,2.7375915,3.2375915,4.3375916,4.9375916,5.4375916,5.3375916,4.5375915,4.3375916,3.2375915,2.6375916,1.5375916,1.3375915,0.037591554,-0.46240845,-0.9624084
-2.2624085,-2.1624084,-2.0624084,-1.8624084,-1.1624085,-0.26240844,0.037591554,-0.16240844,0.23759155,0.5375916,0.63759154,0.43759155,-0.46240845,-0.9624084,-1.2624085,-1.2624085,-1.1624085,-1.4624084,-1.5624084,-1.6624085,-2.2624085,-2.5624084,-2.7624085,-2.8624084,-2.7624085,-2.6624084,-2.0624084,-1.9624084,-2.7624085,-3.2624085,-2.2624085,-2.2624085,-2.1624084,-2.2624085,-2.1624084,-1.4624084,5.5375915,4.4375916,2.8375916,2.5375915,2.2375915,1.8375915,2.9375916,4.1375914,4.0375915,3.5375915,2.7375915,2.7375915,3.2375915,3.5375915,2.7375915,2.0375915,1.8375915,1.7375915,1.5375916,0.5375916,-0.26240844,-1.4624084
-1.7624085,-2.2624085,-1.6624085,-0.9624084,0.037591554,-0.26240844,1.3375915,0.43759155,2.1375916,3.1375916,2.7375915,2.1375916,1.4375916,0.8375915,-0.062408447,-0.9624084,-1.9624084,-3.0624084,-3.7624085,-3.6624084,-3.2624085,-3.7624085,-3.9624085,-3.7624085,-3.5624084,-2.9624085,-2.5624084,-2.4624085,-3.2624085,-4.2624083,-3.9624085,-2.9624085,-2.9624085,-3.1624084,-1.9624084,-0.46240845,3.8375916,1.7375915,1.3375915,1.1375916,1.0375916,0.43759155,-0.26240844,-0.6624085,0.037591554,0.63759154,1.3375915,2.5375915,2.9375916,2.9375916,2.7375915,2.3375916,2.0375915,1.7375915,0.93759155,0.8375915,0.037591554,-1.4624084
-3.0624084,-1.2624085,-0.6624085,-0.46240845,0.63759154,1.2375915,1.0375916,0.63759154,1.4375916,2.4375916,3.5375915,3.4375916,2.2375915,0.93759155,-0.062408447,-0.6624085,-2.7624085,-4.0624084,-5.3624086,-5.7624083,-5.1624084,-4.6624084,-4.2624083,-3.6624084,-3.1624084,-2.7624085,-2.8624084,-2.6624084,-2.6624084,-3.7624085,-3.3624084,-4.5624084,-4.3624086,-4.5624084,-2.7624085,-1.0624084,-1.1624085,0.23759155,0.5375916,0.43759155,-0.6624085,-0.062408447,0.5375916,-0.46240845,-0.36240846,-2.1624084,0.13759156,1.4375916,1.6375916,2.7375915,3.4375916,3.5375915,0.63759154,-0.76240844,0.63759154,-0.062408447,1.2375915,1.8375915
-0.062408447,0.037591554,-0.36240846,-1.3624084,-3.0624084,-1.4624084,1.1375916,2.5375915,3.3375916,4.7375917,5.1375914,4.1375914,2.1375916,0.33759156,-0.56240845,-2.0624084,-3.6624084,-4.8624086,-5.7624083,-6.4624085,-5.9624085,-5.4624085,-3.9624085,-2.9624085,-2.3624084,-2.3624084,-3.4624085,-3.8624084,-4.0624084,-3.2624085,-3.7624085,-4.7624083,-4.5624084,-4.7624083,-4.8624086,-2.4624085,2.0375915,1.3375915,1.2375915,-0.16240844,-2.0624084,-3.2624085,0.037591554,-0.16240844,1.1375916,0.13759156,0.13759156,-0.86240846,-0.062408447,3.5375915,3.7375915,1.7375915,1.6375916,-0.26240844,-1.1624085,-0.86240846,-0.6624085,2.6375916
-0.062408447,0.33759156,-1.1624085,-0.36240846,-0.6624085,-3.3624084,1.6375916,1.7375915,1.7375915,3.4375916,5.5375915,5.3375916,2.5375915,0.13759156,-2.2624085,-4.2624083,-6.0624084,-7.9624085,-9.762408,-11.162409,-8.562408,-10.362409,-6.7624083,-2.8624084,-4.6624084,-2.0624084,-0.56240845,-5.6624084,-4.2624083,-6.4624085,-4.8624086,-2.5624084,-3.0624084,-2.4624085,-3.5624084,-3.3624084,-3.3624084,-4.8624086,-5.3624086,-3.6624084,-1.7624085,-1.6624085,-2.5624084,-2.9624085,-3.3624084,-3.5624084,0.73759156,0.23759155,-0.16240844,0.63759154,2.8375916,2.7375915,1.4375916,2.7375915,1.4375916,0.63759154,-0.062408447,0.33759156
5.4375916,3.0375915,-1.5624084,-4.3624086,-4.6624084,2.3375916,1.7375915,2.1375916,0.037591554,0.93759155,0.33759156,1.2375915,-0.16240844,-0.36240846,-1.4624084,-3.8624084,-6.9624085,-8.962408,-10.462408,-10.562408,-10.262408,-9.562408,-4.7624083,-1.6624085,-2.3624084,1.1375916,-0.6624085,-1.9624084,-3.0624084,-3.2624085,-2.3624084,-1.6624085,-1.6624085,-2.1624084,-5.8624086,-3.6624084,-0.9624084,-2.2624085,-0.26240844,-3.1624084,-5.5624084,-2.3624084,-1.4624084,-0.86240846,-0.76240844,0.43759155,0.93759155,1.2375915,2.5375915,1.8375915,0.037591554,0.73759156,1.0375916,0.43759155,1.1375916,-0.062408447,0.73759156,0.33759156
3.2375915,-0.6624085,1.7375915,0.037591554,-0.86240846,0.73759156,2.5375915,2.0375915,-0.16240844,-0.56240845,-0.46240845,-1.3624084,-2.7624085,-4.2624083,-3.8624084,-4.1624084,-9.362409,-11.462408,-10.362409,-7.1624084,-3.3624084,-2.5624084,-1.8624084,-0.56240845,-0.26240844,-0.86240846,-0.9624084,-2.5624084,-5.5624084,-0.6624085,-1.2624085,0.93759155,0.63759154,-0.36240846,1.9375916,1.5375916,1.2375915,2.4375916,3.0375915,1.6375916,2.4375916,6.9375916,5.8375916,2.1375916,-1.3624084,0.33759156,2.0375915,-0.36240846,1.5375916,2.6375916,-0.26240844,-1.6624085,-1.6624085,0.13759156,1.1375916,1.2375915,-0.26240844,-0.86240846
-0.86240846,0.5375916,0.037591554,-0.062408447,-1.0624084,-0.46240845,3.8375916,1.1375916,-1.2624085,-2.8624084,-5.0624084,-5.1624084,-4.4624085,-2.4624085,1.5375916,-4.9624085,-11.062408,-12.262408,-11.562408,-8.462408,-2.7624085,-1.7624085,-1.2624085,-1.6624085,-2.6624084,-2.1624084,-1.9624084,-2.6624084,-1.9624084,-2.6624084,-0.6624085,-0.56240845,-0.56240845,0.43759155,0.13759156,-1.7624085,-0.46240845,-0.16240844,-0.76240844,-1.0624084,0.8375915,1.0375916,1.5375916,1.6375916,0.93759155,-1.7624085,2.0375915,1.8375915,0.33759156,-1.1624085,-0.26240844,0.13759156,0.13759156,-0.26240844,0.037591554,0.33759156,0.63759154,0.43759155
