nws-json/uv2019082112.f000.json
{"header": { "discipline":0, "disciplineName":"Meteorological products", "gribEdition":2, "gribLength":55216, "center":7, "centerName":"US National Weather Service - NCEP(WMC)", "subcenter":0, "refTime":"2019-08-21T12:00:00.000Z", "significanceOfRT":1, "significanceOfRTName":"Start of forecast", "productStatus":0, "productStatusName":"Operational products", "productType":1, "productTypeName":"Forecast products", "productDefinitionTemplate":0, "productDefinitionTemplateName":"Analysis/forecast at horizontal level/layer at a point in time", "parameterCategory":2, "parameterCategoryName":"Momentum", "parameterNumber":3, "parameterNumberName":"V-component_of_wind", "parameterUnit":"m.s-1", "genProcessType":2, "genProcessTypeName":"Forecast", "forecastTime":0, "surface1Type":220, "surface1TypeName":"Planetary Boundary Layer", "surface1Value":0.0, "surface2Type":255, "surface2TypeName":"Missing", "surface2Value":0.0, "gridDefinitionTemplate":0, "gridDefinitionTemplateName":"Latitude_Longitude", "numberPoints":65160, "shape":6, "shapeName":"Earth spherical with radius of 6,371,229.0 m", "gridUnits":"degrees", "resolution":48, "winds":"true", "scanMode":0, "nx":360, "ny":181, "basicAngle":0, "lo1":0.0, "la1":90.0, "lo2":359.0, "la2":-90.0, "dx":1.0, "dy":1.0 }, "data":
[rows 0 to 25 of 181, columns 59 to 117 of 360]
-1.1053436,-1.0053437,-1.0053437,-1.0053437,-1.0053437,-1.0053437,-0.90534365,-0.90534365,-0.90534365,-0.90534365,-0.8053436,-0.8053436,-0.8053436,-0.8053436,-0.8053436,-0.7053436,-0.7053436,-0.7053436,-0.7053436,-0.60534364,-0.60534364,-0.60534364,-0.60534364,-0.5053436,-0.5053436,-0.5053436,-0.40534362,-0.40534362,-0.40534362,-0.40534362,-0.30534363,-0.30534363,-0.30534363,-0.30534363,-0.20534363,-0.20534363,-0.20534363,-0.105343625,-0.105343625,-0.105343625,-0.105343625,-0.005343628,-0.005343628,-0.005343628,-0.005343628,0.09465637,0.09465637,0.09465637,0.19465637,0.19465637,0.19465637,0.19465637,0.29465637,0.29465637,0.29465637,0.29465637,0.39465636,0.39465636,0.39465636
-4.4053435,-4.5053434,-4.5053434,-4.5053434,-4.4053435,-4.4053435,-4.4053435,-4.4053435,-4.3053436,-4.3053436,-4.3053436,-4.2053437,-4.2053437,-4.105344,-4.0053434,-4.0053434,-3.9053435,-3.8053436,-3.8053436,-3.6053436,-3.5053437,-3.4053435,-3.3053436,-3.3053436,-3.2053437,-3.0053437,-2.9053435,-2.7053437,-2.7053437,-2.6053436,-2.5053437,-2.4053435,-2.2053437,-2.1053436,-2.0053437,-1.9053437,-1.7053436,-1.6053436,-1.5053437,-1.4053437,-1.2053436,-1.1053436,-1.0053437,-0.8053436,-0.7053436,-0.60534364,-0.5053436,-0.30534363,-0.20534363,-0.105343625,-0.005343628,0.19465637,0.29465637,0.39465636,0.59465635,0.49465638,0.59465635,0.7946564,1.0946563
-7.105344,-7.105344,-7.105344,-7.105344,-7.105344,-7.0053434,-7.0053434,-6.9053435,-6.8053436,-6.7053437,-6.605344,-6.5053434,-6.3053436,-6.105344,-6.105344,-6.0053434,-5.7053437,-5.5053434,-5.3053436,-5.0053434,-4.8053436,-4.5053434,-4.2053437,-3.9053435,-3.6053436,-3.3053436,-3.0053437,-2.7053437,-2.4053435,-2.2053437,-1.8053436,-1.5053437,-1.2053436,-0.90534365,-0.60534364,-0.30534363,-0.005343628,0.29465637,0.59465635,0.89465636,1.0946563,1.2946564,1.5946563,1.7946564,1.7946564,1.9946563,2.1946564,2.3946564,2.4946563,2.5946565,2.7946563,2.7946563,2.8946564,2.8946564,2.9946563,2.9946563,3.0946565,3.1946564,3.2946563
-10.205343,-9.905344,-9.605344,-9.205343,-9.005343,-8.805344,-8.305344,-7.9053435,-7.5053434,-7.0053434,-6.605344,-6.105344,-5.605344,-5.2053437,-4.7053437,-4.105344,-3.5053437,-3.0053437,-2.4053435,-2.0053437,-1.8053436,-1.2053436,-0.7053436,-0.105343625,0.59465635,1.1946564,1.8946564,2.4946563,2.8946564,3.2946563,3.6946564,3.7946563,3.9946563,3.4946563,3.4946563,3.4946563,3.5946565,3.5946565,3.6946564,4.5946565,4.6946564,4.7946563,4.9946566,5.1946564,5.1946564,5.2946563,5.2946563,5.2946563,5.394656,5.5946565,5.5946565,5.5946565,5.5946565,5.5946565,5.5946565,5.7946563,5.894656,5.9946566,6.0946565
-7.5053434,-6.9053435,-6.105344,-5.3053436,-4.4053435,-3.6053436,-2.6053436,-1.6053436,-0.5053436,0.59465635,1.3946564,2.0946565,2.6946564,3.4946563,3.9946563,4.894656,5.6946564,6.6946564,7.1946564,7.5946565,8.194656,9.094656,9.494657,9.694656,9.994657,9.994657,10.194656,10.294657,10.494657,10.694656,10.794657,10.994657,11.494657,11.494657,11.694656,11.394656,11.494657,11.494657,11.494657,11.494657,11.294657,11.094656,10.394656,9.894656,9.794657,9.594656,9.594656,9.394656,9.294657,9.194656,8.994657,8.894656,8.694656,8.294657,8.194656,8.094656,8.094656,7.894656,7.4946566
0.6946564,1.5946563,2.4946563,3.1946564,3.5946565,4.394656,4.7946563,5.0946565,5.394656,5.6946564,6.6946564,7.2946563,7.6946564,8.094656,8.394656,9.394656,9.694656,9.994657,10.394656,10.594656,10.894656,11.094656,11.194656,11.494657,11.794657,12.694656,13.094656,13.394656,13.594656,13.894656,14.094656,14.194656,14.194656,13.794657,13.494657,13.094656,12.994657,12.094656,12.094656,11.894656,11.494657,11.194656,10.894656,10.594656,10.294657,9.294657,9.094656,8.894656,8.794657,8.894656,8.594656,8.394656,7.6946564,7.4946566,7.2946563,7.1946564,7.0946565,6.9946566,6.7946563
4.7946563,5.5946565,5.9946566,6.394656,7.6946564,8.194656,8.594656,8.994657,9.194656,9.294657,9.494657,10.394656,10.794657,11.194656,11.394656,11.494657,11.594656,11.894656,12.194656,12.394656,12.594656,12.594656,12.994657,13.094656,12.694656,12.594656,12.394656,12.194656,12.494657,12.394656,12.394656,12.294657,12.294657,12.294657,12.294657,12.194656,12.094656,11.894656,11.694656,11.494657,11.294657,11.294657,11.194656,11.294657,11.194656,10.794657,10.594656,10.194656,9.594656,9.194656,8.794657,8.494657,7.6946564,7.2946563,6.9946566,6.6946564,6.5946565,6.4946566,6.2946563
7.894656,8.194656,7.894656,8.594656,8.394656,8.494657,8.794657,8.894656,8.994657,9.094656,9.694656,10.194656,10.094656,11.094656,11.694656,12.494657,12.594656,12.394656,12.094656,11.894656,11.894656,11.894656,11.894656,11.694656,11.594656,11.394656,11.294657,11.094656,10.994657,10.994657,11.494657,11.694656,11.894656,11.994657,11.894656,11.794657,11.594656,11.394656,11.094656,10.894656,10.594656,10.294657,9.994657,9.694656,9.494657,9.394656,9.294657,9.194656,9.094656,8.794657,8.494657,7.6946564,7.2946563,6.6946564,6.2946563,5.894656,5.394656,5.0946565,4.894656
7.2946563,8.394656,9.494657,8.994657,8.994657,8.894656,8.394656,8.194656,9.494657,10.594656,11.094656,11.994657,13.594656,13.894656,13.594656,13.194656,12.794657,12.094656,11.994657,11.894656,11.994657,11.894656,11.494657,11.194656,10.894656,11.294657,11.194656,11.194656,11.694656,12.494657,12.994657,13.294657,13.594656,13.594656,13.394656,12.994657,12.094656,10.894656,9.694656,8.994657,9.294657,9.194656,8.394656,7.1946564,6.0946565,5.7946563,5.894656,5.894656,6.1946564,5.7946563,5.5946565,5.6946564,5.394656,5.394656,5.1946564,5.1946564,5.1946564,4.9946566,4.9946566
6.6946564,8.394656,5.4946566,10.494657,10.794657,7.9946566,8.994657,11.594656,11.894656,11.894656,11.894656,11.694656,11.594656,11.594656,11.694656,11.794657,12.194656,12.094656,11.394656,11.394656,11.394656,11.494657,11.394656,11.394656,11.394656,11.394656,11.894656,11.994657,12.194656,12.494657,12.794657,12.894656,13.994657,17.294657,18.394657,16.294657,13.194656,8.394656,2.9946563,7.4946566,9.394656,9.994657,9.794657,9.594656,8.894656,8.094656,7.2946563,6.5946565,5.5946565,5.2946563,5.4946566,5.7946563,5.894656,5.7946563,5.7946563,5.7946563,5.7946563,5.7946563,5.6946564
7.6946564,8.094656,8.194656,8.594656,8.394656,8.594656,8.894656,9.494657,10.194656,10.294657,10.694656,11.394656,11.594656,11.494657,11.494657,11.894656,12.194656,12.394656,13.094656,13.194656,13.194656,13.094656,12.894656,12.294657,11.894656,11.694656,11.394656,11.194656,11.194656,11.394656,11.294657,10.794657,10.294657,10.994657,8.594656,7.394656,6.2946563,5.9946566,7.1946564,6.9946566,5.894656,3.1946564,6.4946566,9.294657,9.994657,8.194656,5.9946566,4.5946565,3.7946563,3.6946564,4.0946565,3.9946563,3.9946563,3.9946563,3.9946563,4.0946565,4.1946564,4.1946564,4.0946565
8.694656,8.194656,7.6946564,7.5946565,7.7946563,7.9946566,8.294657,8.594656,9.294657,9.694656,9.994657,10.294657,11.094656,12.094656,12.494657,13.494657,13.494657,12.794657,13.294657,13.594656,13.494657,13.194656,12.894656,12.494657,11.994657,11.394656,10.994657,10.794657,10.794657,10.694656,10.294657,9.994657,8.994657,8.094656,6.5946565,5.394656,3.2946563,2.3946564,4.6946564,6.394656,5.394656,6.5946565,11.094656,6.894656,5.4946566,3.5946565,3.2946563,2.7946563,1.4946563,1.5946563,2.3946564,3.2946563,3.9946563,4.2946563,4.394656,4.394656,4.4946566,4.5946565,4.394656
6.9946566,6.5946565,5.9946566,5.7946563,6.894656,8.194656,8.894656,8.694656,7.894656,7.2946563,7.7946563,10.594656,13.094656,13.894656,15.294657,14.094656,13.194656,12.894656,12.694656,12.594656,12.294657,11.894656,11.594656,11.294657,11.094656,10.994657,10.594656,9.894656,8.794657,8.394656,7.9946566,7.4946566,7.2946563,7.0946565,6.894656,6.5946565,6.1946564,5.7946563,5.394656,5.0946565,4.6946564,3.5946565,2.8946564,2.6946564,2.5946565,2.6946564,2.4946563,2.1946564,1.8946564,1.7946564,2.2946563,3.0946565,3.3946564,3.5946565,3.6946564,3.8946564,3.9946563,4.1946564,4.2946563
5.4946566,4.894656,4.6946564,5.0946565,5.4946566,6.394656,10.294657,11.694656,10.194656,9.194656,11.694656,14.394656,13.194656,13.294657,12.894656,12.494657,11.894656,11.494657,11.394656,11.494657,11.294657,10.894656,10.594656,10.394656,9.794657,9.394656,8.694656,8.194656,7.6946564,7.0946565,6.1946564,5.7946563,5.2946563,4.5946565,4.5946565,5.0946565,4.4946566,3.6946564,2.6946564,1.9946563,1.6946564,1.3946564,1.5946563,1.4946563,1.1946564,0.39465636,0.59465635,-0.005343628,-0.90534365,-0.20534363,0.39465636,0.89465636,2.7946563,4.9946566,5.9946566,6.4946566,6.6946564,6.2946563,5.6946564
3.9946563,3.8946564,4.894656,9.394656,10.594656,7.7946563,3.7946563,3.3946564,4.0946565,5.7946563,7.7946563,9.894656,10.594656,10.994657,11.294657,10.894656,10.494657,10.894656,10.994657,10.894656,10.294657,9.694656,9.194656,8.594656,8.194656,7.1946564,6.4946566,6.0946565,5.6946564,5.0946565,4.2946563,2.9946563,2.6946564,2.2946563,1.9946563,1.4946563,0.39465636,-0.40534362,-1.7053436,-1.1053436,-0.8053436,-1.8053436,-1.3053436,-0.90534365,-0.20534363,0.39465636,0.39465636,0.7946564,0.7946564,-0.005343628,-0.90534365,-0.90534365,0.39465636,1.8946564,6.394656,6.5946565,5.894656,5.0946565,4.1946564
0.9946564,-1.2053436,-0.40534362,1.3946564,4.4946566,6.7946563,8.294657,9.294657,9.994657,10.094656,9.894656,9.694656,9.394656,9.194656,9.294657,9.794657,10.094656,9.994657,9.294657,8.294657,7.394656,6.2946563,5.6946564,4.9946566,3.9946563,4.1946564,2.9946563,2.3946564,0.49465638,1.9946563,1.5946563,1.2946564,2.0946565,2.5946565,2.1946564,0.9946564,-0.20534363,0.59465635,1.9946563,2.6946564,2.5946565,2.2946563,1.6946564,0.59465635,2.5946565,1.8946564,1.1946564,0.6946564,0.19465637,1.0946563,4.0946565,4.0946565,3.2946563,3.1946564,3.4946563,3.3946564,2.3946564,1.1946564,0.9946564
2.9946563,5.5946565,6.4946566,6.7946563,7.9946566,8.494657,8.894656,9.494657,10.094656,9.594656,8.394656,6.9946566,5.2946563,7.894656,9.194656,8.794657,8.194656,7.6946564,6.2946563,5.1946564,3.3946564,1.1946564,0.19465637,-0.105343625,0.7946564,0.6946564,-0.7053436,-1.5053437,1.3946564,2.0946565,1.8946564,1.8946564,2.9946563,3.3946564,3.8946564,3.8946564,3.2946563,2.4946563,1.7946564,2.6946564,2.6946564,1.7946564,-1.7053436,-2.4053435,-0.7053436,-0.30534363,-0.8053436,5.0946565,4.0946565,3.8946564,1.1946564,1.8946564,2.6946564,1.9946563,0.19465637,-0.30534363,-0.60534364,-1.6053436,-1.9053437
7.0946565,7.9946566,7.9946566,8.994657,9.494657,9.094656,8.594656,8.594656,9.294657,7.2946563,5.6946564,1.2946564,3.9946563,6.6946564,7.5946565,6.0946565,3.5946565,3.7946563,2.3946564,2.7946563,1.4946563,-0.60534364,-2.4053435,2.7946563,2.1946564,1.7946564,1.7946564,1.4946563,1.5946563,1.4946563,1.1946564,0.89465636,0.39465636,2.7946563,3.0946565,1.8946564,1.8946564,3.1946564,3.7946563,3.8946564,3.3946564,2.7946563,2.4946563,1.5946563,0.9946564,-0.105343625,-1.2053436,-2.0053437,-1.9053437,-2.1053436,-1.8053436,-2.3053436,-2.6053436,-3.2053437,-3.4053435,-1.8053436,-1.7053436,-3.4053435,-3.4053435
8.194656,9.194656,8.994657,9.194656,7.9946566,8.194656,8.194656,7.9946566,7.7946563,3.8946564,6.6946564,6.2946563,6.0946565,6.2946563,4.7946563,-0.40534362,4.0946565,0.49465638,-0.90534365,0.39465636,0.7946564,0.7946564,-1.1053436,-2.3053436,1.1946564,0.59465635,0.29465637,-0.40534362,-1.4053437,-2.2053437,-1.9053437,-0.90534365,0.6946564,1.5946563,1.6946564,1.5946563,1.6946564,2.0946565,2.1946564,1.4946563,1.8946564,1.7946564,0.49465638,-0.7053436,-0.30534363,-0.60534364,-1.2053436,-0.30534363,-0.30534363,-0.90534365,-1.6053436,-1.2053436,-3.0053437,-4.105344,-2.0053437,-2.2053437,-4.3053436,-5.3053436,-5.8053436
7.394656,8.994657,9.094656,6.894656,6.6946564,8.494657,8.594656,7.894656,6.894656,6.2946563,6.1946564,5.5946565,4.9946566,4.4946566,3.2946563,0.6946564,0.89465636,-0.005343628,-1.3053436,-2.9053435,-0.20534363,-0.40534362,-1.0053437,-3.1053436,-3.1053436,-2.2053437,-2.8053436,-2.9053435,-3.3053436,-3.3053436,-2.4053435,-1.2053436,-0.20534363,0.7946564,0.7946564,0.09465637,-0.5053436,-1.0053437,-0.20534363,1.1946564,2.2946563,1.2946564,0.49465638,0.6946564,0.19465637,-0.30534363,-0.20534363,-0.105343625,0.09465637,-0.40534362,-1.3053436,-2.6053436,-3.5053437,-4.5053434,-5.105344,-5.2053437,-6.0053434,-6.2053437,-6.5053434
8.094656,9.194656,7.5946565,4.6946564,3.9946563,7.9946566,8.494657,7.7946563,4.6946564,5.9946566,5.0946565,4.394656,3.2946563,2.8946564,0.89465636,-2.6053436,0.49465638,-0.20534363,-0.90534365,-1.4053437,-2.0053437,-2.4053435,-3.2053437,-3.4053435,-4.4053435,-3.5053437,-4.105344,-4.3053436,-2.2053437,-0.5053436,-0.40534362,-2.9053435,-0.90534365,-2.7053437,0.29465637,0.59465635,-0.40534362,0.29465637,1.6946564,6.2946563,4.5946565,0.89465636,0.39465636,-1.6053436,-3.2053437,-1.8053436,0.6946564,-0.105343625,-0.5053436,-0.8053436,-1.2053436,-1.7053436,-4.3053436,-5.7053437,-5.605344,-5.605344,-6.0053434,-6.0053434,-6.3053436
6.9946566,8.494657,8.594656,10.694656,9.194656,6.7946563,6.2946563,4.9946566,5.2946563,4.0946565,3.6946564,2.3946564,1.3946564,1.5946563,0.49465638,-2.3053436,-0.5053436,-1.7053436,-1.7053436,-2.1053436,-2.5053437,-2.7053437,-2.7053437,-2.9053435,-2.7053437,-2.3053436,-1.5053437,-1.5053437,-1.4053437,-1.9053437,1.8946564,0.9946564,1.0946563,-0.20534363,-2.4053435,2.0946565,2.0946565,1.7946564,1.3946564,1.1946564,1.1946564,-0.20534363,-1.6053436,-3.2053437,-3.6053436,-1.2053436,1.4946563,0.39465636,-1.6053436,-2.6053436,-3.8053436,-4.7053437,-6.2053437,-7.3053436,-7.4053435,-7.5053434,-6.605344,-6.605344,-7.105344
9.894656,10.894656,10.694656,7.7946563,4.9946566,4.6946564,4.7946563,2.1946564,3.3946564,3.7946563,2.9946563,1.0946563,0.49465638,-0.60534364,-0.90534365,-4.5053434,-3.0053437,-1.5053437,-2.6053436,-3.6053436,-1.7053436,-1.9053437,-1.7053436,-1.6053436,-2.4053435,-3.6053436,-0.60534364,-3.2053437,0.7946564,-1.5053437,0.59465635,1.0946563,0.59465635,1.2946564,0.59465635,1.4946563,2.0946565,1.0946563,1.2946564,1.2946564,0.09465637,-2.9053435,-5.605344,-6.7053437,-5.0053434,-2.4053435,-0.40534362,-0.90534365,-3.5053437,-3.6053436,-3.8053436,-2.0053437,-4.105344,-6.3053436,-3.3053436,-2.4053435,-4.2053437,-5.0053434,-4.105344
10.294657,8.294657,5.394656,3.7946563,4.0946565,3.1946564,1.7946564,0.9946564,3.8946564,3.2946563,2.1946564,0.29465637,-0.8053436,1.6946564,-2.0053437,-3.8053436,-1.7053436,-1.6053436,-2.6053436,-2.7053437,-3.2053437,-3.4053435,-3.7053437,-4.2053437,-0.8053436,-1.0053437,-0.5053436,-2.7053437,0.7946564,0.89465636,-1.5053437,-1.8053436,-1.2053436,-0.7053436,0.19465637,2.1946564,0.89465636,-0.30534363,-0.7053436,-1.8053436,-4.3053436,-4.4053435,-4.5053434,-2.8053436,0.39465636,-0.20534363,-0.40534362,-0.60534364,-0.8053436,-1.3053436,1.0946563,-0.7053436,-3.5053437,-4.7053437,-3.5053437,-3.2053437,-2.5053437,-1.0053437,-1.4053437
8.394656,1.8946564,-2.4053435,2.0946565,3.4946563,4.4946566,3.1946564,2.1946564,1.5946563,0.29465637,-0.40534362,-1.4053437,-2.3053436,-4.2053437,-4.2053437,-3.4053435,-2.8053436,-3.1053436,-4.105344,-4.7053437,-4.3053436,-3.6053436,-2.4053435,-3.2053437,-2.8053436,-2.1053436,-0.30534363,-1.5053437,-1.1053436,-0.8053436,-0.60534364,-0.5053436,-0.7053436,-1.4053437,-1.3053436,-0.30534363,-0.30534363,-0.90534365,-1.7053436,-2.5053437,-4.5053434,-5.0053434,-3.8053436,-1.9053437,-2.0053437,0.29465637,-0.105343625,0.39465636,-0.60534364,-2.0053437,-2.5053437,-3.0053437,-3.7053437,-2.3053436,-2.0053437,-1.5053437,-1.7053436,-2.1053436,-2.3053436
6.2946563,3.2946563,3.0946565,3.7946563,3.4946563,2.4946563,1.3946564,0.49465638,0.29465637,-0.20534363,-1.5053437,-2.1053436,-2.9053435,-4.3053436,-4.8053436,-4.7053437,-5.0053434,-5.4053435,-5.605344,-6.0053434,-5.105344,-3.4053435,-4.2053437,-3.7053437,-2.0053437,-1.4053437,0.29465637,-0.105343625,-0.8053436,-0.90534365,-0.5053436,-0.20534363,-0.005343628,-0.60534364,-2.4053435,-2.9053435,-3.8053436,-2.8053436,-1.7053436,-3.7053437,-2.1053436,-3.7053437,-1.9053437,-1.9053437,-3.5053437,-3.4053435,-1.3053436,-0.40534362,-2.2053437,-2.4053435,-2.7053437,-3.4053435,-3.2053437,-3.1053436,-3.8053436,-3.4053435,-0.7053436,-0.005343628,-1.0053437
