nws-json/uv2019082106.f000.json
{"header": { "discipline":0, "disciplineName":"Meteorological products", "gribEdition":2, "gribLength":54479, "center":7, "centerName":"US National Weather Service - NCEP(WMC)", "subcenter":0, "refTime":"2019-08-21T06:00:00.000Z", "significanceOfRT":1, "significanceOfRTName":"Start of forecast", "productStatus":0, "productStatusName":"Operational products", "productType":1, "productTypeName":"Forecast products", "productDefinitionTemplate":0, "productDefinitionTemplateName":"Analysis/forecast at horizontal level/layer at a point in time", "parameterCategory":2, "parameterCategoryName":"Momentum", "parameterNumber":2, "parameterNumberName":"U-component_of_wind", "parameterUnit":"m.s-1", "genProcessType":2, "genProcessTypeName":"Forecast", "forecastTime":0, "surface1Type":220, "surface1TypeName":"Planetary Boundary Layer", "surface1Value":0.0, "surface2Type":255, "surface2TypeName":"Missing", "surface2Value":0.0, "gridDefinitionTemplate":0, "gridDefinitionTemplateName":"Latitude_Longitude", "numberPoints":65160, "shape":6, "shapeName":"Earth spherical with radius of 6,371,229.0 m", "gridUnits":"degrees", "resolution":48, "winds":"true", "scanMode":0, "nx":360, "ny":181, "basicAngle":0, "lo1":0.0, "la1":90.0, "lo2":359.0, "la2":-90.0, "dx":1.0, "dy":1.0 }, "data":
[rows 0 to 25 of 181, columns 177 to 235 of 360]
1.7321289,1.7321289,1.7321289,1.632129,1.632129,1.632129,1.5321289,1.5321289,1.4321289,1.4321289,1.4321289,1.3321289,1.3321289,1.2321289,1.2321289,1.2321289,1.132129,1.132129,1.0321289,1.0321289,0.9321289,0.9321289,0.9321289,0.8321289,0.8321289,0.7321289,0.7321289,0.6321289,0.6321289,0.53212893,0.53212893,0.4321289,0.4321289,0.3321289,0.3321289,0.3321289,0.2321289,0.2321289,0.13212891,0.13212891,0.032128908,0.032128908,-0.067871094,-0.067871094,-0.16787109,-0.16787109,-0.26787108,-0.26787108,-0.3678711,-0.3678711,-0.4678711,-0.4678711,-0.4678711,-0.5678711,-0.5678711,-0.6678711,-0.6678711,-0.7678711,-0.7678711
2.7321289,2.832129,2.832129,2.832129,2.932129,2.832129,2.832129,2.832129,2.932129,2.832129,2.7321289,2.7321289,2.632129,2.332129,2.2321289,2.132129,1.9321289,1.8321289,1.632129,1.4321289,1.3321289,1.132129,1.0321289,0.9321289,0.8321289,0.7321289,0.6321289,0.53212893,0.3321289,0.2321289,0.13212891,0.032128908,-0.067871094,-0.16787109,-0.16787109,-0.26787108,-0.4678711,-0.5678711,-0.5678711,-0.6678711,-0.7678711,-0.7678711,-0.8678711,-0.8678711,-0.8678711,-0.8678711,-0.8678711,-0.8678711,-0.8678711,-0.8678711,-0.8678711,-0.8678711,-0.8678711,-0.8678711,-0.8678711,-0.8678711,-0.8678711,-0.8678711,-0.96787107
2.932129,2.932129,3.0321288,3.132129,3.132129,3.2321289,3.332129,3.332129,3.432129,3.432129,3.432129,3.332129,3.332129,3.2321289,3.2321289,3.432129,3.332129,3.332129,3.332129,3.332129,3.332129,3.2321289,3.2321289,3.0321288,2.932129,2.932129,2.832129,2.7321289,2.632129,2.5321288,2.432129,2.332129,2.2321289,2.0321288,1.9321289,1.8321289,1.7321289,1.632129,1.5321289,1.4321289,1.3321289,1.2321289,1.132129,1.132129,1.0321289,0.9321289,0.7321289,0.7321289,0.53212893,0.4321289,0.3321289,0.13212891,0.032128908,-0.16787109,-0.26787108,-0.3678711,-0.4678711,-0.5678711,-0.5678711
2.132129,2.2321289,2.2321289,2.2321289,2.132129,2.132129,2.0321288,1.9321289,1.9321289,1.8321289,1.8321289,1.7321289,1.632129,1.4321289,1.0321289,0.7321289,0.53212893,0.3321289,0.2321289,0.2321289,0.2321289,0.2321289,0.13212891,0.13212891,0.13212891,0.032128908,-0.067871094,-0.067871094,-0.16787109,-0.26787108,-0.3678711,-0.4678711,-0.4678711,-0.4678711,-0.4678711,-0.4678711,-0.4678711,-0.26787108,-0.26787108,-0.3678711,-0.4678711,-0.6678711,-0.6678711,-0.5678711,-0.5678711,-0.26787108,0.13212891,0.032128908,-0.067871094,-0.067871094,-0.16787109,-0.26787108,-0.3678711,-0.3678711,-0.4678711,-0.5678711,-0.5678711,-0.6678711,-0.6678711
1.5321289,1.3321289,1.2321289,1.0321289,1.0321289,1.0321289,1.132129,1.132129,1.132129,1.0321289,0.7321289,0.53212893,0.53212893,0.53212893,0.53212893,0.6321289,0.6321289,0.6321289,0.6321289,0.6321289,0.6321289,0.53212893,0.53212893,0.4321289,0.4321289,0.4321289,0.3321289,0.3321289,0.2321289,0.2321289,0.13212891,0.13212891,0.13212891,0.2321289,0.3321289,0.3321289,0.3321289,0.3321289,0.3321289,0.2321289,0.032128908,-0.067871094,0.032128908,-0.067871094,-0.16787109,-0.26787108,-0.3678711,-0.3678711,-0.26787108,-0.3678711,-0.4678711,-0.4678711,-0.5678711,-0.5678711,-0.6678711,-0.7678711,-0.7678711,-0.8678711,-0.96787107
1.9321289,1.9321289,1.9321289,1.9321289,1.9321289,1.8321289,1.8321289,1.7321289,1.7321289,1.7321289,1.7321289,1.8321289,2.0321288,2.0321288,1.9321289,1.4321289,1.2321289,0.9321289,0.9321289,0.9321289,0.9321289,0.8321289,0.6321289,0.4321289,0.2321289,0.13212891,0.032128908,0.032128908,0.032128908,-0.067871094,-0.067871094,-0.067871094,0.2321289,0.4321289,0.4321289,0.3321289,0.13212891,0.2321289,0.13212891,0.032128908,-0.16787109,-0.26787108,-0.4678711,-0.5678711,-0.7678711,-1.1678711,-1.2678711,-1.367871,-1.5678711,-1.7678711,-1.867871,-1.9678711,-2.067871,-2.067871,-2.567871,-2.4678712,-2.567871,-2.667871,-2.567871
1.632129,1.5321289,1.3321289,1.2321289,1.132129,1.0321289,1.0321289,1.0321289,1.132129,1.0321289,0.9321289,0.6321289,0.3321289,-0.26787108,-0.5678711,-0.4678711,-0.3678711,-0.3678711,-0.3678711,-0.26787108,-0.26787108,-0.3678711,-0.3678711,-0.4678711,-0.5678711,-0.7678711,-0.8678711,-1.0678711,-1.2678711,-1.4678711,-1.6678711,-1.7678711,-1.867871,-2.067871,-2.167871,-2.167871,-2.2678711,-2.2678711,-2.067871,-1.7678711,-1.6678711,-1.867871,-1.6678711,-1.5678711,-1.367871,-1.2678711,-1.2678711,-1.367871,-1.4678711,-1.367871,-0.96787107,-0.8678711,-0.96787107,-0.96787107,-0.96787107,-0.96787107,-1.0678711,-1.0678711,-1.0678711
1.3321289,1.0321289,1.132129,1.132129,1.0321289,0.9321289,0.8321289,0.7321289,0.7321289,0.6321289,0.3321289,-0.16787109,-0.7678711,-1.0678711,-1.0678711,-0.7678711,-0.7678711,-0.5678711,-0.3678711,-0.6678711,-0.96787107,-1.0678711,-0.96787107,-0.96787107,-0.96787107,-1.1678711,-1.0678711,-1.2678711,-1.367871,-1.1678711,-1.367871,-1.367871,-1.2678711,-0.6678711,-0.7678711,-1.0678711,-1.367871,-1.4678711,-1.6678711,-1.867871,-1.9678711,-2.167871,-2.2678711,-2.367871,-2.4678712,-2.567871,-2.567871,-2.567871,-2.567871,-2.567871,-2.4678712,-2.4678712,-2.367871,-2.367871,-2.4678712,-2.4678712,-2.367871,-2.367871,-2.367871
1.632129,1.5321289,1.3321289,1.132129,1.0321289,0.8321289,0.6321289,0.53212893,0.13212891,-0.26787108,-0.4678711,-0.8678711,-1.2678711,-1.4678711,-1.5678711,-1.4678711,-1.6678711,-1.367871,-1.6678711,-1.867871,-2.067871,-2.167871,-2.2678711,-2.2678711,-2.167871,-2.2678711,-2.2678711,-2.367871,-2.4678712,-2.567871,-3.067871,-3.167871,-3.367871,-3.867871,-4.067871,-4.3678713,-4.467871,-4.567871,-4.467871,-4.267871,-4.3678713,-4.467871,-4.467871,-5.067871,-5.167871,-5.167871,-5.067871,-5.067871,-5.267871,-5.267871,-4.967871,-4.567871,-4.267871,-3.667871,-3.167871,-2.9678712,-2.567871,-2.2678711,-1.9678711
1.0321289,0.53212893,0.2321289,-0.067871094,-0.6678711,-1.367871,-1.6678711,-1.5678711,-1.6678711,-1.5678711,-1.867871,-2.367871,-2.567871,-2.667871,-2.567871,-2.667871,-2.867871,-3.067871,-3.2678711,-3.667871,-3.567871,-3.7678711,-4.067871,-3.867871,-4.167871,-4.3678713,-4.3678713,-4.667871,-4.667871,-4.667871,-4.8678713,-4.8678713,-4.8678713,-4.8678713,-4.767871,-4.567871,-4.667871,-4.767871,-4.267871,-3.567871,-2.9678712,-2.4678712,-1.2678711,-0.26787108,0.3321289,0.53212893,0.8321289,0.9321289,0.13212891,-1.0678711,-2.167871,-3.167871,-4.167871,-3.9678712,-3.167871,-2.567871,-1.6678711,-0.7678711,0.2321289
-0.5678711,-0.7678711,-0.8678711,-1.4678711,-1.4678711,-1.5678711,-1.5678711,-1.5678711,-1.6678711,-1.7678711,-1.6678711,-1.6678711,-1.867871,-2.367871,-2.667871,-2.667871,-2.367871,-1.9678711,-1.867871,-1.9678711,-1.4678711,-1.4678711,-1.6678711,-1.6678711,-1.4678711,-0.7678711,-0.16787109,0.2321289,0.3321289,0.53212893,0.8321289,1.132129,1.4321289,1.5321289,1.632129,1.632129,1.8321289,2.0321288,2.432129,2.7321289,3.0321288,3.2321289,3.2321289,3.0321288,2.832129,3.0321288,3.5321288,3.7321289,3.832129,3.7321289,3.432129,3.2321289,3.2321289,2.932129,2.7321289,2.432129,1.8321289,2.132129,2.932129
-2.167871,-2.567871,-2.9678712,-3.067871,-2.9678712,-3.167871,-3.167871,-3.067871,-3.2678711,-3.067871,-2.067871,-1.7678711,-1.4678711,-1.367871,-0.8678711,-0.26787108,0.13212891,-0.16787109,0.13212891,0.4321289,0.53212893,0.6321289,0.7321289,0.53212893,0.2321289,0.13212891,-0.067871094,-0.16787109,0.032128908,0.3321289,0.7321289,1.0321289,1.4321289,1.8321289,2.132129,2.332129,2.132129,2.2321289,2.632129,2.5321288,2.432129,2.432129,2.7321289,2.832129,2.932129,3.332129,3.0321288,2.932129,3.332129,3.432129,3.432129,3.632129,4.332129,4.1321287,4.032129,3.832129,4.1321287,4.832129,5.032129
-2.4678712,-2.667871,-2.167871,-2.167871,-2.067871,-1.4678711,-0.8678711,-0.6678711,-0.5678711,-0.3678711,-0.3678711,-0.4678711,-0.067871094,0.3321289,0.8321289,1.2321289,1.5321289,1.632129,1.8321289,1.7321289,1.3321289,0.9321289,0.7321289,0.2321289,-0.067871094,0.032128908,0.4321289,0.9321289,1.2321289,1.132129,1.3321289,2.2321289,2.7321289,3.132129,3.132129,2.2321289,1.9321289,2.132129,2.2321289,2.7321289,2.932129,3.132129,3.2321289,3.2321289,2.832129,3.2321289,3.2321289,3.0321288,3.432129,4.032129,4.232129,4.532129,4.932129,5.832129,6.532129,6.532129,6.332129,6.432129,6.432129
0.7321289,0.4321289,0.2321289,-0.26787108,-0.4678711,-0.6678711,-0.96787107,-1.4678711,-1.6678711,-1.2678711,-0.7678711,-0.26787108,-0.067871094,0.032128908,0.2321289,0.9321289,1.632129,1.9321289,2.0321288,2.132129,2.132129,2.2321289,2.332129,2.7321289,3.0321288,2.932129,2.932129,2.7321289,2.7321289,2.332129,2.132129,2.332129,3.5321288,3.0321288,1.3321289,1.4321289,2.0321288,2.432129,2.432129,2.0321288,2.0321288,2.332129,2.832129,3.132129,3.632129,3.0321288,3.432129,5.032129,5.432129,6.432129,6.932129,6.932129,6.732129,7.032129,7.1321287,6.932129,6.732129,6.232129,6.432129
1.7321289,2.132129,1.7321289,1.5321289,1.3321289,1.4321289,0.8321289,1.2321289,1.0321289,0.53212893,0.032128908,-0.8678711,-0.7678711,0.2321289,1.2321289,1.4321289,1.9321289,2.832129,3.5321288,3.832129,4.1321287,4.1321287,4.032129,3.7321289,4.032129,4.332129,4.432129,4.232129,3.5321288,3.132129,1.9321289,2.432129,2.832129,2.132129,2.332129,1.8321289,1.7321289,2.332129,2.332129,2.432129,3.332129,3.932129,3.132129,4.832129,6.332129,6.6321287,7.232129,7.232129,6.832129,6.032129,6.332129,6.532129,6.532129,5.832129,5.032129,4.932129,4.832129,4.732129,5.1321287
3.2321289,3.132129,3.5321288,4.1321287,4.032129,3.932129,3.7321289,3.632129,3.432129,3.632129,4.6321287,4.6321287,4.6321287,4.6321287,4.232129,3.832129,3.7321289,3.7321289,3.7321289,3.832129,3.832129,3.5321288,3.2321289,3.432129,3.632129,4.232129,4.532129,5.032129,3.632129,2.432129,3.0321288,3.0321288,3.2321289,3.2321289,3.432129,3.832129,4.732129,4.532129,5.532129,5.032129,5.432129,5.1321287,4.732129,4.432129,3.932129,4.532129,4.932129,4.832129,4.932129,5.232129,5.232129,4.932129,3.432129,2.932129,2.0321288,2.5321288,3.0321288,3.132129,2.932129
5.1321287,5.532129,6.032129,6.432129,6.6321287,5.832129,5.832129,5.432129,4.932129,5.6321287,5.532129,5.532129,5.6321287,5.832129,6.032129,5.032129,4.6321287,4.432129,4.232129,4.332129,3.7321289,3.332129,3.132129,3.2321289,2.7321289,2.132129,2.2321289,2.2321289,2.2321289,2.132129,2.632129,2.432129,2.432129,2.7321289,2.932129,2.832129,3.0321288,2.7321289,2.2321289,1.632129,1.7321289,1.7321289,1.632129,0.8321289,-0.067871094,0.032128908,0.6321289,0.8321289,1.5321289,1.7321289,1.7321289,1.132129,1.132129,0.6321289,0.6321289,-0.5678711,-0.5678711,-0.7678711,0.2321289
4.532129,5.032129,5.6321287,5.432129,5.432129,5.432129,5.832129,6.032129,6.432129,6.932129,6.732129,6.332129,5.832129,5.432129,5.032129,5.532129,5.532129,5.032129,3.932129,4.1321287,3.7321289,3.332129,3.2321289,2.932129,2.932129,2.932129,2.5321288,1.8321289,1.632129,1.9321289,1.7321289,2.132129,2.432129,1.632129,1.632129,0.9321289,0.3321289,0.4321289,-0.8678711,-1.2678711,-1.9678711,-1.9678711,-2.167871,-2.367871,-1.9678711,-2.667871,-2.9678712,-1.367871,-1.0678711,-0.8678711,-0.3678711,-0.067871094,0.3321289,0.032128908,-0.6678711,-0.7678711,-0.16787109,-0.96787107,-0.5678711
4.1321287,4.532129,4.732129,4.932129,4.532129,4.332129,4.432129,4.332129,4.732129,5.032129,4.932129,4.532129,4.732129,4.832129,5.1321287,5.332129,5.1321287,4.432129,3.5321288,3.132129,2.832129,2.132129,2.132129,1.7321289,2.0321288,2.2321289,3.332129,0.6321289,0.8321289,0.4321289,0.3321289,0.4321289,-0.26787108,-1.0678711,-0.6678711,-1.1678711,-1.867871,-1.4678711,-1.4678711,-2.067871,-3.567871,-4.067871,-4.467871,-5.067871,-4.267871,-4.467871,-5.267871,-5.667871,-4.967871,-3.667871,-3.367871,-2.367871,-1.4678711,-1.0678711,-0.3678711,-0.6678711,-0.3678711,0.6321289,-2.167871
2.132129,1.4321289,2.2321289,2.332129,1.5321289,2.832129,3.832129,3.7321289,3.832129,4.1321287,4.032129,3.932129,4.232129,4.232129,4.232129,4.032129,3.432129,2.7321289,2.432129,2.132129,1.8321289,1.7321289,1.3321289,1.3321289,1.132129,1.632129,2.132129,1.0321289,0.7321289,0.53212893,0.032128908,-0.4678711,-1.6678711,-3.067871,-2.4678712,-2.9678712,-2.4678712,-3.067871,-2.7678711,-1.9678711,-2.4678712,-2.567871,-2.7678711,-3.9678712,-4.8678713,-5.767871,-5.767871,-6.067871,-6.467871,-5.767871,-4.8678713,-3.567871,-4.3678713,-4.8678713,-4.167871,-3.7678711,-2.4678712,-1.2678711,-0.96787107
0.8321289,1.0321289,1.3321289,1.632129,2.132129,2.332129,2.332129,2.7321289,3.5321288,3.832129,4.232129,3.332129,2.7321289,3.2321289,2.932129,2.932129,2.932129,2.5321288,1.7321289,0.9321289,0.7321289,0.6321289,0.9321289,1.0321289,1.132129,1.3321289,2.5321288,2.132129,1.7321289,1.3321289,1.2321289,-0.067871094,-0.3678711,0.13212891,-0.6678711,-1.2678711,-1.867871,-3.067871,-3.667871,-1.2678711,0.13212891,0.7321289,-1.1678711,-3.2678711,-4.067871,-6.567871,-8.167871,-8.467871,-8.367871,-8.967871,-6.3678713,-6.067871,-4.567871,-3.567871,-4.8678713,-2.867871,-0.7678711,0.6321289,1.132129
3.832129,2.5321288,-1.367871,-1.9678711,-1.0678711,0.032128908,0.032128908,0.53212893,0.7321289,1.3321289,1.8321289,1.7321289,1.132129,0.8321289,0.53212893,0.13212891,-0.5678711,-0.6678711,-0.5678711,-0.6678711,0.2321289,0.8321289,0.8321289,1.0321289,0.3321289,0.53212893,0.53212893,2.2321289,4.232129,3.0321288,2.7321289,2.0321288,0.7321289,-0.067871094,0.6321289,-0.067871094,0.7321289,-0.3678711,-0.5678711,-0.96787107,-1.2678711,-0.96787107,-0.6678711,-0.6678711,-0.96787107,-1.867871,-5.8678713,-5.667871,-3.867871,-3.567871,-5.167871,-3.7678711,-3.4678712,-0.4678711,-2.167871,-3.167871,-0.8678711,-0.4678711,2.0321288
2.5321288,1.8321289,2.132129,0.6321289,-2.367871,-3.7678711,-2.4678712,-3.367871,-1.867871,-0.4678711,0.13212891,0.4321289,0.13212891,-0.067871094,-0.4678711,-0.8678711,-1.1678711,-1.5678711,-3.167871,0.8321289,-0.067871094,-0.6678711,0.7321289,-2.567871,-1.0678711,-2.167871,-3.4678712,-1.1678711,1.9321289,1.132129,1.5321289,0.2321289,0.6321289,0.2321289,-0.8678711,0.8321289,1.2321289,-5.267871,-5.3678713,-2.567871,-4.167871,-3.167871,-2.567871,-2.867871,-3.7678711,-1.867871,-0.6678711,0.13212891,-1.867871,-2.2678711,-3.567871,-1.7678711,-0.5678711,-1.1678711,-3.867871,-3.867871,-3.7678711,-1.867871,-1.0678711
5.032129,5.332129,3.332129,0.3321289,1.5321289,0.9321289,-0.7678711,-0.6678711,-1.1678711,-2.067871,-0.6678711,1.2321289,2.832129,1.3321289,0.6321289,0.2321289,0.53212893,1.132129,2.432129,4.432129,4.732129,5.432129,2.132129,0.3321289,0.032128908,1.132129,2.0321288,1.632129,1.632129,0.4321289,-0.6678711,-0.4678711,1.7321289,2.2321289,2.832129,1.632129,-5.967871,-7.467871,-7.8678713,-5.067871,-0.96787107,0.032128908,-0.3678711,-0.5678711,-1.0678711,-3.067871,-7.467871,-1.367871,-0.5678711,-1.1678711,-0.8678711,-4.267871,-2.567871,-5.467871,-4.967871,-6.067871,-3.9678712,-3.167871,-2.167871
4.1321287,6.6321287,6.032129,2.932129,0.53212893,1.7321289,0.53212893,-0.7678711,-1.4678711,1.0321289,2.0321288,-1.367871,1.132129,1.2321289,0.9321289,0.7321289,0.53212893,2.0321288,2.932129,2.132129,2.2321289,2.832129,1.9321289,1.9321289,1.9321289,4.432129,4.832129,4.032129,0.9321289,1.4321289,5.232129,4.932129,5.932129,2.2321289,3.632129,2.432129,1.2321289,-0.067871094,-0.067871094,-1.2678711,0.2321289,0.13212891,0.2321289,-0.4678711,0.9321289,-1.6678711,-4.8678713,-1.2678711,-0.8678711,-1.2678711,-3.167871,-2.067871,-2.167871,-1.2678711,-2.2678711,-3.167871,-2.067871,-4.467871,-2.7678711
3.2321289,3.832129,1.632129,2.932129,4.332129,3.132129,4.232129,3.332129,-1.5678711,-1.367871,0.2321289,-2.7678711,-6.167871,-4.267871,-2.367871,-0.96787107,-1.4678711,-0.5678711,0.8321289,0.8321289,-1.0678711,1.0321289,0.3321289,-0.16787109,1.0321289,1.5321289,0.2321289,0.8321289,1.2321289,1.132129,1.132129,1.2321289,3.132129,1.4321289,0.3321289,0.9321289,1.9321289,1.3321289,0.53212893,-0.26787108,0.032128908,1.2321289,-0.26787108,-0.3678711,0.13212891,-0.4678711,-0.3678711,-0.7678711,-0.26787108,-0.6678711,-0.7678711,-0.26787108,-0.7678711,-0.4678711,-0.6678711,0.6321289,-0.5678711,-3.7678711,-2.4678712
