nws-json/uv2019082112.f000.json
{"header": { "discipline":0, "disciplineName":"Meteorological products", "gribEdition":2, "gribLength":54639, "center":7, "centerName":"US National Weather Service - NCEP(WMC)", "subcenter":0, "refTime":"2019-08-21T12:00:00.000Z", "significanceOfRT":1, "significanceOfRTName":"Start of forecast", "productStatus":0, "productStatusName":"Operational products", "productType":1, "productTypeName":"Forecast products", "productDefinitionTemplate":0, "productDefinitionTemplateName":"Analysis/forecast at horizontal level/layer at a point in time", "parameterCategory":2, "parameterCategoryName":"Momentum", "parameterNumber":2, "parameterNumberName":"U-component_of_wind", "parameterUnit":"m.s-1", "genProcessType":2, "genProcessTypeName":"Forecast", "forecastTime":0, "surface1Type":220, "surface1TypeName":"Planetary Boundary Layer", "surface1Value":0.0, "surface2Type":255, "surface2TypeName":"Missing", "surface2Value":0.0, "gridDefinitionTemplate":0, "gridDefinitionTemplateName":"Latitude_Longitude", "numberPoints":65160, "shape":6, "shapeName":"Earth spherical with radius of 6,371,229.0 m", "gridUnits":"degrees", "resolution":48, "winds":"true", "scanMode":0, "nx":360, "ny":181, "basicAngle":0, "lo1":0.0, "la1":90.0, "lo2":359.0, "la2":-90.0, "dx":1.0, "dy":1.0 }, "data":
[rows 75 to 99 of 181, columns 116 to 173 of 360]
7.6355715,9.435572,8.435572,7.8355713,2.1355712,2.8355713,-2.4644287,-1.2644287,-2.5644288,-0.16442871,5.7355714,5.1355715,2.6355712,1.0355713,3.1355712,4.535571,6.2355714,5.8355713,4.935571,3.2355714,2.4355712,1.1355712,-0.16442871,-2.6644287,-2.4644287,-2.4644287,-2.3644288,-2.9644287,-3.4644287,-3.5644288,-4.464429,-5.564429,-6.3644285,-6.464429,-6.3644285,-6.564429,-7.064429,-8.564428,-8.564428,-9.064428,-8.764429,-8.464429,-8.164429,-7.964429,-8.164429,-8.464429,-7.7644286,-6.8644285,-7.464429,-5.7644286,-5.564429,-4.8644285,-4.7644286,-4.7644286,-4.8644285,-5.464429,-7.6644287,-7.564429
8.6355715,8.435572,7.2355714,5.6355715,6.035571,4.6355715,4.935571,5.1355715,7.035571,5.6355715,5.8355713,11.1355715,9.035571,5.6355715,11.335571,17.935572,13.1355715,11.735571,9.035571,7.6355715,4.2355714,2.7355714,2.8355713,1.1355712,-2.1644287,-1.6644287,-1.2644287,-2.3644288,-3.2644286,-2.3644288,-5.564429,-5.8644285,-6.8644285,-5.464429,-6.7644286,-5.6644287,-7.8644285,-8.664429,-8.264429,-9.564428,-8.8644285,-8.8644285,-7.464429,-7.6644287,-7.7644286,-8.664429,-7.464429,-7.7644286,-6.6644287,-6.2644286,-6.2644286,-5.8644285,-5.6644287,-6.064429,-6.1644287,-6.964429,-7.8644285,-8.264429
7.035571,6.435571,6.8355713,2.6355712,3.2355714,0.2355713,5.2355714,9.735571,10.235571,14.435572,17.435572,14.235571,14.735571,14.835571,21.035572,16.535572,14.6355715,12.735571,11.6355715,9.335571,6.2355714,5.935571,4.1355715,4.3355713,-1.5644287,-2.0644288,-0.3644287,-1.0644287,-1.9644287,-1.4644287,-5.464429,-6.064429,-6.564429,-5.7644286,-6.464429,-5.6644287,-6.6644287,-8.064428,-8.464429,-7.1644287,-5.564429,-6.464429,-6.564429,-5.2644286,-6.8644285,-8.464429,-7.7644286,-7.3644285,-6.8644285,-6.564429,-6.7644286,-6.1644287,-6.3644285,-6.6644287,-7.064429,-8.064428,-8.464429,-8.164429
5.435571,5.3355713,5.3355713,2.5355713,2.2355714,5.035571,10.935572,6.7355714,8.1355715,14.1355715,16.13557,18.935572,19.63557,20.335571,20.335571,17.035572,14.735571,12.535571,11.035571,9.535571,8.835571,7.2355714,6.3355713,4.8355713,0.3355713,-0.3644287,0.9355713,-0.8644287,-0.46442872,0.03557129,-3.0644288,-5.964429,-6.064429,-5.564429,-5.6644287,-6.3644285,-6.7644286,-7.1644287,-7.3644285,-6.3644285,-5.8644285,-6.2644286,-6.064429,-5.564429,-6.064429,-7.1644287,-7.064429,-7.464429,-6.7644286,-6.2644286,-6.3644285,-6.2644286,-6.564429,-7.464429,-7.6644287,-7.7644286,-9.264429,-7.7644286
5.435571,5.3355713,3.7355714,0.6355713,-0.5644287,2.5355713,-1.7644287,4.435571,3.8355713,5.3355713,12.935572,17.63557,18.835571,17.73557,16.535572,15.835571,13.235571,12.235571,11.035571,10.035571,10.035571,8.835571,6.435571,5.1355715,4.035571,1.4355713,1.4355713,0.43557128,0.5355713,0.13557129,0.03557129,-4.2644286,-4.8644285,-4.7644286,-5.8644285,-6.064429,-5.8644285,-6.964429,-7.064429,-6.464429,-6.2644286,-5.064429,-6.064429,-6.7644286,-6.2644286,-6.8644285,-5.8644285,-7.2644286,-6.464429,-5.2644286,-5.8644285,-5.564429,-5.964429,-6.064429,-7.064429,-8.3644285,-8.664429,-7.464429
5.3355713,3.7355714,2.8355713,-1.3644288,-4.1644287,-1.9644287,3.1355712,1.9355713,4.3355713,9.6355715,12.335571,14.235571,16.23557,14.735571,11.335571,11.935572,11.835571,12.235571,10.935572,9.935572,9.835571,9.435572,7.3355713,4.935571,2.5355713,3.1355712,2.3355713,1.4355713,0.6355713,0.43557128,2.2355714,-0.2644287,-3.7644286,-3.0644288,-3.9644287,-5.2644286,-5.8644285,-5.964429,-6.564429,-5.7644286,-5.564429,-4.464429,-3.6644287,-4.7644286,-6.564429,-6.8644285,-4.6644287,-5.464429,-5.564429,-6.564429,-5.6644287,-5.564429,-5.6644287,-5.7644286,-6.8644285,-8.264429,-8.564428,-7.464429
4.035571,2.5355713,-0.16442871,0.6355713,-0.3644287,-1.2644287,0.03557129,3.0355713,5.2355714,5.935571,1.3355713,-1.9644287,3.4355712,8.235571,9.6355715,9.835571,10.835571,10.1355715,8.935572,8.835571,8.6355715,8.935572,7.035571,4.1355715,3.9355712,3.7355714,2.5355713,1.6355712,1.0355713,1.5355713,1.7355713,2.1355712,0.73557127,-2.0644288,-3.1644287,-3.6644287,-5.064429,-5.1644287,-3.8644288,-4.964429,-5.1644287,-5.3644285,-4.564429,-5.7644286,-3.1644287,-3.0644288,-4.064429,-3.4644287,-3.4644287,-5.964429,-5.6644287,-4.3644285,-5.2644286,-5.8644285,-6.964429,-6.464429,-7.7644286,-7.6644287
2.6355712,0.13557129,1.3355713,1.4355713,0.13557129,1.2355713,0.6355713,-0.06442871,-0.2644287,2.1355712,-0.06442871,3.8355713,7.3355713,8.435572,8.6355715,9.6355715,9.735571,8.6355715,8.1355715,8.235571,7.035571,8.835571,6.935571,5.1355715,4.6355715,3.9355712,2.9355712,1.9355713,2.7355714,2.0355713,2.4355712,3.7355714,3.0355713,0.5355713,-1.1644287,-3.8644288,-3.2644286,-4.3644285,-4.8644285,-4.1644287,-3.7644286,-4.7644286,-4.564429,-4.2644286,-3.2644286,-3.1644287,-3.4644287,-2.3644288,-5.064429,-4.6644287,-5.964429,-4.964429,-5.2644286,-6.3644285,-7.564429,-6.8644285,-6.7644286,-6.964429
0.9355713,-0.9644287,-2.9644287,-2.8644288,-0.46442872,1.4355713,0.3355713,0.03557129,0.5355713,-1.3644288,-1.4644287,6.935571,7.935571,8.235571,8.535571,9.6355715,8.435572,8.835571,7.1355715,6.035571,6.435571,8.1355715,6.935571,3.0355713,3.9355712,2.9355712,2.2355714,2.3355713,3.6355712,4.035571,4.035571,4.3355713,3.4355712,2.4355712,2.2355714,-0.3644287,-2.0644288,-2.8644288,-3.6644287,-3.6644287,-3.4644287,-3.7644286,-3.3644288,-3.7644286,-4.3644285,-3.0644288,-1.4644287,-3.9644287,-2.3644288,-4.064429,-6.1644287,-5.6644287,-6.064429,-6.464429,-6.464429,-6.1644287,-6.8644285,-7.1644287
-1.3644288,-0.2644287,-4.464429,-3.8644288,-2.6644287,-0.76442873,-0.9644287,-0.16442871,0.6355713,2.3355713,5.535571,7.3355713,7.3355713,8.1355715,8.035571,7.6355715,8.735571,7.1355715,6.2355714,3.4355712,3.9355712,5.8355713,2.5355713,3.0355713,3.0355713,3.5355713,3.2355714,1.3355713,3.1355712,5.1355715,4.935571,5.935571,5.7355714,5.3355713,1.6355712,-0.8644287,-2.4644287,-2.2644286,-3.4644287,-3.0644288,-3.0644288,-3.1644287,-2.6644287,-3.4644287,-2.7644286,-5.2644286,-1.3644288,-1.8644288,-2.4644287,-3.8644288,-6.064429,-5.464429,-5.3644285,-6.6644287,-6.464429,-5.6644287,-5.064429,-6.464429
0.43557128,0.3355713,0.13557129,-1.4644287,-1.7644287,-2.0644288,-2.5644288,0.13557129,0.9355713,2.4355712,4.1355715,6.3355713,6.6355715,6.535571,6.035571,7.035571,6.7355714,5.3355713,2.0355713,0.3355713,0.5355713,2.3355713,0.13557129,0.5355713,0.6355713,0.73557127,2.6355712,2.7355714,3.5355713,4.935571,5.8355713,6.3355713,7.035571,7.7355714,4.935571,4.1355715,1.9355713,-0.3644287,-0.6644287,0.43557128,-0.6644287,-0.46442872,-1.3644288,-2.8644288,-1.7644287,-1.0644287,-1.0644287,-2.6644287,-1.5644287,-2.6644287,-5.7644286,-5.7644286,-6.964429,-6.064429,-5.2644286,-5.6644287,-4.564429,-6.564429
0.6355713,-0.8644287,-5.064429,-1.9644287,-2.1644287,-3.0644288,-2.2644286,-1.0644287,-0.2644287,-0.9644287,2.5355713,4.6355715,6.435571,3.7355714,4.8355713,5.6355715,2.9355712,2.1355712,1.7355713,-2.0644288,-0.5644287,-1.4644287,-2.1644287,-1.7644287,-1.1644287,-0.3644287,0.5355713,2.0355713,2.7355714,4.7355714,6.435571,6.7355714,7.7355714,8.835571,8.435572,7.3355713,6.435571,4.7355714,3.7355714,3.5355713,4.1355715,3.3355713,3.2355714,2.1355712,0.5355713,0.03557129,-0.2644287,0.03557129,-0.9644287,-0.46442872,-4.3644285,-5.1644287,-6.7644286,-5.2644286,-4.3644285,-4.964429,-4.8644285,-6.6644287
0.03557129,-0.5644287,-6.3644285,-2.9644287,-1.8644288,-3.3644288,-3.9644287,-1.6644287,-1.2644287,-1.5644287,1.6355712,4.2355714,5.435571,3.7355714,2.9355712,2.5355713,2.3355713,0.3355713,-0.9644287,-0.9644287,-2.4644287,-3.4644287,-4.6644287,-3.6644287,-4.1644287,-2.5644288,-1.6644287,-0.46442872,0.8355713,3.8355713,4.1355715,4.435571,8.435572,4.435571,9.1355715,9.335571,9.435572,8.035571,6.535571,6.7355714,6.535571,5.2355714,7.035571,6.935571,6.435571,4.035571,3.7355714,1.9355713,-1.6644287,-2.5644288,-4.2644286,-5.8644285,-5.7644286,-5.7644286,-4.3644285,-4.564429,-4.964429,-7.3644285
-1.6644287,-0.46442872,-4.8644285,-5.464429,-2.0644288,-2.9644287,-0.6644287,-1.5644287,-2.4644287,-2.3644288,0.8355713,4.2355714,1.8355713,0.73557127,2.2355714,1.6355712,0.8355713,1.0355713,-2.8644288,-2.7644286,-3.5644288,-6.064429,-5.564429,-4.964429,-5.3644285,-5.464429,-4.6644287,-3.0644288,-1.0644287,0.6355713,2.9355712,3.7355714,6.035571,4.8355713,7.1355715,10.735571,12.1355715,7.7355714,8.535571,7.1355715,7.435571,6.1355715,7.3355713,7.8355713,7.035571,6.035571,1.0355713,2.3355713,-2.5644288,1.8355713,-3.7644286,-5.8644285,-5.564429,-5.2644286,-5.6644287,-5.1644287,-7.2644286,-7.3644285
-1.0644287,-2.1644287,-0.3644287,0.3355713,-3.8644288,-0.76442873,0.9355713,-0.16442871,-2.3644288,1.9355713,-0.3644287,1.2355713,-1.1644287,0.2355713,1.3355713,0.2355713,0.03557129,-2.9644287,-3.5644288,-3.9644287,-5.7644286,-7.3644285,-7.1644287,-7.2644286,-6.7644286,-6.2644286,-5.6644287,-3.3644288,-3.5644288,-2.2644286,-0.3644287,1.1355712,1.0355713,5.7355714,5.2355714,10.235571,10.935572,6.3355713,7.6355715,5.8355713,6.3355713,7.035571,8.1355715,8.1355715,7.6355715,5.435571,1.2355713,-1.3644288,-2.0644288,1.0355713,-3.8644288,-4.064429,-5.8644285,-5.564429,-4.964429,-6.2644286,-6.3644285,-6.3644285
0.03557129,-1.5644287,-2.0644288,-1.6644287,-2.3644288,-8.164429,-8.164429,-5.8644285,0.73557127,2.3355713,-1.1644287,-0.8644287,-4.464429,-3.3644288,-1.3644288,1.4355713,1.9355713,-3.3644288,-3.4644287,-4.6644287,-4.964429,-7.8644285,-8.464429,-8.164429,-8.3644285,-7.7644286,-6.064429,-5.2644286,-3.9644287,-2.3644288,-2.4644287,-0.8644287,1.2355713,3.6355712,4.035571,6.035571,7.435571,5.435571,3.7355714,4.035571,4.6355715,6.2355714,7.035571,6.935571,7.3355713,6.035571,-0.06442871,-0.3644287,-1.0644287,0.2355713,-2.4644287,-3.6644287,-2.3644288,-4.964429,-6.064429,-5.064429,-5.564429,-5.2644286
-0.3644287,-0.16442871,-0.2644287,1.5355713,-1.5644287,-1.9644287,0.03557129,0.6355713,0.73557127,0.73557127,-3.8644288,-3.2644286,-3.6644287,-4.3644285,-4.464429,0.9355713,2.3355713,-0.46442872,1.1355712,0.3355713,-2.1644287,-8.464429,-9.564428,-9.264429,-8.8644285,-7.964429,-7.564429,-6.3644285,-4.464429,-4.064429,-3.4644287,-2.9644287,-0.5644287,1.3355713,2.9355712,4.435571,5.1355715,4.435571,3.4355712,4.035571,4.035571,3.8355713,4.535571,4.035571,2.9355712,4.8355713,0.8355713,-1.1644287,0.73557127,-5.064429,-2.6644287,-4.064429,-4.064429,-3.7644286,-3.8644288,-4.3644285,-4.1644287,-4.2644286
-1.3644288,-0.06442871,-1.1644287,1.1355712,-0.8644287,-0.5644287,-5.2644286,-3.0644288,-3.7644286,-0.2644287,-8.564428,-5.7644286,-0.8644287,-8.164429,-5.964429,-1.2644287,2.3355713,-0.46442872,1.1355712,-1.1644287,1.2355713,-6.064429,-5.564429,-5.6644287,-10.464429,-7.964429,-7.064429,-7.1644287,-6.964429,-6.964429,-5.064429,-4.064429,-1.1644287,-0.5644287,0.5355713,3.0355713,1.7355713,2.0355713,2.4355712,2.6355712,1.7355713,0.2355713,0.2355713,1.0355713,1.9355713,2.0355713,0.13557129,-0.6644287,-0.2644287,-2.2644286,-3.9644287,-5.8644285,-4.2644286,-3.4644287,-2.6644287,-3.1644287,-2.9644287,-3.0644288
0.03557129,-3.0644288,0.03557129,0.03557129,0.2355713,0.9355713,-0.9644287,-4.564429,-6.3644285,-6.964429,1.8355713,-6.7644286,-7.2644286,1.1355712,-1.8644288,-4.7644286,-4.8644285,-4.964429,-0.16442871,1.4355713,-0.06442871,0.43557128,-0.2644287,-1.6644287,-0.06442871,-2.4644287,-3.0644288,-6.1644287,-6.964429,-8.264429,-7.464429,-6.064429,-2.1644287,-3.0644288,-1.3644288,-3.3644288,-0.3644287,-2.9644287,-0.76442873,-1.7644287,-2.1644287,-2.3644288,-1.5644287,-0.2644287,0.03557129,0.5355713,-0.9644287,-0.6644287,-2.5644288,-2.1644287,-4.8644285,-0.8644287,-5.8644285,-4.3644285,-4.064429,-3.0644288,-3.2644286,-3.3644288
-2.7644286,-2.6644287,-1.9644287,-2.9644287,-6.464429,-8.264429,-0.16442871,-4.964429,-6.964429,-9.264429,-10.964429,-9.164429,-9.064428,-7.6644287,-6.6644287,-6.3644285,-9.564428,-6.964429,-9.564428,-0.2644287,-0.76442873,-0.5644287,-0.76442873,-1.5644287,0.3355713,0.13557129,-0.46442872,-3.5644288,-1.1644287,-9.3644285,-6.3644285,-7.464429,-3.4644287,-1.8644288,-1.3644288,0.2355713,-1.2644287,-0.16442871,-0.6644287,-3.2644286,-4.964429,-4.064429,-2.8644288,-2.9644287,-2.0644288,-2.0644288,-2.9644287,-2.6644287,-3.1644287,-3.2644286,-5.6644287,-0.06442871,-5.464429,-4.564429,-5.6644287,-3.4644287,-2.8644288,-2.6644287
-9.8644285,-8.964429,-9.064428,-5.964429,-2.6644287,-10.064428,-8.8644285,-7.2644286,-8.764429,-10.8644285,-11.164429,-10.664429,-8.464429,-9.764429,-9.764429,-9.164429,-9.164429,-9.964429,-8.3644285,-6.064429,-4.3644285,-3.1644287,-0.16442871,-0.5644287,-0.46442872,-0.46442872,0.2355713,-0.2644287,0.3355713,0.2355713,-6.6644287,-9.964429,-6.6644287,-4.064429,-4.2644286,-1.0644287,-1.9644287,-0.46442872,-4.6644287,-5.2644286,-5.8644285,-4.064429,-5.7644286,-4.8644285,-5.464429,-4.7644286,-4.1644287,-3.6644287,-4.3644285,-4.064429,-3.7644286,-4.2644286,-3.7644286,-4.464429,-3.2644286,-3.7644286,-2.5644288,-1.3644288
-11.164429,-13.8644285,-14.464429,-16.464428,-12.764429,-11.964429,-9.564428,-7.6644287,-10.464429,-13.564428,-11.764429,-9.3644285,-9.964429,-7.564429,-11.164429,-10.964429,-10.8644285,-9.3644285,-8.964429,-6.464429,-2.7644286,0.03557129,-2.0644288,-0.46442872,-0.2644287,-0.76442873,-0.6644287,-0.16442871,-0.8644287,-0.6644287,-2.0644288,0.5355713,-6.8644285,-7.6644287,-3.6644287,-3.5644288,-3.7644286,-4.3644285,-6.1644287,-2.0644288,-3.2644286,-5.6644287,-6.064429,-7.064429,-7.564429,-7.2644286,-5.964429,-5.8644285,-5.064429,-3.8644288,-4.064429,-4.7644286,-4.2644286,-4.7644286,-5.6644287,-3.6644287,-3.0644288,-2.9644287
-10.764429,-13.8644285,-12.664429,-11.964429,-10.664429,-9.164429,-7.2644286,-6.1644287,-4.064429,-11.964429,-14.264429,-10.464429,-9.3644285,-11.164429,-11.264429,-11.564428,-11.164429,-11.8644285,-10.764429,-9.3644285,-9.264429,-3.6644287,-6.3644285,-2.3644288,-3.0644288,-5.564429,-8.764429,-7.064429,-4.7644286,-0.16442871,-1.5644287,0.2355713,-2.9644287,-9.464429,-8.264429,-6.6644287,-5.564429,-6.6644287,-6.3644285,-5.7644286,-4.564429,-0.76442873,-3.9644287,-8.264429,-9.164429,-8.264429,-8.3644285,-9.264429,-7.7644286,-5.3644285,-4.6644287,-4.064429,-4.6644287,-3.7644286,-3.3644288,-3.1644287,-0.46442872,-1.3644288
-4.964429,-14.264429,-10.164429,-8.964429,-6.2644286,-4.564429,-3.4644287,-2.4644287,-3.6644287,-10.3644285,-9.8644285,-8.764429,-9.664429,-11.3644285,-12.264429,-12.264429,-11.264429,-11.964429,-11.464429,-11.764429,-11.464429,-10.964429,-8.764429,-9.464429,-9.464429,-9.064428,-9.164429,-7.1644287,-8.064428,-7.2644286,-1.9644287,-0.46442872,-4.7644286,-5.564429,-9.964429,-7.3644285,-5.564429,-4.964429,-6.064429,-6.8644285,-6.064429,-5.064429,-5.964429,-2.8644288,-6.3644285,-8.664429,-8.464429,-9.064428,-10.064428,-10.064428,-8.664429,-7.064429,-3.8644288,-4.6644287,-2.0644288,-4.7644286,-1.6644287,-0.06442871
-8.964429,-4.7644286,-8.964429,-11.964429,-10.164429,-6.564429,-1.2644287,3.3355713,-1.0644287,-2.9644287,-1.9644287,-7.2644286,-9.664429,-11.164429,-11.964429,-12.3644285,-12.164429,-12.164429,-12.264429,-11.564428,-11.464429,-11.164429,-11.8644285,-12.564428,-12.8644285,-10.8644285,-9.964429,-8.664429,-9.8644285,-11.164429,-10.964429,-1.8644288,0.3355713,-3.2644286,-3.4644287,-6.7644286,-5.2644286,-4.6644287,-5.2644286,-6.964429,-6.6644287,-6.7644286,-7.464429,-5.6644287,-8.264429,-2.6644287,-8.164429,-9.264429,-10.764429,-9.964429,-10.3644285,-8.164429,-8.664429,-5.3644285,-4.064429,-2.5644288,0.03557129,-2.1644287
