nws-json/uv2019082106.f000.json
{"header": { "discipline":0, "disciplineName":"Meteorological products", "gribEdition":2, "gribLength":55676, "center":7, "centerName":"US National Weather Service - NCEP(WMC)", "subcenter":0, "refTime":"2019-08-21T06:00:00.000Z", "significanceOfRT":1, "significanceOfRTName":"Start of forecast", "productStatus":0, "productStatusName":"Operational products", "productType":1, "productTypeName":"Forecast products", "productDefinitionTemplate":0, "productDefinitionTemplateName":"Analysis/forecast at horizontal level/layer at a point in time", "parameterCategory":2, "parameterCategoryName":"Momentum", "parameterNumber":3, "parameterNumberName":"V-component_of_wind", "parameterUnit":"m.s-1", "genProcessType":2, "genProcessTypeName":"Forecast", "forecastTime":0, "surface1Type":220, "surface1TypeName":"Planetary Boundary Layer", "surface1Value":0.0, "surface2Type":255, "surface2TypeName":"Missing", "surface2Value":0.0, "gridDefinitionTemplate":0, "gridDefinitionTemplateName":"Latitude_Longitude", "numberPoints":65160, "shape":6, "shapeName":"Earth spherical with radius of 6,371,229.0 m", "gridUnits":"degrees", "resolution":48, "winds":"true", "scanMode":0, "nx":360, "ny":181, "basicAngle":0, "lo1":0.0, "la1":90.0, "lo2":359.0, "la2":-90.0, "dx":1.0, "dy":1.0 }, "data":
[rows 0 to 25 of 181, columns 0 to 57 of 360]
2.1375916,2.1375916,2.1375916,2.2375915,2.2375915,2.2375915,2.3375916,2.3375916,2.3375916,2.3375916,2.3375916,2.4375916,2.4375916,2.4375916,2.4375916,2.4375916,2.5375915,2.5375915,2.5375915,2.5375915,2.5375915,2.5375915,2.6375916,2.6375916,2.6375916,2.6375916,2.6375916,2.6375916,2.6375916,2.6375916,2.6375916,2.6375916,2.7375915,2.7375915,2.7375915,2.7375915,2.7375915,2.7375915,2.7375915,2.7375915,2.7375915,2.7375915,2.7375915,2.7375915,2.7375915,2.6375916,2.6375916,2.6375916,2.6375916,2.6375916,2.6375916,2.6375916,2.6375916,2.6375916,2.6375916,2.5375915,2.5375915,2.5375915
2.0375915,2.0375915,1.9375916,1.9375916,1.8375915,1.8375915,1.7375915,1.7375915,1.6375916,1.6375916,1.2375915,1.2375915,1.1375916,1.1375916,1.0375916,1.0375916,0.93759155,1.1375916,1.0375916,1.0375916,0.93759155,0.93759155,0.8375915,0.8375915,0.8375915,0.8375915,0.73759156,0.73759156,0.73759156,0.5375916,0.5375916,0.5375916,0.43759155,0.43759155,0.43759155,0.43759155,0.43759155,0.43759155,0.43759155,0.43759155,0.5375916,0.5375916,0.43759155,0.43759155,0.43759155,0.43759155,0.43759155,0.43759155,0.43759155,0.43759155,0.43759155,0.33759156,0.33759156,0.33759156,0.33759156,0.43759155,0.5375916,0.5375916
2.3375916,2.3375916,2.2375915,2.1375916,1.9375916,1.7375915,1.5375916,1.0375916,0.8375915,0.5375916,0.43759155,0.23759155,0.13759156,0.037591554,-0.062408447,-0.062408447,-0.26240844,-0.36240846,-0.46240845,-0.6624085,-0.86240846,-0.9624084,-1.3624084,-1.6624085,-1.8624084,-1.9624084,-2.1624084,-2.2624085,-2.3624084,-2.5624084,-2.5624084,-2.6624084,-2.6624084,-2.7624085,-2.8624084,-2.9624085,-3.0624084,-3.0624084,-3.1624084,-3.1624084,-3.1624084,-3.3624084,-3.4624085,-3.4624085,-3.6624084,-3.6624084,-3.7624085,-3.7624085,-3.7624085,-3.7624085,-3.7624085,-3.6624084,-3.5624084,-3.4624085,-3.4624085,-3.3624084,-3.2624085,-3.0624084
2.0375915,1.8375915,1.6375916,1.3375915,0.8375915,0.63759154,0.13759156,-0.26240844,-0.6624085,-1.1624085,-1.1624085,-1.3624084,-1.9624084,-2.3624084,-2.5624084,-2.7624085,-2.9624085,-3.1624084,-3.5624084,-3.7624085,-3.9624085,-4.3624086,-4.5624084,-4.8624086,-5.0624084,-5.5624084,-5.8624086,-6.0624084,-6.2624083,-6.5624084,-6.8624086,-7.0624084,-7.2624083,-7.3624086,-7.4624085,-7.5624084,-7.5624084,-7.4624085,-7.4624085,-7.2624083,-7.1624084,-7.1624084,-7.0624084,-6.9624085,-6.5624084,-6.4624085,-6.1624084,-5.9624085,-5.7624083,-5.5624084,-5.5624084,-5.3624086,-5.0624084,-4.9624085,-4.7624083,-4.5624084,-4.3624086,-4.1624084
1.5375916,1.0375916,0.5375916,-0.062408447,-0.56240845,-1.0624084,-1.4624084,-2.2624085,-2.6624084,-2.9624085,-3.3624084,-3.7624085,-4.0624084,-4.2624083,-4.8624086,-5.2624083,-5.6624084,-6.1624084,-6.4624085,-7.0624084,-7.4624085,-7.8624086,-8.262408,-8.862409,-9.162409,-9.562408,-9.862409,-10.162409,-10.362409,-10.562408,-10.662409,-10.862409,-10.962408,-11.162409,-11.262408,-11.362409,-11.462408,-11.362409,-11.362409,-11.162409,-10.962408,-10.562408,-9.962408,-9.262408,-8.662409,-7.9624085,-7.4624085,-7.0624084,-6.8624086,-6.6624084,-6.4624085,-6.2624083,-5.9624085,-5.6624084,-5.2624083,-4.8624086,-4.2624083,-3.6624084
0.33759156,-0.062408447,-0.6624085,-1.3624084,-1.9624084,-2.4624085,-3.1624084,-3.4624085,-3.7624085,-4.0624084,-4.7624083,-5.2624083,-6.0624084,-6.5624084,-7.1624084,-7.6624084,-8.062408,-8.862409,-9.362409,-9.862409,-10.362409,-10.762408,-11.262408,-11.662409,-11.962408,-12.262408,-12.562408,-12.962408,-13.062408,-13.262408,-13.162409,-13.062408,-12.762408,-12.362409,-12.162409,-11.962408,-11.762408,-11.762408,-11.562408,-11.262408,-10.762408,-9.962408,-9.062408,-8.262408,-7.4624085,-6.7624083,-6.0624084,-5.2624083,-4.4624085,-3.5624084,-2.5624084,-2.0624084,-1.5624084,-1.1624085,-0.76240844,-0.062408447,0.63759154,1.2375915
-1.6624085,-1.9624084,-2.1624084,-2.2624085,-2.5624084,-2.9624085,-3.6624084,-4.0624084,-4.6624084,-5.3624086,-6.1624084,-7.0624084,-7.7624083,-8.562408,-9.062408,-9.662409,-10.362409,-10.862409,-11.362409,-11.862409,-12.462408,-12.862409,-13.262408,-13.662409,-14.062408,-14.362409,-14.562408,-14.462408,-14.362409,-14.262408,-14.162409,-14.062408,-13.762408,-12.962408,-12.462408,-11.862409,-11.362409,-10.662409,-9.962408,-8.962408,-7.7624083,-6.5624084,-5.1624084,-3.9624085,-2.9624085,-2.0624084,-1.2624085,-0.46240845,0.43759155,1.5375916,2.9375916,4.2375917,4.9375916,5.5375915,5.9375916,6.3375916,7.0375915,8.037592
-1.1624085,-1.3624084,-1.5624084,-1.9624084,-2.6624084,-3.2624085,-4.4624085,-5.1624084,-6.2624083,-6.8624086,-7.5624084,-8.762408,-9.362409,-10.262408,-10.762408,-11.162409,-11.662409,-12.462408,-12.662409,-13.262408,-13.562408,-13.862409,-14.162409,-14.562408,-14.962408,-15.262408,-15.362409,-15.262408,-14.962408,-14.762408,-14.562408,-14.162409,-13.362409,-12.662409,-11.262408,-9.562408,-8.262408,-7.1624084,-5.8624086,-4.7624083,-3.1624084,-1.3624084,0.13759156,1.1375916,1.8375915,2.4375916,2.7375915,2.7375915,3.4375916,4.1375914,5.9375916,7.7375917,8.337591,8.837591,9.237592,9.637591,9.737592,9.737592
-0.6624085,-0.9624084,-1.6624085,-2.4624085,-3.5624084,-4.7624083,-5.4624085,-6.6624084,-7.4624085,-8.662409,-9.362409,-9.962408,-10.862409,-11.162409,-11.562408,-12.062408,-12.862409,-13.262408,-13.862409,-14.362409,-14.762408,-15.062408,-15.462408,-15.762408,-15.562408,-15.662409,-15.662409,-15.362409,-14.862409,-13.962408,-13.162409,-11.862409,-10.662409,-9.262408,-8.462408,-6.8624086,-4.9624085,-2.4624085,0.23759155,1.8375915,2.7375915,3.5375915,4.1375914,4.7375917,6.7375917,7.7375917,8.337591,9.037592,9.737592,9.837591,10.237592,11.437592,12.637591,13.837591,14.237592,14.637591,12.637591,10.037592
-1.5624084,-2.0624084,-2.7624085,-3.1624084,-4.2624083,-4.6624084,-6.0624084,-6.4624085,-7.8624086,-8.362409,-9.462408,-9.562408,-9.662409,-9.962408,-11.062408,-11.562408,-12.262408,-13.062408,-13.662409,-14.362409,-14.962408,-15.062408,-15.062408,-14.762408,-15.262408,-14.362409,-13.762408,-13.062408,-11.862409,-10.762408,-9.462408,-8.462408,-6.5624084,-5.0624084,-3.6624084,-0.16240844,2.6375916,3.7375915,4.4375916,5.1375914,5.5375915,6.7375917,7.5375915,8.537592,9.137591,9.637591,8.737592,7.7375917,10.137591,9.737592,6.7375917,7.8375916,10.537592,12.237592,12.537592,10.537592,9.837591,10.237592
-2.7624085,-3.2624085,-4.2624083,-5.1624084,-6.1624084,-7.0624084,-7.9624085,-8.262408,-8.462408,-8.362409,-8.362409,-7.6624084,-5.9624085,-5.7624083,-5.9624085,-5.6624084,-4.6624084,-5.3624086,-7.8624086,-8.962408,-8.062408,-10.162409,-10.762408,-8.562408,-9.362409,-11.662409,-13.462408,-15.062408,-14.662409,-12.362409,-9.562408,-6.3624086,-4.5624084,-1.9624084,1.0375916,1.6375916,2.6375916,4.6375914,5.8375916,6.5375915,7.4375916,8.437592,9.337591,9.737592,9.937592,10.537592,10.737592,10.837591,10.237592,10.737592,10.937592,7.9375916,10.237592,10.037592,10.337591,11.037592,9.737592,10.437592
-4.8624086,-6.4624085,-7.6624084,-8.662409,-9.762408,-10.962408,-12.162409,-13.662409,-15.162409,-16.76241,-11.662409,-5.2624083,-2.2624085,-3.6624084,-9.062408,-7.3624086,-7.5624084,-5.8624086,-3.3624084,-3.4624085,-11.162409,-14.162409,-12.862409,-11.362409,-9.762408,-5.6624084,-3.0624084,-6.5624084,-9.562408,-9.362409,-7.6624084,-6.1624084,-4.3624086,-1.2624085,0.23759155,1.9375916,4.1375914,5.5375915,6.6375914,8.437592,9.737592,10.137591,10.437592,11.337591,11.637591,12.237592,12.737592,13.137591,13.037592,12.137591,11.937592,11.737592,11.637591,11.537592,11.337591,11.237592,12.137591,13.937592
-6.6624084,-7.6624084,-8.562408,-9.562408,-10.562408,-11.662409,-12.962408,-14.162409,-15.562408,-13.662409,-9.662409,-3.8624084,-2.0624084,-4.7624083,-4.4624085,-4.6624084,-3.0624084,-1.5624084,-1.0624084,-3.6624084,-9.762408,-4.3624086,-4.0624084,-10.362409,-12.862409,-12.962408,-11.962408,-11.562408,-9.862409,-7.9624085,-6.4624085,-3.0624084,-0.76240844,0.5375916,1.4375916,3.5375915,6.2375917,9.037592,10.737592,11.337591,12.637591,13.037592,13.037592,13.237592,13.137591,13.037592,12.837591,12.837591,12.637591,12.537592,11.537592,11.437592,11.437592,11.137591,10.737592,10.637591,11.037592,11.537592
-6.3624086,-7.2624083,-8.162409,-8.962408,-9.662409,-10.562408,-11.462408,-12.362409,-13.562408,-12.462408,-10.462408,-8.462408,-6.2624083,-4.4624085,-3.4624085,-2.1624084,0.13759156,0.037591554,0.93759155,-3.9624085,-7.0624084,-4.9624085,-2.6624084,-0.86240846,-0.36240846,-4.3624086,-8.362409,-8.162409,-7.0624084,-5.5624084,-3.5624084,-1.7624085,-0.6624085,0.63759154,1.6375916,4.3375916,7.0375915,9.737592,11.637591,12.437592,12.537592,12.837591,12.737592,12.937592,12.637591,12.337591,12.037592,11.737592,10.737592,11.037592,10.737592,10.237592,9.737592,9.437592,9.137591,8.537592,10.437592,11.637591
-5.8624086,-6.3624086,-6.9624085,-7.5624084,-8.162409,-8.462408,-8.762408,-8.962408,-9.062408,-8.962408,-8.462408,-7.6624084,-6.6624084,-5.5624084,-4.5624084,-3.5624084,-2.8624084,-2.6624084,-1.7624085,-0.86240846,-0.46240845,-0.16240844,-0.26240844,-1.1624085,-1.1624085,-1.5624084,-1.0624084,-0.6624085,-1.0624084,-0.9624084,-0.6624085,-0.062408447,0.73759156,2.2375915,3.8375916,5.7375917,7.3375916,8.137591,8.937592,10.237592,11.137591,11.137591,11.037592,11.037592,11.137591,10.837591,10.437592,9.837591,9.837591,8.837591,8.237592,7.5375915,7.4375916,7.5375915,7.7375917,9.337591,10.337591,9.137591
-5.4624085,-4.9624085,-4.9624085,-5.2624083,-5.8624086,-6.1624084,-6.0624084,-5.8624086,-5.8624086,-5.7624083,-5.5624084,-5.1624084,-4.8624086,-4.5624084,-4.0624084,-3.4624085,-2.8624084,-2.2624085,-1.9624084,-1.4624084,-0.9624084,-0.76240844,-0.26240844,0.23759155,0.93759155,1.7375915,1.8375915,1.0375916,0.63759154,0.8375915,1.4375916,2.1375916,2.9375916,3.6375916,4.2375917,4.7375917,5.3375916,6.0375915,6.9375916,7.4375916,7.3375916,7.5375915,8.337591,8.637591,8.337591,7.7375917,7.2375917,7.1375914,7.0375915,6.1375914,5.2375917,4.7375917,5.0375915,5.0375915,7.5375915,8.837591,5.3375916,1.8375915
-3.8624084,-1.9624084,-4.1624084,-4.8624086,-4.6624084,-4.6624084,-4.4624085,-4.3624086,-4.2624083,-4.1624084,-4.2624083,-4.1624084,-3.9624085,-3.7624085,-3.3624084,-3.0624084,-2.8624084,-2.2624085,-2.0624084,-1.7624085,-1.3624084,-0.9624084,-0.56240845,-0.16240844,0.33759156,0.8375915,1.1375916,1.6375916,1.9375916,2.2375915,2.6375916,3.0375915,3.0375915,2.7375915,2.8375916,3.4375916,4.1375914,4.5375915,4.8375916,5.2375917,5.7375917,6.1375914,6.3375916,5.8375916,5.4375916,4.7375917,4.8375916,4.3375916,3.6375916,2.8375916,3.4375916,4.0375915,3.7375915,6.5375915,6.4375916,2.5375915,0.93759155,0.73759156
-6.3624086,-5.6624084,-4.9624085,-5.6624084,-5.8624086,-5.4624085,-5.4624085,-5.3624086,-4.4624085,-4.3624086,-4.4624085,-4.3624086,-4.3624086,-4.3624086,-4.4624085,-3.9624085,-3.4624085,-2.9624085,-2.4624085,-1.9624084,-1.0624084,-0.16240844,0.5375916,0.93759155,0.8375915,1.3375915,2.0375915,2.6375916,2.5375915,1.7375915,1.2375915,1.1375916,1.4375916,1.8375915,2.1375916,2.9375916,3.6375916,4.1375914,4.6375914,4.9375916,4.7375917,3.8375916,2.8375916,1.3375915,0.23759155,0.5375916,1.1375916,2.2375915,2.5375915,2.3375916,2.1375916,3.4375916,5.6375914,5.0375915,1.9375916,1.9375916,1.4375916,5.2375917
-5.0624084,-6.1624084,-6.2624083,-5.8624086,-4.5624084,-4.8624086,-4.4624085,-4.4624085,-4.3624086,-3.9624085,-3.7624085,-3.8624084,-3.7624085,-3.5624084,-2.8624084,-2.2624085,-1.7624085,-1.1624085,-0.56240845,0.037591554,1.4375916,1.6375916,1.5375916,1.9375916,1.9375916,1.8375915,1.8375915,2.1375916,2.3375916,2.5375915,2.1375916,1.6375916,1.5375916,1.2375915,1.3375915,1.8375915,2.3375916,1.9375916,0.93759155,-0.46240845,-1.3624084,-1.2624085,-0.36240846,-0.16240844,-0.16240844,0.13759156,1.9375916,2.2375915,1.7375915,1.7375915,2.1375916,2.9375916,3.9375916,2.8375916,3.6375916,4.3375916,7.6375914,9.537592
-7.8624086,-7.5624084,-7.4624085,-7.0624084,-2.4624085,-0.9624084,-0.56240845,-1.1624085,-1.7624085,-2.0624084,-2.0624084,-1.9624084,-1.5624084,-0.76240844,-0.36240846,0.13759156,1.0375916,1.0375916,0.93759155,0.8375915,0.73759156,0.33759156,-0.062408447,0.13759156,0.037591554,-0.36240846,-0.56240845,0.037591554,0.8375915,0.037591554,-0.76240844,-1.8624084,-2.4624085,-2.0624084,-2.8624084,-3.6624084,-0.062408447,1.8375915,1.4375916,1.7375915,1.0375916,0.93759155,1.3375915,2.0375915,2.9375916,2.9375916,2.4375916,2.2375915,2.3375916,2.9375916,2.3375916,0.43759155,-0.56240845,1.4375916,5.3375916,7.2375917,8.937592,8.337591
-7.6624084,-6.5624084,-4.3624086,-2.7624085,-2.2624085,2.2375915,0.33759156,-1.2624085,-3.2624085,-3.9624085,-4.9624085,-4.9624085,-1.2624085,4.4375916,6.4375916,4.3375916,2.7375915,1.2375915,1.0375916,1.6375916,1.3375915,-1.2624085,1.3375915,1.0375916,1.4375916,1.4375916,1.3375915,0.13759156,1.0375916,2.0375915,-0.062408447,-2.0624084,-3.1624084,-1.6624085,1.6375916,3.1375916,2.9375916,2.8375916,2.4375916,1.9375916,1.3375915,2.0375915,2.2375915,2.6375916,2.9375916,3.1375916,2.6375916,2.7375915,3.5375915,2.6375916,0.73759156,-0.062408447,-0.36240846,2.3375916,6.4375916,8.437592,9.537592,10.537592
-6.5624084,-6.4624085,-6.0624084,-5.2624083,-4.4624085,-1.5624084,-2.9624085,-5.7624083,-6.7624083,-7.7624083,-5.3624086,0.23759155,3.2375915,11.537592,13.037592,5.7375917,6.2375917,4.6375914,1.1375916,1.5375916,1.5375916,1.7375915,1.5375916,1.9375916,3.2375915,3.2375915,3.2375915,3.1375916,3.9375916,3.8375916,3.7375915,3.8375916,4.2375917,3.8375916,4.4375916,5.0375915,5.4375916,2.4375916,2.7375915,1.5375916,1.3375915,1.0375916,1.4375916,3.1375916,4.2375917,2.5375915,0.93759155,1.4375916,1.9375916,1.2375915,1.5375916,0.93759155,0.93759155,5.5375915,6.8375916,7.9375916,8.037592,9.437592
-5.4624085,-5.5624084,-7.1624084,-7.4624085,-5.3624086,-4.4624085,-5.8624086,-5.6624084,-5.3624086,-7.0624084,-3.2624085,2.8375916,11.837591,13.737592,15.137591,9.837591,2.6375916,1.0375916,0.43759155,0.63759154,1.0375916,2.9375916,5.0375915,5.0375915,4.3375916,4.3375916,4.6375914,5.0375915,4.4375916,4.1375914,3.8375916,3.5375915,5.6375914,5.6375914,4.7375917,3.3375916,7.0375915,6.1375914,6.2375917,5.5375915,3.3375916,1.7375915,0.63759154,1.5375916,2.8375916,1.8375915,1.1375916,2.4375916,2.2375915,0.5375916,-0.46240845,-0.9624084,4.9375916,7.2375917,8.137591,8.737592,10.137591,11.037592
-7.0624084,-7.6624084,-7.3624086,-5.2624083,-4.9624085,-5.3624086,-4.7624083,-3.3624084,-0.9624084,0.93759155,1.3375915,4.0375915,9.137591,13.837591,3.6375916,6.8375916,2.7375915,1.3375915,0.93759155,1.6375916,3.4375916,3.4375916,2.8375916,4.3375916,5.1375914,5.9375916,6.2375917,5.2375917,4.6375914,3.8375916,3.2375915,3.1375916,2.9375916,2.4375916,3.9375916,4.5375915,4.3375916,4.7375917,4.1375914,3.6375916,2.8375916,2.4375916,5.0375915,3.5375915,2.3375916,1.5375916,1.1375916,0.43759155,-0.062408447,-0.56240845,1.1375916,4.4375916,6.2375917,8.837591,8.537592,9.037592,10.237592,12.037592
-8.062408,-6.9624085,-5.2624083,-5.9624085,-5.0624084,-3.0624084,-1.7624085,-1.2624085,-0.76240844,-0.062408447,1.8375915,5.8375916,14.137591,6.8375916,3.5375915,5.0375915,1.5375916,1.4375916,2.5375915,1.3375915,0.43759155,0.63759154,1.5375916,3.8375916,5.2375917,7.7375917,6.2375917,5.5375915,5.1375914,5.2375917,4.7375917,4.0375915,4.4375916,4.3375916,3.9375916,4.0375915,3.4375916,2.8375916,1.9375916,2.5375915,3.4375916,2.9375916,2.5375915,2.3375916,1.7375915,0.33759156,-0.46240845,-0.46240845,-1.5624084,0.13759156,2.3375916,5.1375914,7.0375915,7.5375915,7.6375914,8.537592,10.137591,11.337591
-4.1624084,-6.1624084,-3.4624085,-1.3624084,-4.4624085,1.4375916,0.13759156,1.3375915,4.9375916,6.8375916,7.5375915,9.637591,6.2375917,5.5375915,3.3375916,1.5375916,1.4375916,1.3375915,-0.6624085,-0.76240844,-0.76240844,-1.1624085,1.6375916,6.0375915,11.137591,7.7375917,6.1375914,6.5375915,6.5375915,5.9375916,5.8375916,5.4375916,5.1375914,4.7375917,3.7375915,2.6375916,3.1375916,3.4375916,2.1375916,2.4375916,1.6375916,2.3375916,2.4375916,1.6375916,1.3375915,0.13759156,-1.0624084,-1.8624084,-1.1624085,2.3375916,4.0375915,6.4375916,7.4375916,6.9375916,8.737592,8.437592,8.937592,10.037592
