nws-json/uv_20190820_12.f000.json
{"header": { "discipline":0, "disciplineName":"Meteorological products", "gribEdition":2, "gribLength":55569, "center":7, "centerName":"US National Weather Service - NCEP(WMC)", "subcenter":0, "refTime":"2019-08-20T12:00:00.000Z", "significanceOfRT":1, "significanceOfRTName":"Start of forecast", "productStatus":0, "productStatusName":"Operational products", "productType":1, "productTypeName":"Forecast products", "productDefinitionTemplate":0, "productDefinitionTemplateName":"Analysis/forecast at horizontal level/layer at a point in time", "parameterCategory":2, "parameterCategoryName":"Momentum", "parameterNumber":3, "parameterNumberName":"V-component_of_wind", "parameterUnit":"m.s-1", "genProcessType":2, "genProcessTypeName":"Forecast", "forecastTime":0, "surface1Type":220, "surface1TypeName":"Planetary Boundary Layer", "surface1Value":0.0, "surface2Type":255, "surface2TypeName":"Missing", "surface2Value":0.0, "gridDefinitionTemplate":0, "gridDefinitionTemplateName":"Latitude_Longitude", "numberPoints":65160, "shape":6, "shapeName":"Earth spherical with radius of 6,371,229.0 m", "gridUnits":"degrees", "resolution":48, "winds":"true", "scanMode":0, "nx":360, "ny":181, "basicAngle":0, "lo1":0.0, "la1":90.0, "lo2":359.0, "la2":-90.0, "dx":1.0, "dy":1.0 }, "data":
[rows 130 to 155 of 181, columns 236 to 294 of 360]
11.408676,12.108676,12.708676,13.508677,16.208675,9.108676,5.508676,4.7086763,0.60867614,1.4086761,0.10867615,-0.19132385,-0.19132385,0.60867614,0.40867615,0.20867614,1.4086761,2.008676,3.8086762,5.7086763,6.2086763,5.7086763,4.8086762,6.408676,5.7086763,5.608676,5.908676,4.408676,3.208676,2.4086761,-0.09132385,-0.89132386,-0.59132385,1.4086761,-0.19132385,-3.5913239,-7.391324,-9.791324,-10.891324,-10.091324,-8.791324,-9.891324,-12.091324,-17.091324,-19.791325,-20.091324,-18.991323,-15.391324,-11.591324,-7.7913237,-4.6913238,0.60867614,-0.9913238,0.70867616,-6.491324,-3.491324,-2.8913238,0.008676147,-2.0913239
11.008677,11.408676,12.108676,13.008677,13.508677,13.908676,12.108676,7.608676,5.2086763,3.6086762,2.508676,1.6086762,0.30867615,-0.9913238,-1.7913239,-1.3913238,0.008676147,1.6086762,2.508676,5.108676,5.908676,5.408676,4.908676,5.608676,5.8086762,5.8086762,5.8086762,6.508676,3.708676,1.2086761,-0.39132386,-0.9913238,-0.6913239,-0.29132384,-2.791324,-4.7913237,-7.591324,-9.591324,-9.591324,-8.591324,-10.891324,-11.191324,-15.791324,-18.191324,-21.191324,-20.591324,-17.991323,-16.391323,-12.391324,-5.2913237,-0.19132385,-0.09132385,-0.59132385,-2.291324,-4.991324,-2.991324,-2.291324,0.60867614,0.40867615
10.008677,10.408676,11.208676,11.908676,12.408676,12.508677,11.608676,11.508677,10.708676,9.108676,8.108676,4.608676,3.6086762,0.90867615,-0.19132385,-1.5913239,-0.9913238,0.20867614,1.9086761,3.8086762,4.108676,5.008676,4.608676,4.508676,5.408676,5.3086762,6.008676,6.908676,5.408676,2.508676,0.5086762,-1.6913239,-3.491324,-3.491324,-3.1913238,-6.7913237,-5.6913238,-7.6913238,-4.891324,-6.6913238,-4.7913237,-6.6913238,-9.491323,-15.591324,-16.191324,-18.991323,-18.391323,-14.891324,-11.391324,-5.2913237,-0.39132386,-0.29132384,1.3086761,0.60867614,-6.6913238,-3.791324,-1.2913239,-1.6913239,-1.8913238
8.508677,9.208676,9.808676,10.208676,11.108676,11.608676,11.908676,12.208676,11.908676,11.208676,9.808676,9.108676,7.608676,1.8086761,0.90867615,-0.29132384,-1.4913238,-1.2913239,1.1086762,2.708676,4.608676,4.608676,5.008676,2.708676,3.008676,4.908676,5.3086762,6.3086762,4.108676,2.4086761,-1.1913239,-3.3913238,-5.491324,-4.6913238,-7.391324,-9.191324,-8.391324,-3.1913238,-7.7913237,-4.491324,-8.891324,-8.491323,-10.391324,-13.791324,-16.191324,-16.491323,-14.891324,-13.191324,-9.691324,-4.7913237,-2.1913238,0.5086762,0.10867615,-0.59132385,-3.3913238,0.008676147,-1.0913239,-0.39132386,-0.09132385
7.108676,7.508676,7.7086763,8.308676,9.308676,9.508677,9.908676,10.408676,11.108676,11.108676,10.108676,8.908676,8.208676,7.408676,3.508676,-1.8913238,-2.491324,-2.3913238,-0.09132385,2.6086762,4.508676,5.108676,5.108676,2.708676,-0.19132385,2.508676,5.408676,4.008676,2.708676,2.4086761,-4.991324,-7.7913237,-7.2913237,-8.591324,-8.891324,-12.791324,-5.091324,-6.991324,-5.1913238,-6.7913237,-8.091324,-10.591324,-11.991323,-13.891324,-15.391324,-14.891324,-12.791324,-10.591324,-8.291324,-5.2913237,2.1086762,0.30867615,-0.49132386,-0.59132385,-4.2913237,-0.19132385,0.90867615,0.10867615,0.70867616
6.508676,6.608676,6.7086763,8.108676,7.508676,7.7086763,8.508677,9.208676,9.708676,10.408676,10.208676,8.908676,7.908676,7.7086763,7.908676,-1.9913238,-3.291324,-2.8913238,-1.0913239,1.8086761,4.608676,5.2086763,3.3086762,2.3086762,-3.291324,1.4086761,3.1086762,4.3086762,7.2086763,-2.491324,-9.391324,-9.891324,-9.591324,-12.591324,-8.091324,-10.091324,-8.091324,-7.2913237,-7.991324,-8.991323,-11.891324,-13.391324,-13.291324,-13.391324,-13.291324,-13.191324,-11.191324,-9.591324,-7.591324,-3.0913239,0.70867616,0.60867614,-0.39132386,-1.5913239,-0.79132384,-0.19132385,-0.6913239,1.2086761,-0.59132385
6.3086762,7.108676,6.8086762,7.2086763,6.8086762,7.608676,7.908676,8.408676,8.708676,9.408676,9.008677,8.208676,7.108676,8.008677,6.7086763,5.608676,-4.391324,-4.6913238,-2.1913238,0.90867615,4.608676,4.2086763,0.008676147,0.60867614,-4.6913238,-0.29132384,1.5086762,2.208676,2.508676,-0.79132384,-5.2913237,-5.091324,-9.991323,-11.791324,-8.891324,-7.591324,-6.7913237,-8.391324,-9.891324,-12.391324,-12.191324,-13.491323,-13.091324,-12.491323,-11.691324,-11.591324,-10.691324,-9.491323,-6.991324,-0.6913239,0.008676147,0.10867615,-0.9913238,-1.0913239,0.40867615,-0.19132385,-0.49132386,1.0086762,0.10867615
5.3086762,6.7086763,7.608676,8.008677,8.208676,7.8086762,8.008677,7.8086762,6.908676,8.208676,8.108676,3.6086762,4.008676,4.408676,5.008676,5.408676,0.40867615,-2.291324,-1.8913238,1.0086762,3.4086761,3.708676,-0.89132386,-5.391324,-6.1913238,-3.991324,-1.7913239,-1.1913239,-1.1913239,-1.8913238,-3.5913239,-3.8913238,-6.591324,-8.991323,-9.891324,-9.991323,-11.791324,-12.191324,-12.191324,-12.091324,-11.991323,-11.891324,-11.891324,-11.591324,-10.391324,-9.291324,-8.891324,-6.491324,-0.39132386,-4.2913237,-0.39132386,-1.3913238,-4.991324,-3.8913238,-2.3913238,-0.49132386,-0.39132386,0.60867614,1.7086761
5.3086762,5.7086763,6.908676,8.008677,8.908676,9.708676,9.708676,9.408676,7.7086763,9.108676,7.508676,4.608676,1.8086761,1.9086761,4.108676,4.2086763,2.208676,-2.291324,-0.49132386,1.6086762,2.008676,1.1086762,-5.391324,-7.891324,-7.491324,-5.891324,-3.291324,-1.1913239,-3.291324,-4.6913238,-5.391324,-6.591324,-8.691324,-9.891324,-10.891324,-12.791324,-13.991323,-13.691324,-12.491323,-10.591324,-10.691324,-10.491323,-10.291324,-10.191324,-9.991323,-9.991323,-8.891324,-6.991324,-5.591324,0.60867614,-0.6913239,-1.2913239,0.30867615,-4.091324,-2.3913238,-1.2913239,-2.491324,-0.49132386,1.2086761
4.8086762,5.508676,6.408676,7.3086762,9.208676,9.708676,10.308676,9.308676,10.508677,12.308676,7.408676,1.0086762,0.008676147,0.40867615,2.8086762,4.408676,0.90867615,1.4086761,1.1086762,-1.7913239,-2.991324,-4.391324,-8.491323,-9.991323,-8.391324,-6.391324,-3.991324,-3.8913238,-4.7913237,-5.991324,-7.2913237,-8.391324,-10.191324,-11.491323,-13.191324,-13.891324,-13.391324,-12.091324,-9.791324,-10.591324,-8.991323,-9.391324,-9.991323,-9.991323,-10.291324,-10.091324,-9.391324,-7.591324,-2.0913239,-0.9913238,-1.6913239,0.20867614,-4.591324,-3.491324,-2.491324,-3.6913238,-2.8913238,-0.89132386,-0.79132384
4.2086763,6.008676,6.2086763,6.908676,8.608676,9.908676,9.408676,8.008677,11.908676,12.008677,7.008676,-1.2913239,-1.2913239,0.60867614,2.508676,2.1086762,2.4086761,1.7086761,0.10867615,-5.491324,-6.991324,-9.491323,-11.291324,-9.791324,-8.891324,-6.391324,-5.2913237,-5.991324,-6.7913237,-7.1913238,-7.6913238,-10.391324,-12.091324,-11.991323,-13.391324,-12.491323,-11.291324,-10.091324,-9.091324,-8.491323,-7.891324,-8.391324,-9.191324,-9.391324,-9.491323,-9.491323,-9.091324,-6.1913238,-1.6913239,0.70867616,-0.9913238,-2.6913238,-2.991324,-5.391324,-4.2913237,-2.291324,-3.5913239,-1.8913238,-2.6913238
3.1086762,1.9086761,4.908676,7.008676,7.608676,9.008677,6.008676,6.3086762,10.308676,6.508676,4.2086763,0.40867615,0.20867614,1.9086761,3.4086761,4.108676,2.208676,0.008676147,-2.291324,-8.291324,-9.791324,-12.491323,-12.091324,-10.691324,-8.791324,-7.1913238,-7.6913238,-9.291324,-9.891324,-9.591324,-10.391324,-10.591324,-10.991323,-11.891324,-12.291324,-11.791324,-10.591324,-9.091324,-7.891324,-7.2913237,-7.591324,-8.191324,-8.591324,-8.891324,-9.591324,-9.991323,-9.391324,-7.2913237,-1.9913238,-0.49132386,-0.59132385,-2.991324,-0.39132386,-8.991323,-9.291324,-6.391324,-6.491324,-3.3913238,-2.6913238
0.8086761,1.4086761,3.508676,5.8086762,6.8086762,6.8086762,2.208676,4.7086763,6.7086763,5.608676,1.7086761,2.3086762,2.708676,5.108676,5.508676,2.1086762,-0.19132385,-2.991324,-6.091324,-9.191324,-10.991323,-11.991323,-11.691324,-10.191324,-9.191324,-7.491324,-9.391324,-10.691324,-11.691324,-11.491323,-10.991323,-10.091324,-10.591324,-10.791324,-10.391324,-9.991323,-8.991323,-7.991324,-7.391324,-7.1913238,-7.491324,-8.191324,-8.991323,-9.491323,-9.091324,-9.591324,-9.691324,-7.7913237,-4.6913238,-0.49132386,0.008676147,-1.8913238,1.3086761,-6.6913238,-7.1913238,-6.1913238,-7.6913238,-5.891324,-3.991324
-3.0913239,0.008676147,2.1086762,3.3086762,4.3086762,4.2086763,0.40867615,2.4086761,3.4086761,1.0086762,2.008676,0.40867615,3.508676,6.7086763,0.40867615,-1.1913239,-1.7913239,-4.391324,-4.1913238,-8.691324,-10.191324,-9.791324,-9.491323,-9.291324,-9.691324,-9.491323,-10.791324,-11.391324,-12.291324,-11.591324,-11.091324,-11.791324,-11.491323,-10.991323,-9.491323,-8.791324,-8.191324,-7.891324,-7.491324,-7.1913238,-7.491324,-8.091324,-8.791324,-9.291324,-9.691324,-8.991323,-8.391324,-7.491324,-5.891324,-5.591324,-1.0913239,-2.3913238,-1.0913239,0.008676147,-2.491324,-4.891324,-4.991324,-4.7913237,-3.791324
-5.091324,-1.2913239,1.3086761,2.008676,4.008676,2.208676,-2.5913239,0.008676147,0.5086762,-1.9913238,-0.6913239,1.1086762,5.408676,0.8086761,-2.991324,-2.6913238,-3.1913238,-4.2913237,-5.1913238,-7.591324,-7.991324,-9.591324,-10.391324,-9.191324,-10.191324,-11.691324,-11.991323,-12.291324,-12.791324,-13.891324,-13.791324,-12.991323,-11.491323,-10.591324,-9.391324,-8.291324,-7.891324,-7.391324,-7.091324,-6.491324,-5.891324,-6.591324,-7.391324,-8.591324,-10.091324,-9.791324,-9.291324,-8.491323,-7.391324,-5.7913237,-3.0913239,-3.1913238,-2.291324,-3.3913238,-0.19132385,-0.09132385,-2.291324,-3.1913238,-2.8913238
-5.2913237,-2.3913238,-0.39132386,2.508676,1.3086761,1.7086761,-5.7913237,-2.791324,-1.6913239,-1.3913238,-3.3913238,-0.49132386,3.208676,0.90867615,-2.791324,-4.2913237,-4.6913238,-4.891324,-6.1913238,-6.991324,-7.891324,-9.491323,-9.591324,-9.991323,-10.291324,-13.691324,-14.391324,-13.191324,-13.291324,-14.191324,-14.691324,-13.491323,-12.091324,-11.491323,-10.191324,-9.091324,-8.491323,-7.891324,-6.491324,-6.091324,-5.391324,-5.091324,-5.6913238,-6.7913237,-7.591324,-7.7913237,-7.391324,-6.591324,-6.491324,-6.2913237,-4.891324,-9.491323,-3.6913238,-4.7913237,-1.1913239,-1.6913239,-1.5913239,-1.8913238,-1.8913238
-5.991324,-3.1913238,-1.1913239,2.208676,0.70867616,-6.2913237,-5.6913238,-4.2913237,-4.491324,-0.19132385,-4.7913237,-2.291324,0.30867615,2.8086762,-1.3913238,-4.591324,-4.391324,-5.991324,-6.491324,-7.7913237,-9.291324,-9.091324,-10.891324,-11.491323,-11.591324,-14.091324,-15.991323,-14.391324,-15.091324,-15.591324,-15.891324,-14.591324,-13.491323,-12.191324,-10.991323,-9.691324,-8.791324,-8.391324,-7.491324,-6.391324,-5.7913237,-4.2913237,-4.1913238,-3.8913238,-4.6913238,-5.2913237,-5.2913237,-4.491324,-4.6913238,-5.591324,-4.6913238,-3.6913238,-3.291324,-2.491324,-1.9913238,-1.8913238,-2.791324,-2.0913239,-0.09132385
-7.1913238,-3.991324,-1.7913239,0.70867616,-8.591324,-8.791324,-6.891324,-5.991324,-5.491324,-4.091324,-4.991324,-3.6913238,-2.791324,1.3086761,-0.29132384,-0.89132386,-3.991324,-5.2913237,-7.991324,-8.091324,-8.891324,-10.891324,-12.991323,-13.291324,-12.891324,-15.191324,-17.391323,-16.691324,-16.691324,-17.891323,-16.791325,-15.591324,-14.791324,-13.391324,-11.591324,-9.991323,-9.391324,-9.091324,-8.191324,-6.991324,-5.991324,-5.391324,-5.091324,-4.591324,-2.791324,-3.5913239,-3.8913238,-4.091324,-4.091324,-3.991324,-3.791324,-3.5913239,-2.8913238,-2.1913238,-1.2913239,-0.59132385,0.60867614,1.1086762,1.5086762
-5.991324,-4.1913238,-2.791324,1.7086761,-10.091324,-10.091324,-8.391324,-7.491324,-4.391324,-6.2913237,-4.991324,-5.2913237,-3.991324,-2.491324,-3.0913239,-1.7913239,-1.6913239,-2.8913238,-5.6913238,-8.991323,-10.291324,-11.691324,-13.291324,-14.191324,-15.491323,-16.091324,-18.291325,-18.191324,-17.391323,-17.391323,-16.291325,-15.791324,-14.491323,-13.791324,-12.691324,-12.191324,-10.691324,-9.291324,-8.191324,-7.591324,-6.391324,-6.2913237,-5.891324,-5.391324,-5.1913238,-3.791324,-3.491324,-3.3913238,-3.3913238,-1.9913238,-2.0913239,-1.5913239,-1.3913238,-0.19132385,0.90867615,2.3086762,2.8086762,3.208676,3.6086762
-3.791324,-2.791324,-1.8913238,-1.0913239,-11.491323,-12.091324,-10.391324,-8.891324,-6.1913238,-6.091324,-5.491324,-6.491324,-4.1913238,-4.091324,-4.1913238,-4.891324,-3.791324,-2.791324,-5.491324,-8.691324,-10.691324,-11.891324,-13.491323,-14.991323,-16.091324,-17.691324,-17.791325,-18.591324,-17.891323,-16.491323,-16.191324,-15.391324,-15.091324,-14.191324,-13.491323,-12.291324,-11.591324,-9.391324,-7.7913237,-7.391324,-6.7913237,-7.491324,-6.391324,-5.7913237,-5.391324,-4.7913237,-3.8913238,-2.491324,-1.0913239,-1.3913238,-1.4913238,1.1086762,2.9086761,0.8086761,1.1086762,2.708676,3.508676,3.708676,4.8086762
-1.0913239,-1.8913238,0.20867614,-1.0913239,-13.991323,-13.891324,-12.791324,-11.091324,-10.391324,-6.6913238,-5.091324,-9.591324,-7.1913238,-3.8913238,-3.291324,-4.091324,-4.2913237,-4.1913238,-5.1913238,-9.191324,-11.391324,-11.991323,-12.591324,-14.191324,-15.291324,-16.791325,-17.391323,-16.091324,-15.291324,-13.391324,-14.391324,-14.691324,-14.591324,-14.791324,-13.591324,-13.891324,-11.591324,-10.291324,-8.591324,-5.491324,-5.891324,-5.991324,-6.1913238,-5.891324,-5.591324,-4.991324,-4.091324,-3.1913238,-2.5913239,-1.4913238,-1.2913239,-0.9913238,2.208676,1.9086761,1.5086762,2.208676,3.6086762,4.8086762,6.108676
1.5086762,1.3086761,2.1086762,-1.9913238,-14.291324,-14.691324,-13.891324,-12.491323,-11.391324,-10.491323,-8.291324,-8.091324,-5.091324,-5.891324,-7.091324,-4.891324,-3.291324,-2.991324,-4.1913238,-8.491323,-11.391324,-12.791324,-12.791324,-13.491323,-14.691324,-15.191324,-15.291324,-14.991323,-13.791324,-14.591324,-13.291324,-13.591324,-14.891324,-14.691324,-15.591324,-15.091324,-12.891324,-9.891324,-9.091324,-7.891324,-7.991324,-5.891324,-5.491324,-5.591324,-5.2913237,-4.6913238,-4.091324,-3.0913239,-2.0913239,-0.89132386,-1.3913238,-1.3913238,1.4086761,5.608676,2.3086762,2.508676,3.208676,4.608676,6.608676
3.8086762,4.508676,-1.1913239,-2.791324,-15.291324,-14.191324,-14.191324,-12.791324,-11.991323,-11.591324,-11.591324,-10.291324,-8.991323,-7.1913238,-5.7913237,-7.6913238,-4.391324,-2.3913238,-4.091324,-6.7913237,-9.291324,-12.691324,-14.491323,-15.791324,-15.891324,-15.991323,-15.991323,-16.391323,-15.791324,-14.291324,-12.891324,-12.991323,-13.991323,-15.291324,-15.791324,-15.091324,-14.191324,-11.291324,-8.791324,-7.7913237,-7.891324,-7.1913238,-6.7913237,-6.1913238,-5.891324,-6.091324,-4.891324,-2.5913239,-1.3913238,-0.19132385,-0.39132386,0.30867615,0.8086761,4.008676,3.008676,1.3086761,2.6086762,4.8086762,7.3086762
7.7086763,4.108676,-2.6913238,-4.891324,-13.691324,-15.091324,-13.991323,-13.491323,-12.891324,-12.491323,-12.091324,-11.991323,-11.391324,-9.291324,-6.2913237,-5.6913238,-5.091324,-4.091324,-2.1913238,-5.891324,-9.191324,-9.691324,-12.891324,-14.491323,-16.791325,-17.891323,-17.491323,-17.891323,-16.191324,-16.191324,-15.291324,-14.991323,-13.691324,-14.791324,-14.691324,-14.691324,-14.191324,-13.191324,-11.791324,-10.691324,-8.791324,-7.991324,-7.2913237,-5.391324,-4.991324,-4.6913238,-4.091324,-3.3913238,-2.291324,-1.0913239,0.20867614,1.3086761,1.1086762,3.1086762,2.008676,1.0086762,2.6086762,4.7086763,6.7086763
5.408676,7.408676,2.8086762,-1.0913239,-7.491324,-15.591324,-15.791324,-14.891324,-14.291324,-13.491323,-12.991323,-11.991323,-11.291324,-9.891324,-8.091324,-4.6913238,-5.1913238,-4.991324,-3.291324,-5.391324,-6.591324,-9.491323,-10.491323,-12.991323,-14.591324,-16.291325,-17.691324,-17.891323,-18.291325,-18.291325,-16.491323,-15.491323,-14.591324,-14.591324,-13.691324,-13.291324,-12.891324,-12.191324,-12.991323,-12.891324,-11.591324,-10.391324,-8.191324,-6.091324,-4.891324,-4.891324,-3.5913239,-3.1913238,-2.291324,-1.3913238,-0.59132385,-0.19132385,0.60867614,1.2086761,1.0086762,0.5086762,1.8086761,3.208676,5.7086763
2.6086762,4.008676,4.108676,-1.1913239,-6.491324,-16.391323,-17.191324,-16.091324,-14.891324,-14.891324,-13.791324,-12.591324,-11.691324,-9.791324,-8.491323,-7.391324,-4.991324,-3.991324,-5.891324,-3.291324,-3.791324,-7.391324,-8.691324,-9.791324,-11.291324,-13.291324,-15.791324,-16.791325,-17.091324,-16.291325,-17.391323,-17.091324,-15.791324,-14.291324,-14.191324,-13.291324,-11.691324,-11.591324,-10.991323,-11.491323,-12.691324,-10.591324,-8.691324,-7.391324,-6.391324,-5.091324,-4.1913238,-3.991324,-3.0913239,-2.791324,-2.0913239,-1.2913239,0.008676147,0.60867614,0.10867615,0.5086762,0.8086761,1.5086762,3.6086762
