nws-json/uv_20190821_00.f000.json
{"header": { "discipline":0, "disciplineName":"Meteorological products", "gribEdition":2, "gribLength":54784, "center":7, "centerName":"US National Weather Service - NCEP(WMC)", "subcenter":0, "refTime":"2019-08-21T00:00:00.000Z", "significanceOfRT":1, "significanceOfRTName":"Start of forecast", "productStatus":0, "productStatusName":"Operational products", "productType":1, "productTypeName":"Forecast products", "productDefinitionTemplate":0, "productDefinitionTemplateName":"Analysis/forecast at horizontal level/layer at a point in time", "parameterCategory":2, "parameterCategoryName":"Momentum", "parameterNumber":2, "parameterNumberName":"U-component_of_wind", "parameterUnit":"m.s-1", "genProcessType":2, "genProcessTypeName":"Forecast", "forecastTime":0, "surface1Type":220, "surface1TypeName":"Planetary Boundary Layer", "surface1Value":0.0, "surface2Type":255, "surface2TypeName":"Missing", "surface2Value":0.0, "gridDefinitionTemplate":0, "gridDefinitionTemplateName":"Latitude_Longitude", "numberPoints":65160, "shape":6, "shapeName":"Earth spherical with radius of 6,371,229.0 m", "gridUnits":"degrees", "resolution":48, "winds":"true", "scanMode":0, "nx":360, "ny":181, "basicAngle":0, "lo1":0.0, "la1":90.0, "lo2":359.0, "la2":-90.0, "dx":1.0, "dy":1.0 }, "data":
[rows 25 to 49 of 181, columns 232 to 289 of 360]
-1.7109314,-3.0109315,-3.1109314,-1.8109314,-1.3109314,-2.4109313,-1.1109314,-1.0109314,2.1890686,2.1890686,1.2890686,1.8890686,2.1890686,2.4890685,2.2890687,1.3890686,0.7890686,1.8890686,1.5890687,0.2890686,-0.5109314,-0.9109314,-0.8109314,0.4890686,-0.31093138,-0.7109314,-1.8109314,-2.5109315,-2.6109314,-2.7109313,-2.9109313,-2.2109313,-2.7109313,-3.6109314,-4.7109313,-5.1109314,-5.5109315,-5.810931,-6.2109313,-4.5109315,-4.810931,-4.0109315,-4.2109313,-4.810931,-4.2109313,0.1890686,-0.1109314,-2.2109313,-2.8109314,-3.3109314,-4.0109315,-3.0109315,-1.7109314,-1.7109314,-2.2109313,-1.4109313,-0.6109314,-1.1109314
-0.8109314,-0.4109314,-0.8109314,-2.4109313,-1.8109314,-1.0109314,-0.21093139,-0.7109314,-0.7109314,-0.21093139,0.3890686,0.2890686,1.3890686,1.3890686,1.2890686,0.4890686,-0.31093138,0.5890686,0.08906861,-1.0109314,-1.4109313,-1.2109314,-0.7109314,-0.6109314,-0.8109314,-0.6109314,-1.4109313,-3.0109315,-3.1109314,-3.1109314,-3.4109313,-4.6109314,-2.2109313,-4.310931,-5.0109315,-5.2109313,-5.6109314,-6.0109315,-5.7109313,-6.0109315,-5.2109313,-3.6109314,-3.6109314,-6.810931,-7.4109316,-7.5109315,-7.1109314,-3.7109313,-5.0109315,-4.810931,-0.4109314,-3.9109313,-3.4109313,-3.3109314,-0.4109314,-4.5109315,-4.5109315,-2.6109314
-0.6109314,-0.31093138,-0.8109314,-2.9109313,-2.7109313,-2.6109314,-3.1109314,-3.1109314,-3.7109313,-2.9109313,-1.7109314,-1.6109314,-2.3109314,-0.8109314,-0.31093138,-0.1109314,-1.1109314,-1.9109313,-1.8109314,-1.4109313,-1.4109313,-0.8109314,-0.7109314,-0.8109314,-1.5109314,-2.4109313,-2.3109314,-3.8109314,-4.6109314,-4.810931,-5.4109316,-6.2109313,-7.4109316,-8.610931,-9.310931,-10.210932,-11.510931,-9.710932,-6.5109315,-6.0109315,-5.4109316,-7.1109314,-9.410932,-9.310931,-10.010931,-9.310931,-9.010931,-7.810931,-6.2109313,-4.7109313,-5.6109314,-4.1109314,-2.6109314,-2.3109314,-2.0109315,-0.31093138,0.3890686,1.9890686
-2.0109315,-2.2109313,-1.1109314,-1.2109314,-3.0109315,-3.0109315,-1.8109314,-6.9109316,-7.2109313,-6.810931,-4.810931,-3.7109313,-4.310931,-4.7109313,-5.0109315,-3.2109313,-2.1109314,-2.1109314,-1.9109313,-1.5109314,-1.9109313,-0.31093138,-1.3109314,0.08906861,-2.0109315,-2.5109315,-2.1109314,-4.310931,-5.310931,-5.310931,-6.4109316,-7.1109314,-8.010931,-9.010931,-9.310931,-7.4109316,-8.410932,-10.110931,-10.410932,-11.010931,-11.010931,-10.910932,-9.410932,-11.510931,-13.310931,-12.110931,-12.510931,-11.810931,-11.510931,-9.010931,-10.910932,-12.610931,-9.810931,-9.810931,-9.510931,-6.310931,-4.0109315,-3.5109315
-1.6109314,-1.6109314,-1.4109313,-1.7109314,0.7890686,-3.0109315,-6.6109314,-6.7109313,-5.1109314,-6.310931,-8.210932,-8.510931,-10.210932,-8.510931,-5.7109313,-2.2109313,-1.7109314,-1.7109314,-2.7109313,-2.3109314,-1.9109313,-1.4109313,-1.7109314,-1.1109314,-2.7109313,-2.6109314,-3.6109314,-4.4109316,-6.0109315,-7.310931,-8.110931,-8.510931,-7.9109316,-8.010931,-7.5109315,-8.710932,-9.410932,-10.010931,-9.610931,-10.210932,-10.910932,-11.810931,-12.910932,-13.110931,-12.910932,-11.810931,-10.410932,-8.110931,-5.6109314,-7.9109316,-10.310931,-12.610931,-13.310931,-14.210932,-14.810931,-13.510931,-12.110931,-8.910932
-0.8109314,-2.0109315,-3.3109314,-1.1109314,-2.4109313,1.1890686,-2.3109314,-1.7109314,-1.0109314,-3.3109314,-5.7109313,-4.6109314,-5.9109316,-6.7109313,-5.0109315,-3.4109313,-2.5109315,-1.8109314,-1.7109314,-2.2109313,-2.1109314,-1.8109314,-2.7109313,-1.7109314,0.3890686,-2.8109314,-1.9109313,-5.7109313,-4.5109315,-7.9109316,-8.410932,-8.010931,-9.010931,-8.710932,-8.610931,-10.110931,-9.810931,-11.110931,-11.510931,-11.710932,-11.410932,-11.710932,-11.210932,-11.810931,-12.110931,-13.410932,-13.110931,-11.110931,-9.710932,-9.710932,-9.910932,-11.810931,-12.510931,-14.310931,-14.310931,-13.710932,-12.610931,-10.710932
0.2890686,-0.4109314,-1.5109314,-1.0109314,-0.8109314,-0.21093139,-3.9109313,-2.7109313,-3.2109313,-5.7109313,-3.9109313,-5.4109316,-5.9109316,-6.310931,-5.0109315,-6.310931,-4.9109316,-4.0109315,-1.6109314,-1.5109314,-1.4109313,-0.9109314,-3.0109315,-1.3109314,-2.0109315,-1.6109314,-0.6109314,-3.5109315,-3.3109314,-3.7109313,-7.310931,-8.010931,-8.210932,-8.210932,-8.610931,-9.110931,-9.310931,-8.910932,-8.710932,-9.010931,-8.510931,-9.110931,-10.810931,-12.110931,-12.410932,-13.010931,-11.710932,-9.010931,-4.9109316,-0.5109314,-9.410932,-9.510931,-11.110931,-13.910932,-13.610931,-13.710932,-14.010931,-13.310931
-2.7109313,-1.4109313,-1.8109314,0.08906861,1.5890687,0.1890686,-0.1109314,0.5890686,2.4890685,-0.4109314,-2.6109314,-2.3109314,-3.3109314,-3.7109313,-4.310931,-4.1109314,-4.810931,-5.2109313,-2.8109314,-0.31093138,-0.010931397,0.7890686,1.5890687,3.2890687,2.7890687,2.6890686,1.9890686,0.4890686,-2.3109314,-2.5109315,-3.5109315,-3.9109313,-4.0109315,-2.0109315,-2.7109313,-4.6109314,-6.310931,-7.1109314,-5.810931,-4.4109316,-3.1109314,-2.7109313,-3.0109315,-4.5109315,-4.810931,-3.2109313,-1.7109314,-1.1109314,-1.4109313,-0.9109314,0.08906861,0.9890686,-3.1109314,-3.4109313,-5.7109313,-8.410932,-8.510931,-7.7109313
-1.9109313,-1.2109314,-1.7109314,-0.31093138,1.8890686,-2.8109314,-4.7109313,-4.2109313,-2.6109314,-4.0109315,-3.9109313,-3.6109314,-3.2109313,-3.4109313,-5.6109314,-4.9109316,-4.1109314,-2.5109315,-3.1109314,-0.21093139,0.7890686,2.7890687,3.4890685,4.689069,5.4890685,4.7890687,5.5890684,5.8890686,5.4890685,4.9890685,4.4890685,4.8890686,4.0890684,3.9890685,3.9890685,4.2890687,5.7890687,5.9890685,6.4890685,6.3890686,5.4890685,7.0890684,8.789068,9.289068,9.589068,9.589068,6.5890684,6.7890687,4.189069,4.8890686,5.7890687,4.0890684,5.0890684,4.7890687,8.589068,6.4890685,-0.010931397,-1.9109313
-0.9109314,-0.4109314,-1.3109314,-1.0109314,-0.7109314,-1.9109313,-6.7109313,-9.110931,-8.010931,-7.810931,-6.4109316,-5.1109314,-3.8109314,-4.0109315,-4.310931,-3.1109314,-3.0109315,-2.2109313,-0.9109314,-2.5109315,0.3890686,2.6890686,4.189069,4.0890684,4.8890686,6.4890685,6.7890687,7.689069,8.289068,8.689069,6.5890684,4.7890687,3.9890685,4.4890685,4.689069,5.189069,5.2890687,5.2890687,5.2890687,5.4890685,7.189069,3.9890685,6.2890687,5.7890687,6.4890685,6.0890684,5.0890684,5.4890685,5.5890684,6.2890687,5.0890684,4.8890686,6.3890686,8.089068,8.289068,11.289068,13.289068,12.389069
-1.7109314,-2.2109313,-4.310931,-3.2109313,-4.5109315,-4.4109316,-1.1109314,-2.1109314,-10.710932,-10.210932,-8.410932,-4.9109316,-3.4109313,-4.1109314,-3.7109313,-2.9109313,-2.2109313,-1.0109314,-1.0109314,1.7890686,-0.8109314,2.3890686,4.7890687,-0.8109314,6.8890686,7.2890687,8.189069,9.789068,10.189069,8.989069,9.189069,8.789068,7.689069,6.9890685,7.2890687,5.189069,5.5890684,4.689069,5.7890687,6.5890684,7.2890687,8.489069,7.5890684,6.5890684,1.8890686,1.5890687,0.3890686,0.9890686,1.8890686,3.0890687,3.0890687,5.689069,6.7890687,7.189069,7.189069,6.0890684,9.689069,9.689069
-1.8109314,-1.3109314,-5.310931,-5.4109316,-3.0109315,-2.1109314,-0.4109314,-1.6109314,1.6890686,1.4890686,-6.9109316,-6.310931,-5.7109313,-4.6109314,-3.6109314,-4.5109315,-3.7109313,-4.0109315,-0.7109314,0.8890686,2.8890686,2.5890687,4.3890686,5.689069,6.2890687,6.0890684,9.089068,8.789068,9.589068,10.689069,11.989069,12.589068,12.389069,11.689069,11.389069,10.489069,10.489069,9.689069,7.8890686,6.8890686,6.4890685,7.8890686,9.289068,6.3890686,6.9890685,8.089068,-2.1109314,-1.0109314,1.1890686,1.6890686,5.689069,6.8890686,6.3890686,7.0890684,7.2890687,9.889069,8.389069,7.4890685
-4.1109314,1.6890686,1.4890686,1.3890686,-5.810931,-5.310931,-2.8109314,-1.9109313,0.6890686,0.9890686,1.3890686,-5.1109314,-6.7109313,-4.310931,-3.0109315,-3.0109315,-3.3109314,-4.0109315,-3.0109315,-1.0109314,2.0890687,2.9890685,3.9890685,3.7890687,6.189069,7.8890686,7.4890685,5.2890687,3.7890687,8.789068,10.289068,13.189069,13.489069,12.889069,11.989069,9.689069,9.989069,10.089068,3.7890687,6.3890686,9.789068,9.989069,8.989069,4.5890684,5.9890685,3.4890685,1.6890686,-0.9109314,-0.21093139,1.5890687,2.7890687,5.4890685,7.3890686,8.189069,5.689069,5.8890686,6.5890684,8.389069
0.9890686,-1.8109314,0.08906861,0.5890686,0.1890686,-7.0109315,-6.2109313,-4.6109314,-2.3109314,-1.0109314,-1.2109314,0.5890686,1.1890686,-4.810931,-4.1109314,-2.8109314,-2.8109314,-3.0109315,-1.9109313,-1.1109314,0.3890686,2.1890686,3.7890687,4.689069,5.9890685,7.8890686,8.789068,10.089068,5.9890685,6.689069,3.5890687,4.0890684,12.089068,13.789068,13.189069,13.189069,13.789068,12.689069,9.589068,9.289068,8.189069,7.689069,4.5890684,5.689069,5.9890685,2.3890686,2.8890686,0.8890686,0.08906861,0.8890686,0.7890686,2.0890687,5.2890687,2.5890687,2.5890687,3.5890687,8.689069,9.989069
-3.2109313,-5.5109315,-2.3109314,-0.8109314,0.9890686,0.1890686,-0.5109314,-1.9109313,-3.1109314,-1.1109314,-0.9109314,-0.010931397,-0.21093139,-2.0109315,-3.2109313,-3.6109314,-3.3109314,-3.7109313,-4.1109314,-3.2109313,-1.8109314,-0.21093139,2.6890686,4.2890687,5.2890687,6.189069,7.689069,9.389069,9.489069,8.189069,7.689069,8.189069,7.189069,10.089068,11.989069,12.789068,13.189069,11.089068,11.389069,8.189069,6.2890687,3.6890686,2.5890687,3.1890686,6.3890686,9.189069,8.789068,7.9890685,9.089068,9.589068,8.589068,9.989069,13.989069,1.8890686,-0.010931397,2.2890687,1.4890686,5.3890686
-14.310931,-3.1109314,-2.0109315,-6.5109315,0.2890686,-1.8109314,1.8890686,3.4890685,-1.8109314,-0.9109314,-1.0109314,-0.7109314,-0.4109314,0.7890686,-1.6109314,-4.7109313,-3.9109313,-3.9109313,-4.7109313,-4.310931,-4.1109314,-2.4109313,-0.5109314,1.7890686,4.189069,5.4890685,6.4890685,5.4890685,7.3890686,8.189069,1.9890686,6.7890687,6.5890684,8.489069,8.789068,9.589068,5.8890686,10.089068,6.7890687,4.9890685,3.4890685,5.4890685,5.689069,5.9890685,6.2890687,5.8890686,3.4890685,2.7890687,0.2890686,1.5890687,6.4890685,2.1890686,5.9890685,1.1890686,0.3890686,1.0890687,1.0890687,1.0890687
-9.510931,-9.510931,-5.310931,0.9890686,-0.8109314,-2.3109314,1.5890687,2.2890687,1.7890686,0.4890686,-0.7109314,-0.31093138,0.9890686,0.2890686,1.2890686,-3.4109313,-4.2109313,-3.3109314,-7.5109315,-6.7109313,-5.9109316,-5.2109313,-3.5109315,-1.5109314,1.0890687,3.0890687,4.3890686,4.2890687,6.3890686,6.4890685,6.189069,5.189069,5.689069,6.689069,6.5890684,7.7890687,4.8890686,6.8890686,5.5890684,-0.010931397,0.2890686,0.9890686,5.189069,7.189069,2.6890686,0.08906861,0.3890686,0.4890686,-0.5109314,1.6890686,2.0890687,-0.4109314,0.5890686,1.3890686,0.6890686,1.6890686,0.9890686,0.9890686
-5.0109315,-3.1109314,-1.7109314,-1.4109313,0.6890686,-0.1109314,0.3890686,1.2890686,1.6890686,1.1890686,0.8890686,2.0890687,2.5890687,2.4890685,-0.8109314,3.5890687,-6.4109316,-10.710932,-12.110931,-7.310931,-7.7109313,-8.010931,-7.7109313,-5.0109315,-2.9109313,-0.5109314,2.2890687,3.5890687,2.6890686,3.8890686,4.2890687,2.4890685,3.1890686,5.0890684,3.7890687,6.189069,8.089068,6.189069,1.2890686,1.2890686,1.6890686,4.0890684,1.9890686,2.9890685,11.289068,9.189069,4.7890687,0.5890686,8.589068,5.689069,2.7890687,2.6890686,1.1890686,4.689069,4.0890684,5.9890685,6.5890684,6.8890686
-2.3109314,-1.1109314,1.9890686,0.7890686,3.1890686,4.3890686,1.0890687,4.2890687,3.3890686,0.3890686,-0.9109314,-0.7109314,1.0890687,3.7890687,1.1890686,3.4890685,-1.6109314,0.3890686,-3.4109313,-5.810931,-6.9109316,-9.310931,-9.110931,-7.310931,-5.0109315,-3.2109313,-0.8109314,1.4890686,1.9890686,2.1890686,2.5890687,0.5890686,1.8890686,3.3890686,3.8890686,4.689069,4.689069,1.4890686,4.3890686,5.4890685,0.7890686,-0.31093138,-2.2109313,-1.4109313,2.9890685,5.2890687,5.2890687,5.189069,4.7890687,3.6890686,1.1890686,0.6890686,0.1890686,1.7890686,4.7890687,2.4890685,1.9890686,2.7890687
1.4890686,1.5890687,2.3890686,1.9890686,2.2890687,2.5890687,5.189069,5.8890686,-0.4109314,-1.5109314,0.08906861,-0.8109314,-0.4109314,-0.7109314,1.1890686,-1.2109314,-2.2109313,-3.6109314,-4.810931,-6.310931,-7.5109315,-9.110931,-9.810931,-9.510931,-7.2109313,-4.2109313,-3.0109315,-1.7109314,-0.5109314,-0.4109314,-0.6109314,1.1890686,2.3890686,3.8890686,4.7890687,1.6890686,2.3890686,4.7890687,5.8890686,1.3890686,0.6890686,0.2890686,3.8890686,3.5890687,0.9890686,1.7890686,2.3890686,1.6890686,2.4890685,6.9890685,5.7890687,-0.1109314,-2.6109314,-0.21093139,1.3890686,1.5890687,1.1890686,2.2890687
3.2890687,1.6890686,2.5890687,2.0890687,1.9890686,4.9890685,4.8890686,1.0890687,-0.4109314,-2.8109314,0.8890686,2.6890686,5.689069,2.8890686,2.5890687,0.08906861,1.5890687,-2.1109314,-4.7109313,0.1890686,1.0890687,-7.1109314,-8.710932,-13.210932,-9.410932,-5.9109316,-5.6109314,-4.0109315,-3.1109314,-1.5109314,0.3890686,0.08906861,3.4890685,2.7890687,2.1890686,2.1890686,3.2890687,5.9890685,5.189069,3.4890685,0.8890686,2.1890686,3.0890687,2.9890685,0.8890686,-3.1109314,-2.7109313,2.1890686,0.9890686,2.1890686,2.2890687,2.3890686,3.3890686,1.2890686,0.1890686,-1.8109314,-1.2109314,0.08906861
4.2890687,1.9890686,2.1890686,4.2890687,2.9890685,5.3890686,3.4890685,2.6890686,6.0890684,5.5890684,5.689069,3.9890685,4.7890687,2.0890687,2.3890686,1.5890687,1.3890686,1.3890686,2.2890687,-3.1109314,-3.9109313,-8.610931,-8.310931,-7.5109315,-9.910932,-7.4109316,-8.210932,-6.310931,-4.9109316,-2.9109313,0.9890686,-1.0109314,1.7890686,4.689069,4.689069,4.8890686,4.0890684,3.3890686,7.9890685,2.1890686,5.3890686,2.2890687,3.8890686,2.4890685,1.5890687,0.8890686,1.9890686,0.9890686,1.8890686,-4.2109313,-2.5109315,-2.6109314,0.2890686,0.9890686,1.1890686,-0.8109314,-0.4109314,1.1890686
4.7890687,3.0890687,1.1890686,3.1890686,1.6890686,2.5890687,4.0890684,4.3890686,4.9890685,3.5890687,3.8890686,3.6890686,0.6890686,2.4890685,0.8890686,0.3890686,0.2890686,0.1890686,0.2890686,2.5890687,-1.2109314,-4.310931,-12.210932,-13.510931,-14.610931,-11.710932,-10.910932,-8.610931,-7.810931,-3.5109315,-0.1109314,0.8890686,2.5890687,4.3890686,6.189069,3.1890686,-0.8109314,2.2890687,3.8890686,2.0890687,3.5890687,3.0890687,4.5890684,1.8890686,1.0890687,-0.010931397,-1.2109314,0.3890686,-0.21093139,-0.010931397,-1.9109313,-1.8109314,-1.4109313,0.1890686,0.8890686,0.3890686,0.8890686,-0.6109314
5.0890684,3.4890685,1.1890686,0.7890686,1.9890686,2.7890687,3.0890687,2.4890685,5.189069,2.3890686,3.0890687,1.3890686,1.2890686,0.4890686,1.3890686,1.4890686,2.8890686,2.7890687,1.3890686,0.2890686,1.8890686,5.189069,-11.710932,-14.210932,2.6890686,-13.810931,-14.710932,-11.110931,-9.610931,-5.1109314,-2.1109314,-4.0109315,5.189069,3.0890687,1.9890686,-0.010931397,-2.0109315,-0.5109314,0.7890686,1.0890687,1.2890686,1.4890686,-0.4109314,-0.9109314,0.1890686,-0.8109314,-1.7109314,-1.8109314,0.8890686,-0.4109314,0.5890686,0.5890686,-0.7109314,-0.4109314,0.5890686,0.2890686,0.08906861,-0.8109314
5.0890684,4.9890685,1.4890686,1.6890686,0.7890686,0.8890686,1.8890686,4.3890686,1.8890686,2.3890686,2.1890686,0.5890686,0.08906861,1.2890686,-1.4109313,1.6890686,0.9890686,3.2890687,5.5890684,1.9890686,5.5890684,3.4890685,-2.3109314,-8.010931,-8.810931,-12.310931,-15.410932,-12.310931,-11.310931,-7.7109313,-6.7109313,-2.9109313,-3.0109315,0.6890686,2.7890687,2.6890686,-3.0109315,-3.4109313,0.4890686,4.3890686,3.6890686,2.2890687,-1.6109314,1.9890686,-2.2109313,0.3890686,-0.9109314,1.8890686,-2.8109314,-0.8109314,0.3890686,0.7890686,0.4890686,-0.5109314,1.6890686,1.0890687,2.7890687,2.2890687
