nws-json/uv_20190820_18.f000.json
{"header": { "discipline":0, "disciplineName":"Meteorological products", "gribEdition":2, "gribLength":56103, "center":7, "centerName":"US National Weather Service - NCEP(WMC)", "subcenter":0, "refTime":"2019-08-20T18:00:00.000Z", "significanceOfRT":1, "significanceOfRTName":"Start of forecast", "productStatus":0, "productStatusName":"Operational products", "productType":1, "productTypeName":"Forecast products", "productDefinitionTemplate":0, "productDefinitionTemplateName":"Analysis/forecast at horizontal level/layer at a point in time", "parameterCategory":2, "parameterCategoryName":"Momentum", "parameterNumber":3, "parameterNumberName":"V-component_of_wind", "parameterUnit":"m.s-1", "genProcessType":2, "genProcessTypeName":"Forecast", "forecastTime":0, "surface1Type":220, "surface1TypeName":"Planetary Boundary Layer", "surface1Value":0.0, "surface2Type":255, "surface2TypeName":"Missing", "surface2Value":0.0, "gridDefinitionTemplate":0, "gridDefinitionTemplateName":"Latitude_Longitude", "numberPoints":65160, "shape":6, "shapeName":"Earth spherical with radius of 6,371,229.0 m", "gridUnits":"degrees", "resolution":48, "winds":"true", "scanMode":0, "nx":360, "ny":181, "basicAngle":0, "lo1":0.0, "la1":90.0, "lo2":359.0, "la2":-90.0, "dx":1.0, "dy":1.0 }, "data":
[rows 52 to 77 of 181, columns 118 to 176 of 360]
-3.2000823,2.2999177,6.0999174,2.8999176,5.0999174,5.3999176,3.6999176,0.5999176,0.1999176,-0.1000824,0.2999176,4.9999175,1.5999177,-1.3000824,-1.6000824,-2.1000824,-1.5000824,-2.0000825,-1.9000823,-3.2000823,-1.5000824,1.2999176,0.4999176,-2.9000823,-2.8000824,3.9999175,2.8999176,1.7999176,-8.239746E-5,-0.7000824,-1.2000824,-2.2000823,-5.0000825,-4.4000826,-5.6000824,-6.4000826,-2.5000825,-1.7000824,-3.4000823,-2.5000825,-3.4000823,-2.7000823,-2.3000824,-2.2000823,-1.9000823,-2.2000823,-2.9000823,-3.3000824,-3.4000823,-3.8000824,-3.5000825,-2.8000824,-2.1000824,-2.7000823,-2.6000824,-1.4000823,-2.3000824,-2.1000824,-1.1000824
-0.20008239,3.6999176,1.7999176,0.7999176,2.2999177,4.0999174,4.199918,1.0999177,1.1999176,1.7999176,-0.20008239,-0.6000824,-0.3000824,0.5999176,-0.4000824,-1.0000824,-1.3000824,-2.0000825,-1.6000824,0.3999176,1.4999176,0.1999176,-1.3000824,-3.2000823,-2.1000824,0.4999176,4.3999176,1.8999176,0.8999176,-0.7000824,-3.0000825,-3.2000823,-4.0000825,-5.9000826,-6.4000826,-4.4000826,-5.1000824,-1.3000824,-2.6000824,-3.1000824,-3.3000824,-3.0000825,-2.6000824,-2.5000825,-2.9000823,-3.5000825,-3.8000824,-3.7000823,-3.6000824,-3.8000824,-4.1000824,-4.1000824,-3.0000825,-2.4000823,-1.9000823,-2.2000823,-2.3000824,-2.1000824,-1.6000824
-0.3000824,1.1999176,1.4999176,3.5999177,3.4999175,0.4999176,1.9999176,0.7999176,-1.0000824,-0.1000824,-0.1000824,-1.3000824,-2.9000823,0.4999176,2.5999177,1.7999176,0.8999176,0.2999176,0.8999176,-0.8000824,1.1999176,-8.239746E-5,-1.6000824,-4.5000825,2.0999177,1.4999176,4.9999175,2.6999176,-0.20008239,-1.9000823,-4.9000826,-3.5000825,-4.7000823,-4.1000824,-5.300082,-5.1000824,-6.800082,-3.6000824,-4.300082,-5.4000826,-3.6000824,-3.2000823,-2.2000823,-3.3000824,-4.7000823,-4.4000826,-5.0000825,-4.0000825,-4.0000825,-4.0000825,-2.9000823,-2.3000824,-2.6000824,-2.9000823,-2.8000824,-2.9000823,-3.1000824,-2.7000823,-2.1000824
-0.5000824,0.4999176,3.2999177,2.3999176,1.7999176,3.6999176,3.9999175,2.2999177,0.8999176,-0.5000824,-3.2000823,-4.800082,-3.4000823,10.799917,5.8999176,1.5999177,-0.20008239,-0.9000824,0.9999176,-2.2000823,-1.9000823,0.3999176,-2.6000824,1.6999176,3.9999175,2.9999175,4.0999174,1.9999176,-1.1000824,-2.0000825,-2.9000823,-2.5000825,-0.8000824,-1.7000824,-2.0000825,-4.1000824,-5.0000825,-2.5000825,-3.7000823,-0.5000824,-1.9000823,-1.8000824,-1.5000824,-2.3000824,-2.9000823,-2.7000823,-2.3000824,-1.7000824,-1.7000824,-1.0000824,-1.6000824,1.0999177,0.6999176,0.4999176,-1.0000824,-3.0000825,-3.6000824,-3.5000825,-3.4000823
2.1999176,1.5999177,1.0999177,2.4999175,-0.3000824,0.1999176,1.3999176,5.2999177,0.7999176,-1.0000824,-0.5000824,8.299917,11.299917,0.6999176,-0.4000824,0.2999176,2.0999177,1.8999176,-1.0000824,2.0999177,0.1999176,-1.7000824,0.099917606,0.7999176,4.199918,2.3999176,1.6999176,0.4999176,-1.5000824,-3.6000824,-2.1000824,-2.4000823,-2.1000824,0.099917606,-2.2000823,-3.6000824,-4.2000823,-2.5000825,-4.0000825,-3.9000823,-3.8000824,-3.7000823,-3.6000824,-2.5000825,-2.4000823,-1.7000824,-0.7000824,0.099917606,-1.4000823,-2.8000824,-3.6000824,-0.6000824,1.8999176,-0.8000824,-2.1000824,-3.4000823,-4.2000823,-4.5000825,-5.300082
2.4999175,1.8999176,0.9999176,2.3999176,0.3999176,-1.2000824,0.8999176,2.4999175,4.5999174,8.499918,10.599917,11.299917,8.899918,0.8999176,5.0999174,-0.6000824,1.7999176,1.7999176,0.099917606,-0.20008239,-0.5000824,-1.1000824,-0.9000824,-1.4000823,-3.6000824,2.4999175,-0.1000824,-1.5000824,-2.5000825,-1.5000824,-0.9000824,-0.3000824,-0.7000824,-1.6000824,-3.1000824,-3.6000824,-3.7000823,-4.5000825,-4.800082,-4.7000823,-4.800082,-3.5000825,-4.300082,0.2999176,4.199918,1.9999176,0.7999176,-1.0000824,-2.1000824,-2.8000824,-0.4000824,0.099917606,-0.3000824,-1.6000824,-3.8000824,-4.9000826,-4.7000823,-5.4000826,-6.300082
0.1999176,1.2999176,1.9999176,-0.20008239,-0.20008239,-1.4000823,-1.2000824,3.9999175,7.699918,9.999918,10.399918,9.999918,7.8999176,0.4999176,6.8999176,5.0999174,3.3999176,1.8999176,0.6999176,-1.3000824,-1.9000823,-2.2000823,-1.7000824,-1.5000824,-3.6000824,0.4999176,0.099917606,-0.6000824,-1.1000824,-1.4000823,0.2999176,0.9999176,-0.4000824,-3.2000823,-3.8000824,-4.300082,-4.1000824,-4.0000825,-5.2000823,-3.9000823,-5.2000823,-5.4000826,-7.1000824,2.0999177,1.9999176,0.1999176,0.099917606,-1.2000824,-2.0000825,-2.5000825,-2.6000824,-1.1000824,-1.3000824,-4.0000825,-2.2000823,-2.6000824,-3.2000823,1.0999177,5.8999176
-0.5000824,1.0999177,1.4999176,-0.6000824,-1.6000824,-3.3000824,-1.2000824,6.5999174,9.799917,11.199918,10.999918,11.099917,9.799917,5.8999176,6.9999175,5.3999176,3.6999176,3.1999176,1.5999177,0.7999176,0.099917606,-1.4000823,-2.9000823,-4.4000826,-4.2000823,-4.9000826,-1.0000824,-2.2000823,-2.8000824,-3.6000824,-2.5000825,-1.8000824,-2.0000825,-2.0000825,-3.8000824,-3.5000825,-4.1000824,-5.300082,-5.1000824,-6.9000826,-3.7000823,-2.3000824,-2.8000824,-2.2000823,0.7999176,0.7999176,-1.2000824,-1.7000824,-2.6000824,-2.0000825,-2.0000825,-2.7000823,0.4999176,-8.239746E-5,-1.2000824,0.2999176,5.0999174,10.899918,12.199918
-8.239746E-5,-0.4000824,-0.20008239,0.9999176,-1.1000824,-5.300082,5.8999176,13.099917,11.799917,11.599917,10.399918,10.099917,8.699918,7.699918,7.2999177,5.5999174,3.9999175,3.0999177,1.8999176,0.3999176,-1.2000824,-2.5000825,-2.9000823,-2.9000823,-4.6000824,-4.800082,-4.6000824,-3.5000825,-3.4000823,-0.5000824,-1.3000824,-3.0000825,-4.0000825,-3.7000823,-2.9000823,-2.3000824,-2.7000823,-4.0000825,-3.9000823,-4.5000825,-3.9000823,-4.2000823,-3.8000824,-3.8000824,-2.7000823,-1.5000824,-0.6000824,0.7999176,-3.5000825,-4.7000823,-0.3000824,-0.5000824,-0.5000824,-0.8000824,4.3999176,8.099917,10.599917,9.799917,11.599917
0.8999176,-0.7000824,0.1999176,-8.239746E-5,-4.7000823,-7.300082,5.199918,14.199918,13.399918,10.699918,9.999918,8.399918,7.5999174,5.8999176,4.2999177,4.0999174,2.8999176,2.3999176,2.2999177,1.5999177,0.8999176,-0.7000824,-2.3000824,-3.3000824,-3.4000823,-4.0000825,-4.2000823,-4.0000825,-4.9000826,-5.1000824,-1.7000824,-2.0000825,-2.1000824,-1.7000824,-4.1000824,-3.2000823,-3.0000825,-3.4000823,-2.8000824,-2.9000823,-2.9000823,-2.6000824,-2.8000824,-2.4000823,-2.1000824,-1.7000824,-1.3000824,-1.6000824,-1.1000824,-1.1000824,-1.0000824,0.5999176,2.9999175,6.699918,7.9999175,9.799917,9.499918,9.799917,11.499918
-8.239746E-5,-0.4000824,0.5999176,-2.8000824,-5.800082,-5.6000824,4.4999175,12.799917,13.399918,11.199918,9.699918,7.5999174,6.3999176,5.3999176,4.8999176,3.1999176,2.2999177,1.8999176,2.1999176,2.8999176,1.2999176,1.4999176,2.0999177,-0.20008239,-2.0000825,-2.1000824,-2.4000823,-3.3000824,-4.1000824,-5.1000824,-4.800082,-3.8000824,-3.2000823,-3.3000824,-3.0000825,-3.4000823,-3.7000823,-3.3000824,-3.2000823,-2.9000823,-2.1000824,-2.2000823,-2.8000824,-3.7000823,-3.7000823,-2.0000825,0.3999176,1.5999177,2.5999177,3.5999177,6.4999175,7.199918,7.3999176,7.7999177,8.199918,7.3999176,9.499918,9.199918,9.799917
0.4999176,0.3999176,-1.7000824,-5.300082,-6.1000824,-4.300082,4.7999177,11.099917,12.699918,10.699918,8.699918,6.8999176,5.7999177,5.3999176,3.8999176,2.7999177,2.3999176,1.6999176,1.2999176,0.5999176,0.2999176,-0.5000824,-0.3000824,-0.1000824,-0.9000824,-1.7000824,-2.4000823,-3.4000823,-3.8000824,-5.2000823,-5.6000824,-3.0000825,-1.8000824,-1.0000824,-2.4000823,-3.3000824,-4.800082,-4.0000825,-5.4000826,-4.800082,1.7999176,2.6999176,1.3999176,1.6999176,3.6999176,3.4999175,3.2999177,4.4999175,4.699918,5.0999174,5.0999174,6.0999174,5.9999175,7.0999174,8.099917,6.8999176,8.299917,8.499918,7.7999177
0.4999176,-0.4000824,-5.9000826,-6.0000825,-4.300082,-2.6000824,6.5999174,12.399918,11.799917,9.399918,7.7999177,5.699918,4.199918,2.2999177,2.0999177,1.7999176,1.6999176,1.6999176,0.9999176,0.1999176,-0.4000824,-0.1000824,0.5999176,0.099917606,-0.4000824,-1.4000823,-2.3000824,-2.6000824,-2.9000823,-4.0000825,-4.0000825,-3.1000824,-3.2000823,-0.20008239,-3.2000823,-2.0000825,-1.7000824,-3.3000824,-3.5000825,5.199918,6.9999175,6.699918,4.9999175,3.9999175,3.7999177,4.3999176,4.5999174,6.4999175,4.699918,5.2999177,5.699918,4.8999176,7.0999174,7.7999177,6.3999176,7.199918,8.899918,8.399918,7.8999176
-0.7000824,-6.2000823,-7.7000823,-3.0000825,-2.9000823,2.2999177,8.399918,10.899918,10.199918,7.8999176,6.3999176,4.699918,3.8999176,2.0999177,1.8999176,0.6999176,1.4999176,3.8999176,3.3999176,2.7999177,2.8999176,2.5999177,1.9999176,0.7999176,-0.4000824,-0.5000824,-1.4000823,-1.1000824,-2.1000824,-2.1000824,-1.3000824,-2.0000825,-1.4000823,-1.0000824,-0.9000824,-1.3000824,-2.4000823,-2.9000823,0.4999176,5.9999175,6.699918,5.699918,4.199918,2.9999175,2.5999177,3.6999176,3.5999177,3.6999176,4.0999174,3.9999175,6.3999176,6.5999174,5.5999174,5.5999174,6.8999176,7.9999175,7.0999174,6.199918,6.2999177
-4.800082,-6.9000826,0.9999176,0.099917606,2.3999176,0.7999176,6.199918,8.299917,9.399918,5.9999175,5.3999176,4.0999174,3.2999177,1.4999176,1.4999176,1.5999177,2.3999176,2.9999175,2.9999175,2.6999176,2.2999177,2.0999177,2.1999176,1.4999176,1.2999176,1.0999177,0.3999176,-0.1000824,-0.8000824,-0.9000824,-0.9000824,-0.8000824,-1.7000824,-1.8000824,-1.8000824,-1.6000824,-0.6000824,1.3999176,3.2999177,4.7999177,4.0999174,3.3999176,3.3999176,3.4999175,4.5999174,3.8999176,3.8999176,3.7999177,4.199918,4.699918,5.3999176,4.4999175,4.8999176,5.199918,7.5999174,5.8999176,5.5999174,6.3999176,6.2999177
-5.800082,-4.800082,7.7999177,-0.4000824,3.0999177,5.7999177,5.699918,4.699918,6.3999176,3.5999177,3.7999177,2.5999177,1.8999176,0.7999176,0.8999176,1.1999176,1.7999176,2.0999177,1.9999176,1.7999176,1.1999176,1.1999176,-8.239746E-5,0.099917606,0.4999176,0.2999176,0.4999176,0.2999176,-0.5000824,-0.9000824,-1.0000824,-1.2000824,-0.8000824,-0.6000824,-0.7000824,0.5999176,1.5999177,2.1999176,2.3999176,2.2999177,4.8999176,3.4999175,3.3999176,3.4999175,2.6999176,2.2999177,2.6999176,3.3999176,4.4999175,4.5999174,3.6999176,4.199918,4.5999174,5.199918,4.0999174,4.2999177,5.7999177,5.7999177,4.7999177
-1.1000824,1.6999176,7.4999175,7.7999177,6.3999176,2.1999176,4.5999174,5.9999175,4.2999177,1.0999177,1.5999177,1.0999177,0.099917606,-0.9000824,-0.1000824,1.4999176,1.2999176,0.6999176,1.2999176,1.3999176,1.3999176,1.5999177,1.7999176,2.4999175,2.7999177,1.7999176,2.2999177,1.3999176,0.8999176,-0.5000824,-3.0000825,1.2999176,0.3999176,-0.1000824,-0.5000824,-8.239746E-5,-0.1000824,1.9999176,1.4999176,1.8999176,1.8999176,2.1999176,2.1999176,1.9999176,2.2999177,2.6999176,2.4999175,2.2999177,3.0999177,1.6999176,3.8999176,4.4999175,4.3999176,4.199918,3.1999176,3.6999176,5.0999174,5.199918,4.7999177
2.4999175,-0.20008239,4.699918,7.8999176,6.7999177,3.2999177,3.5999177,2.7999177,2.1999176,-0.7000824,0.6999176,-0.20008239,-0.4000824,-1.3000824,-1.3000824,-0.1000824,-1.4000823,-1.1000824,-8.239746E-5,1.4999176,1.7999176,2.8999176,3.3999176,3.3999176,3.9999175,3.7999177,3.1999176,2.1999176,0.3999176,3.1999176,1.3999176,0.8999176,0.099917606,0.3999176,-0.4000824,-0.5000824,0.3999176,0.2999176,0.2999176,0.3999176,0.7999176,1.6999176,1.6999176,2.1999176,1.9999176,1.2999176,2.4999175,2.5999177,0.7999176,2.1999176,2.9999175,3.1999176,3.4999175,2.3999176,1.1999176,3.5999177,4.4999175,4.5999174,3.5999177
4.7999177,6.2999177,6.4999175,8.999918,8.599917,0.4999176,-2.6000824,-2.0000825,-0.20008239,-1.8000824,-0.9000824,-2.1000824,-3.1000824,-2.0000825,-1.7000824,-2.3000824,-2.2000823,-0.6000824,0.8999176,2.0999177,2.9999175,4.199918,4.7999177,5.4999175,4.5999174,3.6999176,3.4999175,2.7999177,2.2999177,2.2999177,1.6999176,0.6999176,0.4999176,-8.239746E-5,0.2999176,0.5999176,-0.6000824,-0.20008239,0.099917606,0.6999176,1.2999176,0.9999176,1.0999177,0.7999176,2.9999175,2.3999176,1.1999176,0.6999176,0.1999176,1.5999177,2.3999176,2.8999176,1.7999176,-0.4000824,0.4999176,3.9999175,4.4999175,3.9999175,4.0999174
5.5999174,5.9999175,7.8999176,7.199918,4.7999177,1.6999176,-2.8000824,-0.20008239,-0.9000824,-4.0000825,-5.300082,-5.1000824,-4.4000826,-3.0000825,-2.5000825,-2.9000823,-2.0000825,-0.9000824,0.9999176,3.7999177,5.5999174,6.4999175,6.8999176,6.0999174,5.3999176,4.5999174,3.6999176,2.9999175,3.1999176,2.1999176,1.1999176,1.9999176,1.1999176,0.7999176,-0.8000824,-0.9000824,-0.6000824,-0.4000824,-0.3000824,-8.239746E-5,-0.5000824,0.4999176,0.8999176,1.0999177,0.2999176,-0.1000824,-0.3000824,0.9999176,2.0999177,2.2999177,2.6999176,1.8999176,0.6999176,-0.20008239,1.3999176,4.2999177,4.0999174,3.2999177,3.9999175
5.2999177,5.9999175,7.4999175,1.2999176,0.4999176,-0.20008239,-1.6000824,-0.1000824,-1.4000823,-6.2000823,-6.5000825,-7.0000825,-5.4000826,-4.7000823,-3.1000824,-2.9000823,-2.3000824,-0.8000824,0.8999176,3.6999176,5.7999177,6.4999175,6.5999174,6.4999175,6.4999175,4.3999176,3.8999176,3.4999175,3.0999177,2.2999177,1.4999176,0.9999176,0.3999176,0.2999176,-1.2000824,-2.8000824,-2.8000824,-2.1000824,-2.4000823,-2.4000823,-1.0000824,0.4999176,0.2999176,0.1999176,0.099917606,-0.9000824,-0.3000824,0.5999176,1.9999176,1.8999176,1.4999176,1.4999176,1.3999176,0.099917606,2.6999176,4.2999177,4.3999176,3.5999177,3.5999177
5.699918,4.9999175,5.7999177,-0.3000824,0.9999176,0.099917606,-1.3000824,-1.9000823,-2.0000825,-5.5000825,-8.700083,-8.000082,-6.2000823,-4.7000823,-4.9000826,-4.800082,-3.3000824,1.0999177,3.3999176,5.3999176,5.699918,5.9999175,6.8999176,6.9999175,6.7999177,5.8999176,4.199918,3.2999177,1.5999177,2.2999177,1.5999177,1.0999177,0.5999176,-0.20008239,-1.6000824,-2.2000823,-2.4000823,-2.9000823,-3.5000825,-2.1000824,-8.239746E-5,-0.9000824,-0.8000824,0.099917606,-0.7000824,-1.8000824,0.8999176,2.7999177,1.2999176,0.9999176,1.8999176,1.4999176,0.7999176,1.7999176,2.9999175,4.2999177,3.6999176,3.9999175,3.6999176
5.3999176,4.199918,4.699918,-0.1000824,-1.3000824,-0.4000824,0.5999176,1.1999176,1.5999177,-0.8000824,-6.6000824,-7.9000826,-6.2000823,-5.4000826,-4.7000823,-3.1000824,3.2999177,7.199918,8.399918,7.5999174,9.899918,10.999918,9.399918,6.9999175,6.5999174,5.0999174,3.9999175,2.8999176,0.6999176,1.2999176,1.3999176,0.3999176,-0.5000824,-1.3000824,-2.9000823,-2.3000824,-3.5000825,-3.9000823,-3.9000823,-1.3000824,-1.1000824,-1.5000824,-1.4000823,-0.7000824,0.099917606,-0.9000824,1.9999176,1.3999176,1.5999177,1.0999177,0.7999176,0.7999176,0.5999176,1.0999177,2.0999177,3.1999176,2.3999176,3.1999176,2.9999175
5.0999174,3.3999176,0.099917606,0.4999176,0.3999176,1.1999176,3.6999176,2.3999176,0.9999176,-3.3000824,-6.6000824,-8.900083,-7.4000826,-2.6000824,-5.9000826,-2.0000825,5.2999177,6.3999176,6.7999177,10.199918,12.299917,12.599917,10.599917,8.199918,4.4999175,3.9999175,3.1999176,1.9999176,-1.3000824,-1.3000824,-0.4000824,-0.20008239,-1.6000824,-2.0000825,-3.3000824,-3.8000824,-4.5000825,-3.8000824,-2.7000823,-2.5000825,-2.4000823,-1.6000824,-2.2000823,-0.6000824,0.5999176,1.7999176,1.9999176,0.8999176,0.5999176,-0.20008239,0.4999176,0.5999176,1.4999176,2.2999177,3.5999177,3.4999175,3.6999176,2.0999177,1.3999176
4.4999175,2.4999175,0.8999176,0.2999176,1.3999176,0.5999176,3.8999176,-0.4000824,-0.6000824,-1.5000824,-5.300082,-7.5000825,-7.6000824,-1.2000824,-1.8000824,6.0999174,7.2999177,11.799917,11.899918,10.499918,8.999918,9.999918,8.199918,6.199918,2.7999177,1.6999176,2.0999177,0.3999176,-1.8000824,-2.8000824,-2.2000823,-1.5000824,-2.2000823,-3.4000823,-4.0000825,-5.2000823,-5.0000825,-4.300082,-3.4000823,-3.2000823,-0.1000824,0.5999176,-0.1000824,1.2999176,3.7999177,0.2999176,0.4999176,-0.1000824,0.4999176,0.2999176,1.0999177,0.9999176,1.7999176,4.4999175,4.4999175,3.8999176,3.2999177,2.7999177,1.3999176
4.199918,2.2999177,0.6999176,0.2999176,2.7999177,2.6999176,0.7999176,0.3999176,0.6999176,-0.5000824,-2.7000823,-1.7000824,1.6999176,0.9999176,3.4999175,4.9999175,7.8999176,11.899918,10.899918,10.499918,8.699918,8.699918,7.9999175,6.2999177,4.699918,2.7999177,0.1999176,-0.7000824,-2.2000823,-4.1000824,-4.2000823,-3.3000824,-4.4000826,-5.4000826,-5.6000824,-6.9000826,-4.4000826,-4.1000824,-2.4000823,-1.6000824,0.6999176,1.0999177,2.7999177,3.4999175,2.6999176,0.5999176,-8.239746E-5,-8.239746E-5,-0.20008239,0.9999176,1.2999176,1.5999177,3.1999176,4.199918,4.0999174,3.2999177,1.5999177,0.8999176,0.8999176
