nws-json/uv_20190820_12.f000.json
{"header": { "discipline":0, "disciplineName":"Meteorological products", "gribEdition":2, "gribLength":54742, "center":7, "centerName":"US National Weather Service - NCEP(WMC)", "subcenter":0, "refTime":"2019-08-20T12:00:00.000Z", "significanceOfRT":1, "significanceOfRTName":"Start of forecast", "productStatus":0, "productStatusName":"Operational products", "productType":1, "productTypeName":"Forecast products", "productDefinitionTemplate":0, "productDefinitionTemplateName":"Analysis/forecast at horizontal level/layer at a point in time", "parameterCategory":2, "parameterCategoryName":"Momentum", "parameterNumber":2, "parameterNumberName":"U-component_of_wind", "parameterUnit":"m.s-1", "genProcessType":2, "genProcessTypeName":"Forecast", "forecastTime":0, "surface1Type":220, "surface1TypeName":"Planetary Boundary Layer", "surface1Value":0.0, "surface2Type":255, "surface2TypeName":"Missing", "surface2Value":0.0, "gridDefinitionTemplate":0, "gridDefinitionTemplateName":"Latitude_Longitude", "numberPoints":65160, "shape":6, "shapeName":"Earth spherical with radius of 6,371,229.0 m", "gridUnits":"degrees", "resolution":48, "winds":"true", "scanMode":0, "nx":360, "ny":181, "basicAngle":0, "lo1":0.0, "la1":90.0, "lo2":359.0, "la2":-90.0, "dx":1.0, "dy":1.0 }, "data":
[rows 78 to 103 of 181, columns 0 to 58 of 360]
3.413086,4.213086,4.413086,6.1130857,6.1130857,5.413086,5.713086,6.313086,8.013086,9.213086,7.013086,5.713086,4.1130857,6.213086,5.413086,5.813086,8.413086,10.613086,5.913086,1.613086,0.8130859,2.413086,2.5130858,3.613086,4.213086,2.813086,2.813086,2.613086,2.113086,2.213086,0.91308594,1.8130859,1.013086,2.313086,1.613086,2.313086,2.713086,2.0130858,-7.086914,-9.186914,-4.486914,-3.4869142,-3.286914,-0.48691407,4.6130857,6.813086,7.813086,11.213086,6.813086,4.713086,3.313086,-0.8869141,2.613086,6.913086,7.913086,12.213086,13.813086,13.013086,13.613086
6.013086,5.513086,4.313086,7.513086,6.813086,5.713086,2.813086,5.513086,7.313086,7.313086,4.013086,4.013086,5.513086,4.813086,5.213086,9.813086,12.013086,11.313086,6.713086,2.5130858,3.913086,2.313086,2.713086,2.413086,3.913086,3.5130858,3.213086,2.613086,2.913086,2.213086,2.313086,1.7130859,2.113086,2.213086,2.813086,2.913086,3.313086,-1.886914,-5.986914,-9.786914,-5.086914,-1.0869141,3.313086,3.413086,-6.3869143,5.313086,9.213086,9.513086,1.013086,0.71308595,3.313086,3.813086,3.413086,8.313086,11.313086,12.713086,13.613086,13.513086,13.413086
6.013086,3.0130858,4.513086,7.013086,6.313086,5.1130857,1.4130859,5.513086,6.013086,6.313086,0.91308594,3.913086,1.8130859,2.0130858,4.313086,9.113086,8.813086,8.813086,7.1130857,5.413086,2.313086,2.113086,-0.08691406,2.0130858,1.513086,1.7130859,0.91308594,1.7130859,1.8130859,2.0130858,2.713086,2.813086,2.5130858,2.213086,2.5130858,1.4130859,1.613086,-0.78691405,-0.08691406,-3.086914,-2.686914,0.013085937,2.313086,1.8130859,1.613086,3.0130858,3.913086,6.513086,9.013086,8.713086,7.713086,-0.08691406,5.813086,9.813086,13.013086,13.213086,12.813086,13.213086,11.713086
6.013086,4.013086,3.0130858,4.6130857,6.413086,7.413086,6.213086,3.5130858,4.313086,5.813086,5.913086,2.813086,-2.4869142,-0.08691406,3.413086,6.1130857,7.513086,7.513086,4.813086,3.113086,2.313086,1.513086,2.213086,1.613086,0.41308594,0.21308593,-0.38691407,-0.38691407,0.6130859,1.513086,1.7130859,0.51308596,0.71308595,2.0130858,1.613086,0.8130859,0.013085937,0.71308595,-4.8869143,-6.186914,-3.4869142,-1.386914,-0.08691406,3.213086,4.913086,5.6130857,8.113086,8.913086,10.013086,11.513086,10.413086,4.713086,7.513086,13.313086,13.813086,13.513086,11.713086,11.813086,10.813086
4.413086,4.913086,3.913086,5.1130857,3.413086,5.6130857,5.713086,4.713086,4.1130857,5.513086,6.213086,2.113086,1.3130859,-1.5869141,4.513086,4.013086,6.713086,5.413086,3.713086,1.013086,1.613086,2.0130858,1.113086,-0.28691405,0.31308594,1.013086,0.51308596,0.51308596,0.013085937,0.11308594,0.31308594,-0.48691407,0.013085937,-1.5869141,4.413086,2.613086,-0.38691407,-0.98691404,-6.786914,-2.186914,-3.386914,-2.9869142,0.11308594,5.013086,7.6130857,9.213086,9.913086,9.813086,10.913086,10.913086,1.2130859,7.1130857,11.313086,14.113086,13.113086,12.913086,11.513086,11.013086,9.713086
3.313086,4.713086,4.713086,4.813086,2.413086,4.6130857,5.213086,3.613086,3.113086,5.413086,2.813086,2.313086,0.41308594,0.31308594,3.5130858,2.413086,2.113086,2.113086,3.0130858,2.113086,0.41308594,-0.08691406,0.31308594,-0.8869141,-0.58691406,0.31308594,-0.28691405,-1.2869141,-0.58691406,-0.8869141,-1.386914,-1.386914,-2.086914,-2.386914,-0.08691406,1.513086,-1.0869141,0.013085937,0.91308594,-9.886914,-2.286914,0.6130859,2.813086,4.713086,7.513086,10.413086,9.413086,9.413086,10.213086,10.113086,5.813086,9.913086,12.613086,13.213086,12.413086,11.613086,10.113086,9.713086,8.713086
5.313086,6.013086,6.913086,6.513086,5.413086,5.713086,4.713086,4.913086,3.713086,1.9130859,2.5130858,-1.486914,0.11308594,2.613086,3.613086,5.513086,3.913086,2.113086,1.8130859,0.91308594,-0.38691407,-1.486914,1.113086,-1.0869141,-0.78691405,-0.18691406,-0.8869141,-0.98691404,-0.48691407,-1.7869141,-1.6869141,-2.586914,-1.7869141,-1.1869141,1.3130859,0.21308593,1.3130859,0.31308594,0.013085937,-1.1869141,1.013086,2.0130858,4.713086,7.013086,8.213086,9.113086,8.313086,9.313086,9.813086,6.1130857,9.113086,12.113086,12.413086,11.813086,12.013086,11.213086,9.213086,8.813086,7.6130857
6.313086,4.6130857,4.513086,4.1130857,4.1130857,5.013086,4.713086,4.213086,4.313086,2.813086,0.51308596,2.313086,3.213086,5.013086,4.713086,5.313086,3.813086,2.313086,1.613086,1.113086,-2.186914,-2.186914,1.7130859,-0.28691405,-2.386914,0.71308595,0.21308593,-0.98691404,-0.98691404,-2.186914,-2.686914,-2.086914,-2.686914,-0.98691404,-2.186914,-0.6869141,-1.986914,-1.986914,-1.7869141,-1.5869141,2.213086,3.713086,4.1130857,6.6130857,7.313086,6.1130857,8.413086,9.013086,9.113086,9.113086,11.513086,12.513086,11.413086,10.313086,9.413086,9.113086,8.513086,7.713086,6.013086
4.713086,3.813086,3.313086,2.5130858,3.713086,3.613086,4.313086,4.913086,5.413086,4.013086,4.413086,5.413086,4.413086,5.013086,3.5130858,3.113086,3.213086,0.6130859,0.6130859,-0.58691406,-1.5869141,-1.6869141,0.21308593,-0.78691405,-1.6869141,-0.48691407,1.2130859,-0.38691407,-2.186914,-2.286914,-2.786914,-2.786914,-1.7869141,-1.5869141,-3.086914,-3.9869142,4.1130857,-2.786914,-3.886914,-0.48691407,1.513086,3.0130858,3.813086,4.913086,6.413086,5.913086,8.113086,6.913086,9.213086,10.513086,11.013086,11.813086,10.713086,9.613086,8.513086,8.113086,7.013086,6.413086,5.513086
4.1130857,3.413086,2.413086,3.213086,2.913086,2.813086,3.113086,5.913086,5.313086,6.713086,6.713086,4.513086,3.813086,4.813086,4.313086,2.313086,1.7130859,1.013086,-0.8869141,-0.08691406,-0.78691405,-2.186914,-4.486914,-2.886914,-1.1869141,0.71308595,1.513086,1.8130859,-1.886914,-1.886914,-3.186914,-1.386914,-2.386914,-1.486914,-2.886914,-1.886914,-3.186914,-3.386914,-4.186914,-1.7869141,0.8130859,2.713086,3.313086,3.713086,4.813086,6.013086,6.713086,9.513086,9.813086,10.613086,10.613086,11.013086,10.013086,8.613086,7.913086,6.813086,5.913086,6.1130857,4.713086
2.413086,2.913086,2.413086,3.113086,2.913086,2.5130858,3.813086,5.313086,4.713086,3.713086,5.213086,3.413086,3.0130858,3.113086,4.713086,4.513086,2.813086,1.3130859,2.113086,-1.0869141,0.8130859,1.513086,-4.986914,0.013085937,-0.28691405,0.71308595,1.8130859,0.8130859,2.413086,-3.186914,-3.4869142,-1.486914,-1.5869141,-1.386914,-0.58691406,-1.7869141,-0.48691407,-3.386914,-4.986914,-2.186914,-0.38691407,1.7130859,1.513086,2.913086,2.613086,5.513086,7.713086,8.813086,9.713086,9.713086,9.213086,9.113086,8.313086,8.213086,7.313086,6.213086,5.6130857,5.1130857,5.413086
2.0130858,2.813086,3.113086,2.713086,2.613086,2.813086,4.013086,3.413086,3.613086,2.913086,1.9130859,2.5130858,2.913086,3.113086,5.013086,4.6130857,1.9130859,2.0130858,1.113086,-0.08691406,0.31308594,-0.6869141,-2.686914,0.51308596,0.11308594,-0.6869141,-0.78691405,1.9130859,1.013086,0.31308594,-2.586914,-1.1869141,-0.98691404,-0.58691406,-0.28691405,-1.486914,-1.7869141,-3.586914,-3.9869142,-2.386914,-0.58691406,0.11308594,-0.18691406,1.013086,3.813086,5.413086,7.413086,8.013086,7.813086,7.313086,7.813086,7.013086,7.313086,7.313086,6.313086,6.313086,5.6130857,5.513086,5.813086
2.213086,2.813086,3.5130858,2.813086,2.613086,2.613086,3.413086,4.013086,3.713086,4.013086,2.613086,2.113086,1.613086,1.8130859,2.913086,2.913086,3.0130858,1.9130859,2.313086,1.013086,0.41308594,-0.18691406,-3.886914,0.71308595,0.41308594,0.11308594,1.4130859,-0.38691407,1.013086,1.8130859,-3.686914,-1.986914,-3.9869142,0.8130859,3.913086,1.8130859,-2.186914,-1.5869141,-1.0869141,-1.486914,-0.48691407,-0.08691406,-0.58691406,3.213086,4.813086,5.413086,5.913086,5.913086,5.513086,5.413086,4.713086,4.913086,4.713086,5.413086,5.913086,5.713086,5.713086,5.813086,6.313086
3.0130858,1.8130859,2.713086,2.213086,1.8130859,3.313086,3.313086,4.013086,3.113086,3.613086,2.813086,2.613086,1.9130859,1.4130859,1.113086,2.313086,2.0130858,1.613086,1.613086,1.8130859,0.11308594,-1.386914,0.31308594,-1.5869141,0.013085937,0.6130859,0.6130859,0.71308595,1.7130859,-2.686914,-3.286914,-4.786914,-3.9869142,1.613086,6.413086,1.013086,-3.286914,-0.8869141,-1.1869141,-1.486914,-1.386914,-0.58691406,1.3130859,3.413086,4.1130857,3.813086,2.613086,5.013086,3.813086,2.313086,2.813086,2.713086,2.5130858,4.513086,4.1130857,4.6130857,4.913086,3.613086,4.813086
3.0130858,2.213086,2.913086,1.613086,0.91308594,2.213086,3.5130858,3.813086,3.213086,2.5130858,1.8130859,1.113086,0.41308594,-0.8869141,-0.18691406,-0.6869141,-1.2869141,0.71308595,0.013085937,0.21308593,0.6130859,-0.48691407,-0.28691405,-0.58691406,0.91308594,2.313086,1.8130859,2.0130858,4.313086,-0.48691407,-1.7869141,-2.686914,-3.186914,1.2130859,2.213086,-2.886914,-1.886914,-2.586914,-1.7869141,-1.886914,-2.686914,-0.38691407,2.413086,2.813086,3.613086,1.2130859,1.4130859,2.313086,1.613086,1.2130859,0.11308594,1.4130859,1.513086,1.513086,2.813086,3.613086,4.213086,3.113086,4.1130857
2.313086,1.513086,1.8130859,2.213086,2.5130858,3.313086,3.113086,2.413086,3.413086,3.413086,3.213086,2.113086,1.3130859,1.013086,-0.18691406,0.71308595,-1.5869141,-1.1869141,-1.5869141,-0.6869141,-0.08691406,-0.38691407,-1.886914,-1.5869141,-0.38691407,-0.08691406,1.113086,1.113086,2.613086,-3.786914,-1.886914,-1.886914,-2.186914,-1.886914,-0.98691404,-1.7869141,-2.286914,-2.786914,0.21308593,-1.986914,-1.1869141,1.113086,1.013086,2.5130858,0.8130859,-0.28691405,0.41308594,0.41308594,0.21308593,-1.886914,-0.58691406,1.513086,1.8130859,-0.28691405,0.21308593,0.8130859,0.41308594,0.91308594,2.313086
0.51308596,2.0130858,1.2130859,2.0130858,2.0130858,3.5130858,4.013086,2.913086,3.213086,3.913086,3.313086,2.713086,3.113086,1.613086,2.313086,1.7130859,1.613086,-1.6869141,-0.8869141,-0.8869141,-0.6869141,-0.78691405,-1.1869141,-1.7869141,-2.586914,-1.986914,-1.486914,-1.1869141,-2.086914,-2.386914,-2.4869142,-2.786914,-2.186914,-1.886914,-0.8869141,-1.1869141,-3.286914,-3.4869142,-1.886914,-2.286914,0.71308595,1.513086,0.6130859,1.3130859,-0.58691406,-1.386914,-0.98691404,-0.38691407,-1.386914,-1.6869141,-1.1869141,-1.0869141,0.013085937,-1.0869141,0.11308594,-2.286914,-1.5869141,-1.486914,-2.786914
0.91308594,0.31308594,0.6130859,1.7130859,2.213086,2.913086,3.913086,4.413086,3.613086,3.613086,3.113086,2.213086,3.213086,2.5130858,2.0130858,1.7130859,0.11308594,-1.386914,-0.78691405,0.013085937,-0.98691404,-0.98691404,-0.8869141,-2.086914,-1.986914,-1.886914,-2.286914,-2.386914,-1.7869141,-2.686914,-3.586914,-3.286914,-2.9869142,-2.9869142,-3.286914,-3.586914,-2.686914,-3.386914,-4.786914,-0.6869141,-0.58691406,1.2130859,-0.18691406,0.31308594,-0.58691406,-2.286914,-2.186914,-1.5869141,-2.4869142,-3.9869142,-2.786914,-3.9869142,-3.786914,-3.686914,-3.786914,-3.386914,-2.786914,-3.686914,-5.186914
0.41308594,0.11308594,-0.08691406,0.11308594,0.51308596,1.513086,2.213086,2.713086,3.213086,3.213086,2.713086,0.91308594,1.113086,2.413086,2.713086,-0.58691406,-1.986914,-2.886914,-3.586914,-3.386914,-2.586914,-2.286914,-2.586914,-2.086914,-1.486914,-1.7869141,-2.4869142,-2.586914,-4.3869143,-6.486914,1.2130859,-3.086914,-3.086914,-2.086914,-2.386914,-3.686914,-4.186914,-3.4869142,-1.986914,-2.186914,-0.98691404,-0.58691406,-1.6869141,-0.8869141,-1.7869141,-3.686914,-3.686914,-3.586914,-3.286914,-5.986914,-5.086914,-5.186914,-3.386914,-3.386914,-4.486914,-4.786914,-2.686914,-4.186914,-4.786914
-0.18691406,-0.58691406,-0.8869141,-0.6869141,-0.6869141,0.11308594,1.7130859,2.0130858,2.113086,4.1130857,1.7130859,1.4130859,-2.286914,1.613086,1.2130859,0.31308594,-3.686914,-2.386914,-2.586914,-3.086914,-2.9869142,-2.386914,-1.7869141,-0.78691405,-0.58691406,-0.8869141,-2.186914,-2.786914,-1.1869141,-2.4869142,-1.986914,-2.786914,-1.986914,-2.086914,-2.4869142,-1.986914,-1.886914,-2.886914,-0.78691405,-3.086914,-1.486914,-1.386914,-1.386914,-0.8869141,-2.586914,-5.486914,-4.986914,-4.286914,-3.9869142,-7.8869143,-7.286914,-6.686914,-4.686914,-6.586914,-6.586914,-5.686914,-6.286914,-6.186914,-5.586914
-1.0869141,-1.386914,-1.386914,-1.7869141,-1.7869141,-0.8869141,0.41308594,0.91308594,1.8130859,2.313086,0.41308594,-2.586914,-3.586914,1.7130859,-0.8869141,-3.9869142,-5.286914,-3.786914,-2.4869142,-2.286914,-2.786914,-1.6869141,-1.2869141,-0.58691406,0.013085937,-0.28691405,-0.6869141,0.013085937,-2.086914,-1.1869141,-3.086914,1.2130859,-1.6869141,-1.886914,-1.5869141,0.6130859,-1.986914,-0.28691405,-0.78691405,-3.686914,-3.186914,-2.286914,-0.78691405,-0.18691406,0.41308594,-3.4869142,-6.086914,-6.586914,-6.786914,-8.486914,-10.386914,-7.186914,-5.486914,-8.886914,-9.886914,-9.086914,-8.886914,-9.486914,-8.486914
-2.4869142,-2.386914,-2.586914,-2.586914,-2.686914,-1.5869141,-0.48691407,0.21308593,0.41308594,2.0130858,0.8130859,-2.886914,-2.4869142,1.9130859,-0.08691406,-5.086914,-4.586914,-4.186914,-2.9869142,-3.186914,-2.4869142,-2.786914,-1.6869141,-0.8869141,-0.28691405,-1.0869141,-0.78691405,-1.5869141,-2.586914,2.0130858,-1.486914,-2.186914,-1.886914,0.91308594,-0.48691407,-4.3869143,-1.0869141,-1.1869141,-1.386914,-4.186914,-7.286914,-2.4869142,-1.386914,-0.28691405,0.21308593,-0.38691407,-6.086914,-8.586914,-8.986914,-9.386914,-10.086914,-7.286914,-7.986914,-9.186914,-10.886914,-10.886914,-12.186914,-11.986914,-10.686914
-3.4869142,-3.086914,-2.9869142,-2.786914,-2.286914,-1.6869141,-1.1869141,-0.98691404,-0.18691406,1.013086,1.2130859,-2.586914,-0.58691406,4.513086,0.31308594,-4.286914,-4.986914,-3.086914,-2.086914,-2.186914,-2.686914,-2.786914,-2.886914,-2.686914,-3.586914,-2.386914,-5.086914,-2.9869142,-3.386914,-3.286914,-3.086914,-2.786914,-2.686914,-2.186914,-5.586914,-1.2869141,-1.6869141,-1.986914,-1.6869141,-1.5869141,-11.886914,-3.386914,-0.28691405,0.51308596,-1.2869141,-0.58691406,-1.2869141,-8.786914,-10.386914,-11.586914,-9.486914,-6.186914,-9.086914,-10.286914,-11.786914,-11.286914,-11.886914,-12.486914,-11.786914
-4.3869143,-3.886914,-3.386914,-2.9869142,-3.186914,-1.986914,-1.386914,-1.5869141,0.21308593,0.91308594,0.31308594,-0.38691407,2.413086,3.613086,5.6130857,-2.286914,-2.286914,-2.4869142,-1.2869141,-1.986914,-3.186914,-3.686914,-3.4869142,-4.3869143,-6.086914,-6.286914,-6.8869143,-5.786914,-5.286914,-5.3869143,-3.586914,-3.9869142,-4.586914,-3.386914,-3.186914,-2.786914,-1.6869141,-1.386914,-1.486914,-1.6869141,-2.686914,-2.386914,-0.98691404,-0.48691407,-2.186914,-0.78691405,1.3130859,-1.986914,-11.786914,-10.786914,-8.086914,-8.786914,-11.286914,-10.486914,-12.186914,-11.286914,-11.486914,-11.586914,-12.986914
-4.986914,-4.686914,-4.086914,-3.686914,-3.386914,-2.9869142,-2.186914,-1.2869141,1.3130859,1.2130859,0.013085937,0.013085937,1.3130859,3.613086,2.713086,-1.886914,-2.186914,-2.586914,-3.086914,-4.786914,-5.286914,-5.3869143,-5.686914,-5.486914,-7.186914,-7.3869143,-7.686914,-7.3869143,-7.486914,-6.686914,-6.086914,-6.186914,-3.686914,-3.686914,-3.286914,-1.986914,-4.3869143,-1.7869141,-1.386914,-2.4869142,-2.186914,-2.586914,-0.98691404,-0.18691406,0.6130859,0.11308594,1.9130859,2.913086,2.813086,-12.886914,-8.386914,-8.686914,-9.886914,-10.886914,-11.886914,-11.886914,-10.786914,-11.686914,-12.686914
-5.586914,-5.3869143,-4.786914,-3.886914,-3.586914,-3.586914,-2.786914,-1.7869141,-0.18691406,0.6130859,0.6130859,0.51308596,1.3130859,3.713086,-1.386914,-2.4869142,-2.9869142,-4.3869143,-5.186914,-5.586914,-4.8869143,-5.086914,-6.186914,-6.486914,-6.486914,-7.286914,-8.486914,-8.186914,-7.786914,-7.786914,-7.486914,-7.3869143,-4.486914,-5.3869143,-4.186914,-1.886914,-1.386914,0.21308593,-0.28691405,-1.386914,-1.486914,-3.286914,0.11308594,0.11308594,0.013085937,-1.486914,-0.6869141,0.91308594,4.413086,-6.486914,-7.486914,-6.786914,-8.686914,-10.986914,-10.786914,-11.586914,-12.086914,-11.586914,-11.786914
