nws-json/uv_20190820_12.f000.json
{"header": { "discipline":0, "disciplineName":"Meteorological products", "gribEdition":2, "gribLength":54742, "center":7, "centerName":"US National Weather Service - NCEP(WMC)", "subcenter":0, "refTime":"2019-08-20T12:00:00.000Z", "significanceOfRT":1, "significanceOfRTName":"Start of forecast", "productStatus":0, "productStatusName":"Operational products", "productType":1, "productTypeName":"Forecast products", "productDefinitionTemplate":0, "productDefinitionTemplateName":"Analysis/forecast at horizontal level/layer at a point in time", "parameterCategory":2, "parameterCategoryName":"Momentum", "parameterNumber":2, "parameterNumberName":"U-component_of_wind", "parameterUnit":"m.s-1", "genProcessType":2, "genProcessTypeName":"Forecast", "forecastTime":0, "surface1Type":220, "surface1TypeName":"Planetary Boundary Layer", "surface1Value":0.0, "surface2Type":255, "surface2TypeName":"Missing", "surface2Value":0.0, "gridDefinitionTemplate":0, "gridDefinitionTemplateName":"Latitude_Longitude", "numberPoints":65160, "shape":6, "shapeName":"Earth spherical with radius of 6,371,229.0 m", "gridUnits":"degrees", "resolution":48, "winds":"true", "scanMode":0, "nx":360, "ny":181, "basicAngle":0, "lo1":0.0, "la1":90.0, "lo2":359.0, "la2":-90.0, "dx":1.0, "dy":1.0 }, "data":
[rows 104 to 129 of 181, columns 236 to 294 of 360]
-10.086914,-9.586914,-9.686914,-9.686914,-9.186914,-9.186914,-8.986914,-8.786914,-9.186914,-9.186914,-9.186914,-9.286914,-8.886914,-8.686914,-8.586914,-8.586914,-8.386914,-8.586914,-8.086914,-7.686914,-7.3869143,-7.186914,-6.786914,-6.586914,-6.186914,-5.8869143,-5.586914,-5.986914,-6.3869143,-6.486914,-6.286914,-6.086914,-6.086914,-6.3869143,-6.586914,-6.8869143,-6.8869143,-7.186914,-6.8869143,-6.8869143,-6.8869143,-6.786914,-6.786914,-6.8869143,-6.486914,-5.486914,-4.986914,-4.486914,0.71308595,-2.086914,-1.386914,0.11308594,0.41308594,-0.28691405,0.013085937,0.21308593,-1.5869141,-3.4869142,-4.986914
-9.686914,-9.686914,-9.786914,-9.686914,-9.486914,-8.886914,-8.786914,-8.386914,-8.386914,-8.386914,-8.686914,-8.586914,-8.386914,-8.686914,-8.386914,-8.286914,-8.086914,-7.486914,-7.486914,-7.686914,-7.186914,-6.786914,-6.686914,-6.586914,-6.186914,-5.786914,-5.686914,-5.486914,-5.8869143,-6.086914,-6.3869143,-5.986914,-5.786914,-6.086914,-6.486914,-6.986914,-6.8869143,-7.086914,-6.8869143,-6.3869143,-7.086914,-6.8869143,-6.986914,-6.986914,-6.586914,-6.3869143,-5.986914,-6.286914,-5.486914,1.113086,-1.886914,-0.48691407,-0.48691407,0.71308595,0.41308594,-0.38691407,-0.38691407,-5.986914,-4.3869143
-8.486914,-8.586914,-8.486914,-8.386914,-8.486914,-7.986914,-8.186914,-7.986914,-7.986914,-7.786914,-7.986914,-7.586914,-7.686914,-7.3869143,-7.186914,-7.286914,-6.786914,-6.986914,-6.686914,-6.3869143,-6.586914,-6.3869143,-6.286914,-6.086914,-5.8869143,-5.686914,-5.586914,-5.286914,-5.286914,-5.286914,-5.586914,-5.686914,-5.686914,-5.986914,-6.286914,-6.786914,-6.686914,-6.786914,-6.686914,-6.586914,-6.786914,-6.686914,-6.686914,-6.686914,-6.586914,-6.486914,-6.486914,-6.3869143,-6.486914,-6.186914,-1.1869141,-0.8869141,0.11308594,-1.7869141,-0.08691406,-1.2869141,-0.08691406,-1.0869141,-2.286914
-6.586914,-6.8869143,-7.186914,-7.3869143,-7.8869143,-6.8869143,-7.186914,-6.586914,-6.586914,-6.586914,-5.8869143,-6.186914,-5.486914,-5.8869143,-5.3869143,-5.486914,-5.186914,-5.786914,-6.186914,-5.8869143,-5.486914,-5.586914,-5.286914,-5.286914,-5.486914,-5.286914,-5.286914,-5.186914,-5.086914,-4.986914,-4.986914,-5.086914,-5.486914,-5.686914,-5.986914,-5.986914,-5.986914,-6.3869143,-6.3869143,-6.286914,-6.586914,-6.186914,-6.486914,-6.3869143,-6.186914,-6.3869143,-6.3869143,-6.186914,-6.086914,-5.686914,-4.786914,-3.4869142,-1.6869141,-0.28691405,-1.486914,0.91308594,-0.08691406,0.41308594,0.11308594
-5.586914,-6.3869143,-5.486914,-5.586914,-6.3869143,-6.586914,-5.986914,-5.986914,-6.286914,-6.586914,-6.686914,-4.986914,-4.586914,-2.686914,-2.686914,-3.9869142,-3.286914,-3.586914,-3.786914,-4.986914,-4.286914,-4.186914,-4.186914,-4.286914,-4.786914,-4.786914,-4.486914,-4.3869143,-4.986914,-4.686914,-4.486914,-4.586914,-4.686914,-5.086914,-5.3869143,-5.486914,-5.486914,-5.786914,-5.8869143,-5.786914,-6.186914,-5.986914,-5.8869143,-6.086914,-5.986914,-6.286914,-5.986914,-5.586914,-5.3869143,-5.086914,-4.486914,-3.286914,-1.7869141,-0.8869141,-0.78691405,-0.28691405,0.51308596,-0.28691405,-0.8869141
-3.086914,-2.886914,-3.186914,-3.4869142,-3.386914,-3.786914,-3.686914,-4.286914,-4.186914,-4.3869143,-4.586914,-4.486914,-4.486914,-4.8869143,-5.3869143,-5.986914,-2.686914,-1.1869141,-2.286914,-2.886914,-2.886914,-3.186914,-2.9869142,-3.386914,-3.386914,-3.586914,-3.786914,-4.186914,-3.4869142,-3.9869142,-3.786914,-4.086914,-4.286914,-4.486914,-4.786914,-4.8869143,-4.986914,-5.286914,-5.486914,-5.286914,-5.3869143,-5.586914,-5.3869143,-5.3869143,-5.686914,-5.686914,-5.586914,-5.086914,-4.286914,-4.286914,-3.886914,-3.086914,-2.086914,-0.28691405,-0.08691406,-1.486914,-0.38691407,0.31308594,0.71308595
-2.4869142,-2.386914,-2.186914,-2.186914,-2.4869142,-2.886914,-3.386914,-3.686914,-3.786914,-3.586914,-3.786914,-3.9869142,-4.586914,-4.3869143,-4.3869143,-4.186914,-4.686914,-5.286914,-5.8869143,-6.586914,-2.286914,-1.2869141,-1.1869141,-2.386914,-1.486914,-1.1869141,-2.086914,-2.586914,-2.786914,-3.186914,-3.286914,-2.886914,-3.386914,-3.4869142,-3.886914,-4.086914,-4.186914,-4.686914,-4.786914,-4.986914,-5.286914,-4.8869143,-4.786914,-4.586914,-5.086914,-5.3869143,-5.186914,-4.586914,-3.386914,-3.086914,-2.586914,-2.186914,-1.386914,-0.18691406,0.41308594,-2.086914,-0.78691405,0.21308593,0.91308594
-0.98691404,-0.98691404,-0.98691404,-1.0869141,-1.2869141,-1.6869141,-2.086914,-2.286914,-2.4869142,-2.4869142,-2.386914,-3.086914,-4.486914,-5.086914,-4.586914,-4.186914,-4.586914,-4.8869143,-5.086914,-4.8869143,-5.786914,-5.8869143,-5.786914,0.8130859,0.31308594,0.21308593,1.013086,0.41308594,-0.6869141,-1.886914,-2.086914,-1.886914,-2.386914,-2.086914,-2.786914,-2.886914,-2.9869142,-3.186914,-4.186914,-4.286914,-4.786914,-4.686914,-4.086914,-3.886914,-4.086914,-4.3869143,-4.3869143,-3.886914,-2.886914,-1.986914,-1.5869141,-1.5869141,-0.98691404,-0.28691405,-0.18691406,-0.98691404,0.8130859,0.41308594,1.8130859
0.6130859,0.91308594,0.71308595,0.8130859,0.8130859,0.013085937,-0.18691406,-0.8869141,-1.0869141,-1.0869141,-1.886914,-2.886914,-2.786914,-3.286914,-3.386914,-3.186914,-3.686914,-4.186914,-3.686914,-3.586914,-3.4869142,-4.3869143,-4.686914,-4.186914,-4.3869143,-0.8869141,3.0130858,2.313086,1.513086,0.91308594,-0.18691406,-0.48691407,0.11308594,0.41308594,-0.98691404,-2.286914,-1.486914,-1.7869141,-2.586914,-3.186914,-3.686914,-3.9869142,-3.786914,-3.386914,-3.186914,-3.386914,-3.086914,-3.086914,-2.386914,-0.98691404,-0.78691405,-0.48691407,-0.08691406,0.91308594,-1.986914,-1.486914,-1.486914,0.41308594,1.113086
3.413086,3.313086,3.113086,3.213086,3.0130858,2.5130858,1.4130859,0.8130859,0.11308594,-0.38691407,-0.98691404,-1.386914,-1.6869141,-2.086914,-1.7869141,-3.186914,-2.286914,-2.786914,-2.786914,-3.786914,-4.3869143,-4.186914,-3.586914,-3.286914,-3.4869142,-2.686914,-2.4869142,-2.186914,4.413086,2.413086,2.713086,2.0130858,2.113086,0.6130859,2.213086,-0.58691406,-0.8869141,0.31308594,-0.58691406,-1.886914,-2.386914,-2.9869142,-3.086914,-2.886914,-3.086914,-2.386914,-1.5869141,-1.886914,-1.386914,-0.28691405,-0.18691406,0.11308594,-0.08691406,0.51308596,-1.486914,-2.4869142,-1.486914,2.113086,-0.08691406
6.813086,6.413086,6.313086,5.713086,5.413086,4.413086,3.5130858,2.613086,0.8130859,0.11308594,-0.58691406,-2.186914,-2.686914,-2.186914,-0.58691406,-1.0869141,-1.1869141,-0.98691404,-2.186914,-1.6869141,-2.186914,-2.086914,-1.6869141,-1.486914,-1.5869141,-1.2869141,-1.1869141,-0.78691405,-0.78691405,0.11308594,5.313086,4.813086,3.313086,5.1130857,3.213086,2.913086,0.51308596,0.51308596,1.013086,-1.0869141,-0.6869141,-1.2869141,-2.586914,-1.7869141,-1.7869141,-1.7869141,-1.386914,-0.78691405,-0.48691407,0.41308594,-0.6869141,0.013085937,0.31308594,0.91308594,-1.0869141,-2.386914,-1.486914,0.31308594,0.6130859
10.413086,10.113086,9.713086,9.413086,8.213086,6.813086,5.913086,3.613086,2.313086,-0.6869141,-0.58691406,-0.58691406,-0.38691407,-0.98691404,0.31308594,-2.286914,-1.6869141,-2.086914,-0.8869141,-0.38691407,-1.0869141,-0.78691405,-0.98691404,-0.58691406,-0.08691406,0.51308596,0.31308594,0.11308594,0.51308596,1.113086,2.313086,1.8130859,7.413086,5.6130857,6.413086,5.013086,4.213086,0.71308595,2.5130858,1.8130859,0.91308594,0.21308593,-0.38691407,-0.8869141,-0.58691406,-0.58691406,-0.78691405,-0.28691405,0.21308593,-0.08691406,-1.0869141,-0.48691407,1.4130859,3.413086,-0.8869141,-0.78691405,0.013085937,-1.1869141,0.11308594
14.013086,12.713086,11.913086,11.013086,11.013086,9.113086,6.913086,5.6130857,3.813086,2.5130858,1.613086,2.113086,0.91308594,0.91308594,1.2130859,0.31308594,0.71308595,-0.58691406,-0.58691406,0.21308593,0.8130859,0.6130859,1.613086,0.71308595,1.4130859,1.8130859,1.9130859,1.8130859,1.8130859,2.113086,2.413086,4.1130857,5.213086,5.213086,8.313086,7.1130857,6.1130857,5.1130857,2.0130858,3.0130858,2.613086,1.7130859,1.613086,0.8130859,0.11308594,0.51308596,0.6130859,-0.08691406,0.21308593,0.41308594,-0.58691406,-0.58691406,1.013086,2.613086,-1.6869141,-2.886914,1.3130859,3.213086,-0.58691406
16.513086,16.113087,14.613086,12.513086,12.513086,10.413086,8.813086,7.713086,4.013086,3.713086,3.0130858,2.613086,1.3130859,1.613086,-1.0869141,-0.98691404,0.11308594,0.11308594,2.413086,1.7130859,1.4130859,1.613086,2.5130858,2.413086,3.313086,3.613086,3.5130858,3.113086,2.813086,3.613086,4.6130857,4.413086,5.313086,5.713086,6.1130857,9.913086,8.513086,7.013086,6.713086,3.413086,4.913086,3.213086,3.113086,2.113086,1.113086,1.3130859,1.4130859,1.013086,0.41308594,1.2130859,0.013085937,-0.58691406,0.71308595,1.2130859,-2.786914,-2.386914,3.913086,3.313086,1.113086
20.613087,20.413086,17.513086,14.813086,13.413086,11.313086,9.613086,4.813086,5.413086,4.413086,3.913086,4.013086,-1.0869141,1.2130859,1.8130859,2.613086,1.7130859,2.0130858,2.413086,1.9130859,2.913086,3.113086,3.413086,4.413086,4.6130857,4.813086,4.913086,5.1130857,4.713086,5.313086,5.6130857,6.1130857,6.513086,7.313086,6.813086,7.913086,9.413086,10.313086,9.013086,7.913086,4.713086,5.1130857,5.1130857,4.1130857,3.413086,2.5130858,1.9130859,1.8130859,1.513086,0.51308596,-0.18691406,0.8130859,1.4130859,-1.486914,-3.586914,-1.7869141,2.313086,0.21308593,0.21308593
20.013086,22.713085,19.113087,17.113087,13.513086,9.613086,8.413086,4.413086,4.313086,4.913086,2.613086,4.413086,3.713086,2.5130858,1.2130859,2.613086,3.713086,3.713086,3.913086,3.613086,4.313086,5.1130857,5.913086,6.413086,6.6130857,7.013086,6.913086,7.013086,6.913086,6.913086,7.813086,8.213086,7.813086,8.813086,9.613086,9.013086,8.513086,8.113086,11.213086,9.213086,8.113086,6.013086,5.713086,6.413086,4.6130857,3.313086,1.8130859,2.313086,2.113086,1.613086,0.21308593,0.21308593,1.2130859,-1.1869141,-2.886914,2.813086,-1.0869141,-1.7869141,-2.9869142
16.413086,16.813086,23.113087,20.413086,16.913086,6.813086,1.513086,1.7130859,4.313086,5.213086,4.413086,4.213086,4.813086,4.213086,4.313086,3.913086,4.1130857,5.013086,4.213086,4.913086,5.913086,6.6130857,7.713086,8.413086,8.913086,10.013086,8.913086,8.713086,9.013086,9.013086,10.013086,10.613086,11.013086,11.313086,11.213086,11.413086,10.713086,10.213086,9.513086,11.813086,10.013086,8.213086,6.213086,6.513086,6.1130857,3.213086,2.913086,2.0130858,2.613086,2.213086,1.3130859,0.21308593,1.513086,-1.486914,-3.4869142,1.013086,-1.986914,-3.086914,-7.686914
16.613087,17.313086,18.313086,25.413086,10.113086,1.113086,-1.386914,0.8130859,6.913086,5.313086,4.313086,4.013086,4.6130857,4.713086,5.013086,5.413086,4.1130857,5.813086,5.413086,5.1130857,7.1130857,8.313086,10.213086,10.713086,11.213086,11.513086,11.413086,11.713086,11.213086,11.513086,11.313086,11.813086,12.713086,13.013086,13.013086,12.513086,12.113086,12.013086,10.513086,10.713086,11.513086,9.813086,7.1130857,6.6130857,6.1130857,4.013086,4.013086,2.613086,2.113086,2.413086,1.613086,0.8130859,0.11308594,-2.786914,1.9130859,1.113086,-0.58691406,0.71308595,-0.28691405
-4.186914,14.213086,7.413086,3.413086,-10.086914,-6.8869143,-4.786914,2.313086,5.213086,5.913086,4.213086,4.813086,4.513086,4.513086,5.513086,5.413086,5.713086,5.413086,6.213086,7.813086,8.413086,11.013086,10.813086,11.313086,12.613086,13.013086,13.413086,14.413086,14.513086,14.013086,14.013086,13.613086,13.813086,13.913086,13.713086,13.413086,13.813086,13.613086,12.213086,11.213086,10.913086,12.313086,9.413086,6.713086,5.513086,4.213086,3.913086,2.413086,2.713086,1.7130859,2.313086,0.91308594,0.013085937,-2.586914,5.713086,0.8130859,0.8130859,-0.38691407,-1.386914
-9.386914,-9.986914,-14.086914,-12.786914,-9.786914,-2.9869142,3.113086,2.813086,1.4130859,4.213086,3.313086,4.713086,6.6130857,5.713086,5.6130857,6.013086,6.313086,7.6130857,9.113086,9.813086,10.613086,11.813086,11.813086,12.713086,13.513086,14.513086,15.313086,16.013086,16.813086,16.413086,15.713086,15.713086,15.113086,14.213086,14.513086,14.413086,13.913086,13.913086,13.513086,11.213086,9.913086,11.613086,10.013086,8.913086,5.513086,4.713086,1.4130859,3.313086,2.5130858,2.713086,1.013086,2.0130858,0.71308595,-1.2869141,2.813086,-1.1869141,-3.086914,-4.486914,0.51308596
-9.386914,-8.186914,-6.8869143,-4.586914,-2.786914,-1.6869141,0.21308593,2.613086,6.013086,4.013086,6.813086,6.6130857,8.113086,8.113086,6.313086,8.013086,8.513086,9.613086,10.513086,11.413086,12.413086,13.213086,13.913086,14.913086,15.513086,16.413086,17.413086,18.413086,18.613087,18.213085,17.313086,17.013086,16.313086,15.513086,14.613086,15.013086,14.113086,13.913086,14.413086,12.413086,11.413086,9.113086,11.713086,8.913086,5.513086,4.213086,2.213086,1.613086,2.913086,2.5130858,1.513086,1.2130859,0.71308595,-0.98691404,2.213086,-1.2869141,-2.086914,-3.786914,-2.686914
-2.686914,-2.186914,-1.1869141,1.8130859,2.713086,3.5130858,4.213086,6.013086,6.513086,6.913086,7.1130857,7.213086,8.013086,6.913086,9.213086,9.513086,10.013086,11.013086,11.313086,11.313086,13.113086,13.513086,14.213086,15.813086,16.713085,17.913086,19.213085,19.313086,19.613087,19.713085,17.613087,17.313086,17.213085,16.613087,15.813086,15.213086,14.513086,15.113086,14.813086,13.313086,12.213086,10.613086,10.513086,6.413086,6.413086,3.613086,3.0130858,1.2130859,2.113086,1.513086,1.113086,2.813086,-0.98691404,-1.0869141,5.713086,-1.5869141,-1.1869141,-3.786914,-5.186914
3.113086,4.213086,4.913086,5.013086,6.013086,6.6130857,7.013086,7.913086,10.213086,9.713086,9.713086,7.813086,7.713086,8.213086,10.813086,9.513086,11.013086,11.113086,11.013086,11.613086,12.813086,13.813086,14.413086,15.313086,16.613087,18.013086,18.713085,19.413086,19.713085,19.113087,17.313086,17.113087,18.013086,16.513086,16.613087,16.413086,16.313086,16.913086,15.713086,14.413086,12.713086,11.413086,7.513086,5.813086,5.413086,4.513086,2.0130858,-0.58691406,-0.08691406,-0.8869141,0.6130859,0.8130859,0.41308594,-2.386914,2.113086,0.31308594,-1.386914,-2.886914,-6.086914
4.213086,6.1130857,6.6130857,8.113086,10.013086,11.113086,11.313086,11.613086,11.113086,10.513086,9.413086,9.613086,10.413086,11.713086,11.913086,10.913086,11.513086,12.213086,11.313086,11.913086,13.013086,13.813086,13.713086,14.113086,15.513086,16.213085,17.413086,17.613087,17.613087,15.813086,14.913086,16.513086,16.813086,16.513086,17.313086,17.313086,17.313086,16.513086,15.713086,14.013086,12.813086,10.513086,9.113086,8.013086,5.6130857,1.513086,0.013085937,-0.78691405,-1.386914,-0.78691405,-1.6869141,-1.2869141,0.21308593,0.6130859,1.013086,-0.6869141,-2.186914,-3.686914,-4.8869143
1.013086,2.213086,4.713086,5.413086,10.413086,11.613086,11.513086,11.713086,11.313086,10.013086,8.413086,9.213086,11.413086,11.713086,12.313086,12.013086,13.313086,12.013086,12.213086,12.613086,12.913086,13.313086,13.213086,13.313086,13.513086,13.813086,14.413086,14.113086,8.913086,12.513086,14.213086,16.013086,14.713086,16.013086,16.413086,17.513086,17.213085,15.313086,14.213086,11.513086,9.713086,8.913086,5.813086,6.513086,3.0130858,1.3130859,0.013085937,-1.6869141,-4.086914,-1.5869141,0.31308594,-0.58691406,-3.386914,-2.686914,-0.58691406,1.4130859,-2.886914,-2.886914,-3.4869142
2.5130858,4.1130857,5.1130857,6.1130857,8.513086,11.713086,13.713086,12.113086,12.513086,12.713086,12.413086,12.913086,13.413086,14.413086,13.713086,13.213086,13.413086,12.113086,12.913086,12.013086,12.413086,13.313086,12.213086,12.113086,12.013086,11.213086,9.813086,9.413086,11.513086,12.613086,13.713086,12.513086,13.713086,15.013086,16.113087,15.813086,14.713086,11.513086,10.413086,10.013086,10.213086,9.413086,6.6130857,5.013086,3.413086,1.013086,-2.286914,-4.486914,-4.586914,-2.686914,-5.186914,-2.686914,-4.786914,-1.5869141,-3.186914,-4.8869143,-4.286914,-3.4869142,-2.786914
