nws-json/uv_20190820_18.f000.json
{"header": { "discipline":0, "disciplineName":"Meteorological products", "gribEdition":2, "gribLength":55102, "center":7, "centerName":"US National Weather Service - NCEP(WMC)", "subcenter":0, "refTime":"2019-08-20T18:00:00.000Z", "significanceOfRT":1, "significanceOfRTName":"Start of forecast", "productStatus":0, "productStatusName":"Operational products", "productType":1, "productTypeName":"Forecast products", "productDefinitionTemplate":0, "productDefinitionTemplateName":"Analysis/forecast at horizontal level/layer at a point in time", "parameterCategory":2, "parameterCategoryName":"Momentum", "parameterNumber":2, "parameterNumberName":"U-component_of_wind", "parameterUnit":"m.s-1", "genProcessType":2, "genProcessTypeName":"Forecast", "forecastTime":0, "surface1Type":220, "surface1TypeName":"Planetary Boundary Layer", "surface1Value":0.0, "surface2Type":255, "surface2TypeName":"Missing", "surface2Value":0.0, "gridDefinitionTemplate":0, "gridDefinitionTemplateName":"Latitude_Longitude", "numberPoints":65160, "shape":6, "shapeName":"Earth spherical with radius of 6,371,229.0 m", "gridUnits":"degrees", "resolution":48, "winds":"true", "scanMode":0, "nx":360, "ny":181, "basicAngle":0, "lo1":0.0, "la1":90.0, "lo2":359.0, "la2":-90.0, "dx":1.0, "dy":1.0 }, "data":
[rows 26 to 51 of 181, columns 0 to 58 of 360]
11.412622,11.012622,11.012622,9.312622,9.312622,10.012622,11.712622,12.512622,13.812622,14.212622,10.912622,14.712622,4.012622,0.31262207,3.2126222,1.5126221,0.6126221,4.412622,3.612622,0.6126221,3.7126222,7.212622,8.012622,4.412622,5.1126223,6.012622,5.1126223,4.512622,6.212622,4.912622,5.412622,6.212622,5.6126223,3.612622,4.1126223,2.112622,3.612622,4.712622,3.7126222,0.9126221,1.3126221,1.5126221,2.012622,2.312622,3.512622,1.3126221,0.8126221,-1.287378,-1.787378,-1.1873779,-0.6873779,-1.0873779,-1.387378,-0.78737795,-1.887378,-2.2873778,-2.087378,-5.287378,-5.087378
13.512622,13.812622,13.812622,12.912622,11.812622,12.412622,12.812622,14.212622,6.912622,2.512622,-0.8873779,1.712622,1.9126221,6.1126223,8.012622,4.6126223,3.812622,4.6126223,3.7126222,7.212622,7.412622,5.312622,6.512622,5.912622,6.012622,5.512622,4.6126223,6.512622,3.512622,4.212622,4.312622,4.312622,4.1126223,3.812622,4.312622,3.312622,3.312622,2.912622,3.412622,4.412622,6.1126223,5.512622,4.912622,1.0126221,2.012622,0.31262207,0.51262206,0.11262207,-0.48737794,-0.18737793,-0.98737794,-1.387378,-2.187378,-1.4873779,-1.787378,-2.187378,-1.787378,-3.2873778,-8.287378
11.912622,12.512622,13.412622,13.312622,12.312622,9.112622,1.9126221,2.312622,1.712622,2.812622,2.412622,4.012622,6.512622,6.1126223,9.012622,8.512622,7.1126223,6.512622,4.712622,6.312622,6.012622,4.1126223,5.312622,6.712622,7.512622,4.712622,5.212622,7.512622,4.1126223,3.7126222,4.712622,3.2126222,3.012622,4.6126223,7.812622,7.912622,2.012622,2.2126222,1.9126221,1.5126221,1.9126221,1.3126221,3.512622,2.012622,2.312622,0.0126220705,-1.0873779,-0.08737793,0.71262205,0.21262208,-0.78737795,-0.98737794,-3.887378,-3.187378,-1.887378,-2.087378,-2.687378,-2.487378,-4.087378
9.712622,9.912622,9.712622,8.812622,7.512622,4.012622,1.9126221,2.512622,4.712622,4.012622,4.1126223,3.612622,4.712622,7.312622,7.412622,7.312622,8.712622,9.112622,6.6126223,4.212622,5.512622,6.6126223,4.6126223,5.1126223,6.512622,4.912622,4.712622,5.912622,7.412622,7.512622,7.012622,4.712622,5.212622,2.312622,1.0126221,2.312622,4.912622,2.512622,2.812622,1.212622,1.712622,0.41262206,2.012622,1.8126221,1.5126221,0.41262206,0.31262207,-0.28737792,0.41262206,0.8126221,0.11262207,0.0126220705,-1.5873779,-3.487378,-0.5873779,-1.887378,-2.087378,-1.6873779,-1.287378
7.812622,6.912622,6.412622,6.812622,6.412622,4.6126223,1.9126221,4.012622,6.312622,1.3126221,2.112622,3.812622,6.312622,6.6126223,6.212622,7.912622,7.6126223,7.1126223,2.612622,2.2126222,7.6126223,8.012622,7.312622,7.1126223,6.6126223,6.1126223,5.512622,5.012622,5.6126223,4.812622,1.4126221,1.4126221,0.11262207,-0.98737794,-0.6873779,0.41262206,1.612622,2.612622,4.012622,2.112622,0.6126221,0.41262206,2.2126222,1.3126221,0.8126221,0.51262206,0.41262206,0.71262205,0.9126221,0.71262205,0.8126221,0.31262207,0.11262207,-2.887378,-4.3873777,-3.587378,-2.487378,-4.187378,-2.2873778
6.1126223,6.212622,6.812622,7.012622,6.212622,7.412622,5.6126223,6.812622,7.912622,8.112622,10.012622,8.912622,8.312622,8.412622,9.312622,2.112622,2.812622,5.712622,5.6126223,7.912622,8.112622,5.012622,6.512622,5.712622,1.212622,4.512622,5.512622,6.512622,6.412622,5.012622,1.5126221,2.012622,1.212622,0.9126221,1.3126221,2.012622,1.3126221,2.412622,4.012622,0.41262206,0.71262205,0.41262206,0.9126221,0.8126221,0.8126221,1.0126221,0.8126221,0.41262206,0.51262206,0.41262206,1.5126221,0.31262207,-0.28737792,0.41262206,-4.8873777,-5.8873777,-5.787378,-5.087378,-10.187378
4.312622,4.312622,5.212622,6.512622,7.6126223,7.212622,7.412622,8.412622,8.712622,9.412622,10.212622,10.412622,5.412622,5.212622,7.812622,7.6126223,7.712622,7.312622,7.512622,6.6126223,7.912622,8.112622,7.1126223,7.812622,1.112622,1.3126221,1.4126221,3.812622,4.812622,1.5126221,1.9126221,1.5126221,0.41262206,1.112622,2.312622,1.712622,1.9126221,2.412622,1.9126221,2.612622,0.8126221,0.21262208,1.0126221,1.212622,1.4126221,1.3126221,0.11262207,0.11262207,1.612622,1.5126221,1.8126221,2.012622,1.0126221,0.8126221,-1.9873779,-4.987378,-6.187378,-9.087378,-11.187378
0.41262206,3.412622,4.512622,4.712622,4.912622,5.412622,6.012622,5.1126223,6.712622,8.312622,7.6126223,7.6126223,5.912622,1.4126221,6.712622,4.912622,5.212622,8.212622,9.512622,9.112622,5.912622,3.412622,2.612622,2.612622,4.012622,1.612622,2.112622,2.012622,1.8126221,0.71262205,1.612622,0.41262206,0.51262206,0.31262207,0.41262206,0.8126221,0.8126221,3.312622,3.912622,1.5126221,1.612622,1.112622,0.51262206,1.9126221,1.212622,1.3126221,0.41262206,0.8126221,0.6126221,0.11262207,2.112622,3.012622,3.312622,3.312622,3.612622,3.412622,1.0126221,-6.687378,-8.187378
0.0126220705,-0.08737793,2.2126222,2.912622,3.112622,1.712622,3.7126222,7.6126223,7.6126223,6.512622,6.412622,7.1126223,8.712622,3.612622,3.812622,6.712622,8.612622,9.212622,4.912622,3.612622,2.312622,-0.38737792,1.9126221,1.712622,-0.18737793,0.6126221,0.21262208,0.31262207,-0.78737795,0.6126221,0.0126220705,0.6126221,0.6126221,0.9126221,0.9126221,0.41262206,0.8126221,1.5126221,1.112622,1.112622,1.5126221,0.31262207,1.212622,0.41262206,0.21262208,0.9126221,0.9126221,1.0126221,-0.18737793,-0.28737792,-0.8873779,-0.78737795,-0.6873779,1.112622,2.512622,3.7126222,3.612622,5.6126223,6.812622
3.412622,4.312622,2.7126222,5.312622,8.912622,11.912622,11.712622,9.312622,7.812622,5.212622,6.812622,6.012622,4.912622,5.512622,4.212622,3.7126222,0.51262206,-0.08737793,-0.98737794,-2.487378,-4.487378,-2.387378,-0.28737792,1.4126221,1.112622,-0.98737794,-0.78737795,-0.6873779,-1.0873779,0.6126221,0.31262207,0.0126220705,0.51262206,1.9126221,1.112622,0.9126221,1.112622,1.712622,1.4126221,0.8126221,0.9126221,0.41262206,-0.6873779,0.0126220705,-0.18737793,-0.18737793,1.612622,0.6126221,1.8126221,2.7126222,1.212622,1.712622,1.4126221,3.612622,3.512622,3.312622,2.912622,2.112622,4.212622
7.312622,3.812622,5.012622,6.812622,8.612622,9.012622,8.712622,7.312622,6.212622,4.512622,2.012622,5.012622,1.712622,0.51262206,0.0126220705,-3.387378,-1.1873779,-0.78737795,-2.687378,-0.5873779,-2.987378,-1.5873779,-0.98737794,-0.8873779,-1.4873779,-2.087378,-0.98737794,-0.8873779,-1.887378,-0.28737792,-0.98737794,-1.6873779,-0.18737793,0.8126221,0.21262208,0.6126221,0.6126221,1.4126221,1.212622,0.31262207,-0.28737792,0.71262205,-0.18737793,1.3126221,-1.287378,-2.987378,-1.5873779,-1.0873779,-2.587378,-1.0873779,-1.1873779,-0.08737793,0.6126221,0.71262205,1.4126221,2.312622,5.512622,1.3126221,1.612622
4.012622,5.312622,1.9126221,2.612622,4.712622,6.012622,4.912622,3.912622,2.912622,3.412622,3.112622,4.012622,1.5126221,3.2126222,0.6126221,0.41262206,-0.5873779,1.9126221,-1.0873779,0.51262206,-2.887378,-1.387378,-1.1873779,0.41262206,-1.887378,-1.4873779,-1.887378,-0.08737793,-0.8873779,-1.1873779,-0.28737792,-1.387378,-1.787378,-1.0873779,-1.1873779,0.51262206,-0.48737794,0.11262207,0.11262207,-1.0873779,-0.38737792,-0.98737794,0.31262207,-0.28737792,-0.8873779,-2.387378,-2.987378,-4.487378,-3.087378,-3.687378,-2.887378,-2.987378,-1.787378,-0.98737794,-0.18737793,0.8126221,2.2126222,1.112622,7.212622
5.012622,3.2126222,3.912622,7.6126223,6.512622,5.312622,5.412622,4.512622,3.312622,1.0126221,3.012622,2.812622,2.7126222,5.812622,-1.387378,-0.98737794,-3.7873778,-4.587378,-2.887378,-5.787378,-4.587378,-4.487378,-5.587378,-2.7873778,-2.687378,-2.2873778,-3.087378,-2.687378,-2.2873778,1.112622,-0.6873779,-1.5873779,-2.387378,-0.98737794,-0.98737794,-0.78737795,-0.98737794,0.41262206,-1.6873779,-0.38737792,-0.98737794,-0.5873779,0.11262207,0.6126221,-0.8873779,-1.787378,-2.887378,-0.08737793,-7.287378,-4.987378,-2.587378,-0.38737792,2.012622,3.512622,1.712622,2.2126222,1.212622,1.212622,3.812622
6.212622,7.512622,8.712622,2.7126222,3.2126222,1.212622,2.412622,4.412622,1.212622,1.9126221,2.2126222,2.412622,6.812622,4.712622,2.612622,2.312622,-1.887378,-5.587378,-5.587378,-2.387378,-5.8873777,-6.3873777,-6.487378,-3.087378,-3.087378,-2.187378,-2.387378,-1.1873779,-0.6873779,-0.48737794,-0.78737795,-1.787378,-4.187378,-3.387378,-2.087378,-1.4873779,-0.18737793,-0.78737795,-1.6873779,-0.8873779,-1.5873779,-0.6873779,0.41262206,0.51262206,-1.0873779,-1.0873779,2.412622,0.0126220705,0.21262208,0.21262208,-0.78737795,0.51262206,0.71262205,3.112622,3.912622,2.012622,1.212622,3.312622,3.512622
7.1126223,6.1126223,4.812622,4.912622,4.012622,3.012622,2.912622,0.71262205,1.212622,0.41262206,-0.28737792,1.612622,2.112622,0.21262208,2.112622,-0.18737793,-1.5873779,-1.0873779,-5.587378,-6.587378,-3.887378,-5.987378,-5.787378,-5.187378,-1.4873779,-1.5873779,-1.1873779,-1.287378,-1.6873779,-1.887378,-1.4873779,-0.98737794,-2.887378,-3.887378,-1.787378,-2.187378,-1.887378,-1.787378,-1.787378,-1.9873779,-2.687378,-2.2873778,-1.9873779,-1.287378,-0.78737795,2.012622,0.6126221,1.5126221,0.51262206,-0.18737793,-2.2873778,-2.187378,-2.2873778,-1.287378,0.8126221,4.212622,0.6126221,0.71262205,1.3126221
0.11262207,1.112622,2.512622,-0.08737793,0.9126221,0.6126221,2.612622,0.8126221,0.31262207,-0.08737793,0.9126221,3.112622,7.012622,0.6126221,2.412622,1.612622,-2.687378,-3.7873778,0.11262207,-1.287378,-0.18737793,-0.28737792,-0.98737794,-0.8873779,-0.38737792,-5.687378,-3.587378,-1.4873779,-3.587378,-2.487378,-0.98737794,-2.987378,-1.287378,-4.287378,-3.2873778,-4.787378,-5.3873777,-3.987378,-5.3873777,-5.087378,-4.987378,-5.187378,-4.3873777,-2.687378,0.6126221,0.41262206,0.9126221,0.71262205,1.0126221,0.71262205,2.812622,6.512622,3.512622,1.5126221,1.3126221,0.71262205,0.51262206,0.11262207,-0.98737794
1.612622,-0.5873779,1.212622,-0.98737794,0.11262207,0.71262205,-0.98737794,0.41262206,1.212622,3.2126222,1.212622,6.312622,7.012622,4.812622,8.012622,4.712622,-0.18737793,-0.18737793,-2.387378,-0.5873779,-1.0873779,-3.687378,-0.48737794,-1.9873779,-1.4873779,-0.08737793,-1.1873779,-0.78737795,-1.387378,-3.087378,-3.087378,-4.3873777,-1.787378,-2.187378,-3.087378,-2.687378,-4.287378,-4.287378,-6.187378,-5.987378,-5.787378,-5.8873777,-3.887378,-2.887378,-1.787378,-2.087378,0.8126221,4.412622,2.112622,-1.1873779,-1.287378,1.612622,5.1126223,1.5126221,-0.38737792,1.5126221,3.912622,1.3126221,4.412622
-2.387378,-0.48737794,-0.38737792,-0.98737794,0.41262206,-1.887378,-1.387378,-1.787378,0.9126221,2.012622,1.3126221,-0.78737795,1.212622,0.71262205,0.8126221,0.0126220705,0.21262208,2.512622,-1.1873779,1.712622,-1.387378,-1.9873779,-4.987378,0.41262206,0.21262208,-2.687378,0.0126220705,-1.287378,-1.9873779,-1.4873779,-1.787378,-1.887378,-3.387378,-1.387378,-3.487378,-5.987378,-5.187378,-3.387378,-3.7873778,-4.487378,-5.187378,-1.5873779,-3.687378,-7.787378,-5.987378,-4.787378,-2.887378,1.212622,-0.48737794,-1.5873779,-2.387378,-0.18737793,-0.28737792,-2.487378,0.11262207,-2.7873778,-1.6873779,3.012622,1.0126221
0.11262207,0.0126220705,-0.5873779,-1.6873779,-0.5873779,0.9126221,-2.987378,0.11262207,1.8126221,-0.38737792,0.51262206,1.0126221,0.0126220705,0.8126221,0.71262205,-0.5873779,-0.78737795,-1.0873779,-1.887378,-1.787378,-0.08737793,-2.987378,0.0126220705,-1.387378,-0.18737793,-2.387378,-1.5873779,-0.08737793,-1.1873779,-1.0873779,-0.28737792,1.4126221,-2.687378,-3.187378,-0.8873779,2.612622,0.8126221,-1.9873779,-3.687378,-3.087378,0.51262206,-0.28737792,-0.28737792,-9.687378,-9.687378,-6.487378,-4.987378,-4.287378,-2.087378,-3.387378,-3.2873778,-6.487378,-4.687378,-2.2873778,-2.187378,-2.887378,0.21262208,3.512622,2.012622
1.0126221,2.7126222,0.9126221,-3.487378,-1.5873779,0.0126220705,1.212622,2.7126222,-1.387378,-0.38737792,-4.287378,-6.487378,-3.087378,-1.1873779,-0.08737793,-1.6873779,0.21262208,-0.28737792,-2.987378,-7.087378,-3.687378,-2.987378,-0.8873779,-0.38737792,-0.48737794,-1.387378,-0.08737793,-0.8873779,-3.387378,1.212622,-1.1873779,-0.28737792,-0.18737793,-7.187378,-7.787378,2.112622,-4.487378,-6.787378,-4.187378,-5.087378,-1.787378,-3.887378,-0.08737793,-2.987378,-10.987378,-8.487378,-8.587378,-6.287378,-6.687378,-5.487378,-2.587378,-4.187378,-1.5873779,-5.3873777,-4.3873777,-4.487378,-1.6873779,1.212622,2.912622
1.3126221,0.9126221,1.5126221,1.8126221,-0.6873779,1.9126221,2.2126222,-0.08737793,-0.48737794,-0.28737792,0.31262207,1.5126221,-0.18737793,-4.687378,-1.4873779,0.0126220705,1.3126221,0.31262207,0.41262206,-1.0873779,-2.487378,-1.887378,-1.4873779,-6.8873777,-5.8873777,-2.2873778,-1.0873779,-2.987378,-3.987378,-1.387378,-3.7873778,-0.78737795,-1.387378,-0.08737793,-0.78737795,-4.687378,-3.487378,1.612622,3.612622,0.41262206,-0.6873779,0.6126221,-0.78737795,0.8126221,-7.087378,-10.287378,-11.087378,-8.587378,-7.287378,-5.8873777,-3.587378,-0.28737792,-1.1873779,-3.387378,-5.087378,-9.787378,-5.487378,-2.7873778,-0.8873779
-1.787378,-0.5873779,1.9126221,9.612622,-0.18737793,5.712622,8.412622,3.512622,3.2126222,4.1126223,2.012622,1.0126221,2.812622,-0.18737793,-1.6873779,-2.587378,-0.48737794,-0.28737792,0.9126221,-1.4873779,-1.6873779,-1.4873779,-4.487378,-1.787378,-0.48737794,0.0126220705,-1.0873779,-0.48737794,-3.087378,-4.187378,-4.287378,-2.487378,-0.6873779,1.5126221,1.4126221,-0.08737793,-1.287378,0.51262206,1.612622,3.012622,3.012622,0.71262205,0.21262208,-1.0873779,1.612622,-0.38737792,-0.18737793,-1.287378,-6.3873777,-4.487378,-3.887378,-1.1873779,-6.287378,-5.587378,-2.487378,-13.287378,-10.587378,-6.587378,-4.987378
-1.387378,0.51262206,-0.28737792,-0.6873779,2.7126222,3.912622,6.212622,2.012622,1.3126221,0.11262207,1.212622,1.3126221,1.8126221,0.31262207,-1.1873779,-1.787378,-3.987378,-1.287378,1.3126221,1.212622,-0.08737793,0.9126221,-3.187378,-0.08737793,-0.6873779,0.31262207,-6.587378,-5.187378,-2.487378,-4.587378,-4.087378,-3.487378,-1.887378,0.51262206,0.8126221,6.512622,7.1126223,6.312622,5.512622,1.9126221,4.512622,4.012622,1.0126221,0.0126220705,1.8126221,-0.6873779,-1.9873779,0.8126221,1.5126221,-4.3873777,-4.187378,-1.787378,-1.5873779,-8.187378,-7.487378,-5.087378,-4.587378,-8.487378,-8.687378
0.51262206,0.31262207,-8.487378,-9.187378,-3.087378,-1.6873779,-1.0873779,-0.08737793,0.11262207,0.9126221,-2.887378,0.9126221,2.112622,3.912622,2.312622,0.8126221,-4.987378,-1.0873779,-1.4873779,-0.6873779,0.6126221,-3.7873778,-0.18737793,-0.5873779,-0.5873779,-6.087378,-8.387378,-7.787378,-7.787378,-6.687378,-1.887378,-0.38737792,0.51262206,1.5126221,-0.18737793,-1.5873779,0.41262206,-0.98737794,2.012622,2.112622,-2.587378,-0.28737792,-1.6873779,0.11262207,-3.187378,1.212622,-0.98737794,-7.987378,-0.98737794,2.012622,-4.787378,-4.287378,-2.2873778,-5.187378,-7.287378,-5.987378,-7.487378,-4.8873777,-4.3873777
-4.487378,-8.987378,-11.387378,-9.687378,-7.787378,-5.687378,-2.587378,-0.28737792,1.612622,2.412622,0.31262207,-0.78737795,0.9126221,2.312622,1.212622,1.612622,0.41262206,-0.28737792,2.012622,0.6126221,-0.38737792,-1.287378,-3.187378,-1.6873779,1.9126221,-3.587378,-13.787378,-9.787378,-6.8873777,-1.287378,1.4126221,1.9126221,-1.0873779,-6.787378,0.41262206,-0.38737792,-3.187378,-0.08737793,-4.287378,0.11262207,1.212622,-2.187378,-1.387378,-1.787378,0.31262207,-5.987378,-0.28737792,1.4126221,-6.987378,-2.187378,-2.887378,-3.687378,-3.687378,-0.38737792,-5.787378,-9.487378,-7.8873777,-4.3873777,-4.3873777
-7.987378,-9.587378,-11.587378,-10.287378,-9.087378,-5.287378,-3.487378,-1.4873779,-0.78737795,-4.487378,-5.8873777,-2.987378,-1.5873779,0.21262208,0.11262207,-1.887378,-0.38737792,1.612622,4.312622,1.8126221,2.912622,0.31262207,-1.0873779,-0.48737794,2.912622,-0.28737792,-3.687378,-8.887378,-2.087378,-2.087378,-0.78737795,2.112622,1.612622,-6.087378,-2.987378,-0.5873779,-5.587378,-3.7873778,-2.687378,0.71262205,-1.287378,0.8126221,1.0126221,-0.5873779,-1.387378,-1.4873779,-5.687378,-1.387378,-0.5873779,-0.8873779,-2.7873778,-3.887378,-2.087378,-0.5873779,-3.687378,-4.987378,-8.987378,-10.087378,-4.687378
