nws-json/uv_20190823_00.f000.json
{"header": { "discipline":0, "disciplineName":"Meteorological products", "gribEdition":2, "gribLength":54602, "center":7, "centerName":"US National Weather Service - NCEP(WMC)", "subcenter":0, "refTime":"2019-08-23T00:00:00.000Z", "significanceOfRT":1, "significanceOfRTName":"Start of forecast", "productStatus":0, "productStatusName":"Operational products", "productType":1, "productTypeName":"Forecast products", "productDefinitionTemplate":0, "productDefinitionTemplateName":"Analysis/forecast at horizontal level/layer at a point in time", "parameterCategory":2, "parameterCategoryName":"Momentum", "parameterNumber":2, "parameterNumberName":"U-component_of_wind", "parameterUnit":"m.s-1", "genProcessType":2, "genProcessTypeName":"Forecast", "forecastTime":0, "surface1Type":220, "surface1TypeName":"Planetary Boundary Layer", "surface1Value":0.0, "surface2Type":255, "surface2TypeName":"Missing", "surface2Value":0.0, "gridDefinitionTemplate":0, "gridDefinitionTemplateName":"Latitude_Longitude", "numberPoints":65160, "shape":6, "shapeName":"Earth spherical with radius of 6,371,229.0 m", "gridUnits":"degrees", "resolution":48, "winds":"true", "scanMode":0, "nx":360, "ny":181, "basicAngle":0, "lo1":0.0, "la1":90.0, "lo2":359.0, "la2":-90.0, "dx":1.0, "dy":1.0 }, "data":
[rows 0 to 25 of 181, columns 116 to 173 of 360]
3.5081239,3.4081237,3.3081238,3.2081237,3.2081237,3.1081238,3.0081239,2.9081237,2.8081238,2.7081237,2.6081238,2.5081239,2.4081237,2.4081237,2.3081238,2.2081237,2.1081238,2.0081239,1.9081237,1.8081238,1.7081238,1.6081238,1.5081238,1.4081237,1.3081238,1.2081238,1.1081238,1.0081238,0.9081238,0.80812377,0.7081238,0.6081238,0.50812376,0.4081238,0.30812377,0.20812377,0.10812378,0.00812378,-0.09187622,-0.19187622,-0.29187623,-0.39187622,-0.4918762,-0.5918762,-0.69187623,-0.7918762,-0.8918762,-0.99187624,-1.0918763,-1.1918762,-1.2918762,-1.3918762,-1.4918762,-1.5918763,-1.6918762,-1.7918762,-1.8918762,-1.9918762
7.408124,7.408124,7.408124,7.408124,7.3081236,7.3081236,7.3081236,7.3081236,7.3081236,7.3081236,7.3081236,7.2081237,7.2081237,7.2081237,7.2081237,7.2081237,7.108124,7.108124,7.108124,7.108124,7.008124,7.008124,7.008124,6.908124,6.908124,6.908124,6.8081236,6.8081236,6.8081236,6.7081237,6.7081237,6.608124,6.608124,6.608124,6.508124,6.508124,6.408124,6.408124,6.3081236,6.3081236,6.2081237,6.2081237,6.108124,6.108124,6.008124,6.008124,5.908124,5.8081236,5.8081236,5.7081237,5.7081237,5.608124,5.508124,5.508124,5.408124,5.3081236,5.3081236,5.2081237
4.908124,4.908124,4.8081236,4.8081236,4.7081237,4.608124,4.508124,4.408124,4.408124,4.3081236,4.3081236,4.2081237,4.2081237,4.2081237,4.2081237,4.108124,4.108124,4.108124,4.108124,4.108124,4.108124,4.2081237,4.3081236,4.3081236,4.2081237,4.2081237,4.2081237,4.2081237,4.3081236,4.3081236,4.408124,4.408124,4.508124,4.508124,4.508124,4.608124,4.7081237,4.8081236,4.8081236,4.908124,4.908124,5.008124,5.008124,5.108124,5.108124,5.2081237,5.3081236,5.3081236,5.408124,5.408124,5.508124,5.608124,5.608124,5.7081237,5.8081236,5.908124,5.908124,5.908124
-1.4918762,-1.5918763,-1.6918762,-1.7918762,-1.7918762,-1.8918762,-1.8918762,-1.9918762,-1.9918762,-1.9918762,-1.9918762,-1.9918762,-1.9918762,-2.0918763,-2.0918763,-2.0918763,-2.0918763,-2.0918763,-2.0918763,-1.9918762,-1.9918762,-1.9918762,-1.8918762,-1.8918762,-1.7918762,-1.7918762,-1.6918762,-1.6918762,-1.4918762,-1.3918762,-1.1918762,-1.0918763,-0.99187624,-0.8918762,-0.7918762,-0.69187623,-0.5918762,-0.4918762,-0.39187622,-0.29187623,-0.19187622,-0.19187622,-0.09187622,0.00812378,0.00812378,0.00812378,0.10812378,0.20812377,0.30812377,0.50812376,0.6081238,0.80812377,1.1081238,1.3081238,1.5081238,1.7081238,2.0081239,2.2081237
-4.7918763,-4.891876,-4.991876,-5.1918764,-5.2918763,-5.391876,-5.491876,-5.491876,-5.591876,-5.591876,-5.6918764,-5.6918764,-5.591876,-5.491876,-5.491876,-5.391876,-5.391876,-5.2918763,-5.2918763,-5.1918764,-5.1918764,-5.091876,-5.091876,-4.991876,-4.991876,-4.891876,-4.7918763,-4.6918764,-4.591876,-4.491876,-4.391876,-4.1918764,-3.9918761,-3.8918762,-3.6918762,-3.4918761,-3.2918763,-3.0918763,-2.8918762,-2.6918762,-2.4918761,-2.2918763,-2.1918762,-2.0918763,-1.9918762,-1.7918762,-1.6918762,-1.5918763,-1.3918762,-1.1918762,-1.0918763,-0.99187624,-0.7918762,-0.69187623,-0.5918762,-0.39187622,-0.29187623,-0.09187622
4.2081237,4.108124,4.108124,4.108124,4.2081237,4.2081237,4.2081237,4.3081236,4.2081237,4.2081237,4.108124,4.008124,3.9081237,3.9081237,4.008124,4.008124,3.9081237,3.8081238,3.7081237,3.6081238,3.2081237,3.1081238,3.0081239,3.0081239,2.8081238,2.8081238,2.4081237,2.2081237,1.3081238,0.80812377,0.00812378,-0.99187624,-2.0918763,-2.9918761,-3.6918762,-4.1918764,-4.2918763,-4.391876,-4.591876,-4.6918764,-4.6918764,-4.491876,-4.1918764,-3.7918763,-3.4918761,-3.0918763,-2.8918762,-2.5918763,-2.3918762,-2.1918762,-1.7918762,-1.5918763,-1.1918762,-1.0918763,-0.99187624,-0.8918762,-0.8918762,-1.0918763
5.8081236,5.8081236,5.8081236,5.908124,5.908124,6.008124,6.108124,6.008124,5.908124,5.7081237,5.608124,5.608124,5.608124,5.608124,4.908124,5.008124,5.008124,5.008124,5.108124,5.2081237,5.2081237,5.3081236,5.408124,5.908124,6.3081236,6.508124,6.408124,6.3081236,6.108124,5.908124,5.8081236,5.608124,5.408124,5.108124,5.2081237,5.108124,4.908124,4.2081237,3.9081237,3.6081238,3.2081237,2.6081238,1.6081238,1.2081238,0.9081238,0.10812378,-1.1918762,-2.9918761,-3.3918762,-3.3918762,-3.0918763,-2.8918762,-2.9918761,-2.6918762,-2.3918762,-2.0918763,-1.5918763,-0.7918762
5.508124,5.908124,6.608124,6.608124,6.608124,6.508124,6.7081237,6.908124,7.108124,7.2081237,7.3081236,7.408124,7.408124,7.408124,7.408124,7.408124,7.508124,7.608124,7.608124,7.7081237,7.908124,8.008123,8.708124,8.708124,8.708124,8.708124,8.708124,8.708124,8.708124,8.708124,8.708124,8.708124,8.808124,8.908124,8.908124,8.708124,8.508123,8.408124,8.208124,7.908124,7.608124,6.7081237,6.408124,5.908124,5.3081236,4.3081236,3.8081238,3.2081237,2.8081238,2.1081238,1.1081238,1.0081238,0.80812377,-0.8918762,-2.8918762,-3.2918763,-2.5918763,-1.6918762
5.608124,5.608124,5.608124,5.508124,5.508124,6.108124,6.3081236,6.408124,6.408124,7.2081237,7.3081236,7.508124,7.108124,7.408124,7.508124,8.208124,7.108124,7.2081237,8.708124,8.708124,8.608124,9.308124,9.408124,10.208124,10.508123,10.808124,10.908124,10.908124,10.608124,10.408124,10.608124,10.608124,10.508123,10.408124,10.408124,10.408124,10.408124,10.408124,10.308124,10.308124,10.008123,9.808124,9.508123,9.408124,9.108124,8.308124,7.3081236,6.8081236,6.3081236,5.508124,4.608124,3.9081237,3.1081238,2.8081238,2.6081238,2.3081238,2.0081239,1.9081237
5.408124,5.408124,5.2081237,5.2081237,5.3081236,5.508124,5.508124,5.508124,5.508124,5.408124,5.408124,5.608124,6.8081236,7.108124,6.2081237,6.408124,6.608124,7.8081236,8.208124,8.708124,9.308124,10.208124,10.408124,10.708124,11.108124,11.008123,11.808124,11.008123,10.808124,10.408124,9.908124,9.208124,9.108124,9.108124,8.908124,8.908124,8.908124,9.108124,9.208124,9.008123,8.808124,8.908124,9.808124,9.708124,9.708124,9.608124,9.408124,8.208124,8.008123,8.708124,7.8081236,7.408124,7.108124,6.8081236,6.3081236,5.8081236,4.7081237,3.9081237
3.7081237,3.9081237,4.3081236,4.2081237,4.2081237,4.508124,5.3081236,6.3081236,6.608124,6.7081237,6.008124,5.8081236,6.608124,7.008124,8.008123,8.308124,8.808124,9.108124,9.208124,9.308124,9.708124,10.108124,10.408124,10.608124,10.408124,10.408124,10.708124,10.908124,10.808124,11.008123,11.008123,11.008123,10.708124,10.008123,9.908124,9.308124,9.008123,8.708124,7.908124,7.608124,8.108124,9.008123,8.808124,8.808124,9.108124,8.608124,8.508123,8.508123,8.608124,8.508123,8.708124,8.208124,8.008123,7.908124,7.8081236,7.608124,7.508124,7.108124
3.9081237,3.8081238,4.008124,4.108124,4.408124,4.608124,5.008124,5.7081237,5.8081236,6.7081237,7.3081236,7.508124,7.508124,7.7081237,7.8081236,8.008123,8.208124,8.908124,9.108124,9.608124,9.608124,9.608124,9.508123,9.508123,9.508123,9.608124,9.908124,10.008123,9.808124,9.908124,9.608124,9.708124,9.908124,10.108124,10.008123,9.808124,9.208124,9.208124,8.708124,8.408124,8.508123,8.408124,8.408124,8.608124,8.608124,8.908124,9.108124,9.208124,9.108124,8.708124,8.308124,8.208124,8.108124,7.908124,7.7081237,7.508124,7.508124,7.3081236
2.6081238,3.2081237,3.4081237,3.1081238,3.1081238,3.1081238,3.1081238,3.1081238,3.3081238,3.6081238,3.7081237,3.6081238,4.108124,4.508124,5.008124,5.908124,6.508124,6.7081237,7.008124,7.3081236,7.3081236,7.2081237,7.3081236,7.408124,7.508124,7.7081237,7.908124,8.008123,8.208124,8.508123,8.808124,9.008123,9.108124,9.008123,8.908124,8.908124,8.908124,8.408124,8.508123,8.708124,8.408124,8.108124,8.508123,8.108124,7.908124,7.7081237,7.7081237,7.908124,8.008123,8.208124,8.308124,8.508123,8.408124,8.208124,7.908124,8.108124,7.7081237,7.3081236
1.2081238,1.0081238,0.9081238,0.6081238,0.6081238,0.6081238,0.50812376,0.4081238,-0.19187622,-0.4918762,-0.09187622,0.30812377,1.1081238,1.3081238,1.5081238,1.7081238,1.6081238,1.5081238,1.7081238,1.9081237,2.0081239,2.1081238,2.2081237,2.4081237,2.6081238,2.9081237,3.3081238,3.7081237,4.2081237,4.908124,5.408124,5.608124,5.7081237,6.108124,6.408124,6.8081236,7.3081236,7.8081236,8.008123,7.908124,7.8081236,7.408124,7.408124,8.108124,7.8081236,8.008123,8.208124,8.308124,8.008123,7.408124,7.008124,7.408124,7.3081236,8.108124,8.108124,7.2081237,6.908124,7.408124
-0.39187622,-0.69187623,-1.0918763,-1.2918762,-1.1918762,-1.4918762,-1.6918762,-1.5918763,-1.6918762,-1.4918762,-1.2918762,-1.0918763,-1.7918762,-2.3918762,-1.9918762,-2.0918763,-1.8918762,-1.7918762,-1.3918762,-0.7918762,-0.39187622,-0.09187622,-0.4918762,-0.09187622,-0.69187623,-0.4918762,-0.19187622,0.4081238,0.7081238,0.80812377,1.3081238,1.5081238,2.3081238,3.2081237,4.008124,4.8081236,5.3081236,5.608124,5.608124,5.8081236,6.3081236,6.7081237,6.8081236,5.8081236,7.108124,8.108124,7.8081236,7.608124,8.108124,8.508123,8.608124,8.408124,8.208124,8.108124,8.408124,8.608124,8.508123,8.308124
-1.5918763,-2.0918763,-2.5918763,-3.4918761,-3.1918762,-2.7918763,-1.9918762,-2.8918762,-3.7918763,-3.6918762,-3.7918763,-3.8918762,-3.9918761,-3.7918763,-3.8918762,-4.2918763,-4.391876,-4.6918764,-4.6918764,-4.491876,-4.2918763,-3.5918763,-3.0918763,-3.0918763,-2.7918763,-2.3918762,-2.5918763,-2.8918762,-2.6918762,-2.0918763,-1.5918763,-0.7918762,-0.19187622,0.20812377,0.6081238,1.1081238,1.8081238,2.2081237,3.0081239,3.0081239,4.108124,4.408124,4.508124,5.2081237,5.408124,5.608124,5.508124,6.108124,7.2081237,7.3081236,7.108124,7.108124,7.008124,7.108124,7.7081237,7.608124,7.908124,8.008123
-3.3918762,-3.3918762,-3.1918762,-3.5918763,-3.5918763,-3.6918762,-3.8918762,-4.2918763,-4.591876,-4.1918764,-4.391876,-4.391876,-4.491876,-4.1918764,-4.1918764,-4.391876,-4.491876,-4.7918763,-4.7918763,-4.6918764,-4.891876,-4.391876,-4.1918764,-4.1918764,-4.091876,-4.091876,-4.6918764,-4.391876,-4.391876,-4.491876,-4.391876,-3.8918762,-3.3918762,-3.1918762,-2.6918762,-1.7918762,-0.39187622,0.9081238,2.1081238,2.8081238,3.0081239,2.8081238,2.2081237,2.9081237,3.3081238,4.2081237,4.908124,4.8081236,5.2081237,5.608124,5.908124,6.508124,6.3081236,6.508124,6.908124,7.008124,7.3081236,7.508124
-2.2918763,-1.9918762,-1.6918762,-0.8918762,-1.9918762,-2.4918761,-3.4918761,-2.9918761,-3.3918762,-3.6918762,-3.7918763,-3.3918762,-3.5918763,-3.3918762,-3.5918763,-3.7918763,-4.391876,-4.591876,-4.891876,-5.591876,-5.2918763,-5.1918764,-5.2918763,-5.2918763,-5.491876,-5.991876,-5.991876,-5.391876,-5.091876,-5.491876,-5.491876,-6.091876,-6.2918763,-5.1918764,-4.891876,-4.591876,-2.6918762,-1.8918762,-1.1918762,-0.39187622,0.7081238,1.9081237,2.5081239,1.9081237,2.0081239,2.1081238,2.6081238,3.5081239,3.6081238,4.108124,4.908124,5.2081237,5.408124,6.2081237,6.7081237,7.008124,6.7081237,6.2081237
-0.4918762,-1.0918763,-1.8918762,-2.3918762,-2.6918762,-2.7918763,-3.1918762,-2.9918761,-2.0918763,-1.3918762,-1.6918762,-2.1918762,-2.7918763,-3.7918763,-4.091876,-3.7918763,-2.9918761,-2.3918762,-3.5918763,-4.091876,-4.1918764,-4.491876,-4.2918763,-4.491876,-4.2918763,-3.1918762,-4.1918764,-4.6918764,-4.1918764,-3.9918761,-3.7918763,-5.991876,-4.7918763,-5.091876,-5.1918764,-5.6918764,-4.891876,-4.991876,-4.7918763,-3.0918763,-1.8918762,-1.1918762,-0.4918762,0.20812377,0.80812377,1.2081238,1.8081238,1.8081238,2.1081238,2.7081237,3.3081238,3.7081237,3.9081237,4.508124,5.2081237,4.8081236,5.908124,6.908124
1.0081238,1.1081238,1.5081238,1.0081238,0.4081238,0.9081238,0.9081238,-0.39187622,-0.99187624,-1.1918762,-1.3918762,-0.99187624,-1.3918762,-1.1918762,-1.6918762,-2.9918761,-1.3918762,-0.69187623,-0.09187622,0.30812377,0.4081238,-0.29187623,-0.4918762,-1.5918763,-2.6918762,-2.4918761,-4.1918764,-4.7918763,-4.1918764,-3.3918762,-3.7918763,-2.4918761,-2.6918762,-3.4918761,-3.4918761,-3.8918762,-4.6918764,-4.2918763,-4.491876,-4.2918763,-2.9918761,-3.0918763,-4.2918763,-4.1918764,-2.9918761,-2.8918762,-2.5918763,-1.8918762,-0.39187622,1.1081238,2.3081238,3.3081238,3.9081237,4.608124,5.508124,6.508124,6.8081236,7.108124
-0.29187623,-0.4918762,0.30812377,0.7081238,0.50812376,1.1081238,1.4081237,0.20812377,-0.19187622,-0.8918762,0.20812377,0.00812378,-0.39187622,0.20812377,-0.09187622,-0.09187622,-0.5918762,-0.39187622,0.00812378,-0.19187622,0.10812378,0.00812378,0.00812378,0.00812378,0.00812378,0.20812377,0.4081238,-0.99187624,-2.5918763,-4.091876,-3.2918763,-2.5918763,-0.8918762,-0.8918762,-0.7918762,-1.8918762,-2.1918762,-1.9918762,-3.8918762,-4.891876,-5.7918763,-6.1918764,-7.891876,-8.591876,-8.991877,-10.291876,-10.391876,-8.691876,-6.1918764,-4.7918763,-3.1918762,-1.7918762,0.20812377,0.30812377,1.3081238,1.0081238,2.3081238,3.3081238
-3.0918763,-2.5918763,-0.8918762,-0.7918762,-1.3918762,-0.8918762,0.00812378,0.6081238,0.30812377,-0.19187622,0.80812377,0.20812377,1.1081238,0.00812378,-0.09187622,0.10812378,-0.39187622,-0.39187622,-0.4918762,-0.4918762,-0.29187623,-0.19187622,-0.19187622,0.20812377,-0.29187623,-0.8918762,-1.7918762,-3.1918762,-4.991876,-5.591876,-7.2918763,-8.891876,-8.991877,-6.591876,-4.391876,-4.391876,-4.991876,-6.2918763,-5.091876,-5.2918763,-4.7918763,-4.491876,-3.6918762,-2.7918763,-2.4918761,-1.3918762,-0.99187624,-1.3918762,-0.5918762,-0.4918762,-1.3918762,-2.0918763,-1.4918762,-1.2918762,0.30812377,3.1081238,0.9081238,1.0081238
-4.591876,-4.391876,-4.1918764,-3.4918761,-3.5918763,-3.6918762,-2.0918763,-2.1918762,-3.2918763,-0.69187623,0.50812376,-0.99187624,-0.19187622,-0.29187623,0.80812377,-0.39187622,-0.8918762,-0.99187624,-0.99187624,-0.5918762,0.00812378,-0.29187623,-0.29187623,-0.29187623,-0.09187622,-0.09187622,-0.19187622,2.2081237,2.1081238,-1.9918762,-2.0918763,-2.4918761,-4.491876,-2.9918761,-3.4918761,-3.3918762,-5.391876,-6.2918763,-5.991876,-5.6918764,-5.6918764,-4.7918763,-2.8918762,-1.3918762,-2.6918762,-2.3918762,-1.9918762,-2.4918761,-1.8918762,-3.2918763,-2.5918763,-1.5918763,-1.0918763,-0.99187624,-0.99187624,0.6081238,1.1081238,1.0081238
-3.2918763,-3.6918762,-3.5918763,-3.0918763,-3.3918762,-3.7918763,-4.491876,-1.4918762,0.20812377,-0.29187623,-1.5918763,0.00812378,-0.99187624,-0.29187623,-0.29187623,-0.7918762,-0.19187622,0.10812378,-0.99187624,-0.69187623,-0.39187622,-0.39187622,0.10812378,-0.7918762,-0.5918762,-0.4918762,0.10812378,0.50812376,0.80812377,-0.99187624,-3.4918761,-6.491876,-8.191876,-5.991876,-5.7918763,-4.091876,-4.491876,-4.1918764,-4.2918763,-2.9918761,-2.1918762,-1.8918762,-1.9918762,-1.9918762,-2.7918763,-2.1918762,-1.3918762,-1.1918762,-1.2918762,-0.29187623,0.10812378,-0.7918762,-0.8918762,-1.0918763,-1.6918762,-1.1918762,-0.69187623,0.50812376
-2.4918761,-2.4918761,-2.0918763,-2.2918763,-1.6918762,-0.19187622,-0.29187623,0.50812376,-1.3918762,-1.0918763,-0.69187623,-0.69187623,0.7081238,0.6081238,-0.19187622,-0.4918762,-0.19187622,0.10812378,-0.29187623,-0.4918762,-0.69187623,-0.39187622,0.10812378,-0.7918762,0.10812378,-0.69187623,-0.5918762,-0.8918762,0.50812376,-0.29187623,0.00812378,-0.19187622,-1.7918762,-3.8918762,-2.3918762,-0.4918762,0.30812377,0.30812377,0.80812377,0.9081238,-0.4918762,-0.7918762,-1.0918763,-0.69187623,-0.69187623,-0.09187622,0.00812378,0.10812378,-0.5918762,-0.69187623,-0.5918762,-1.5918763,-1.7918762,-2.1918762,-2.4918761,-2.2918763,-2.1918762,-1.9918762
-2.0918763,-1.8918762,-2.1918762,-1.8918762,-1.8918762,-1.6918762,-2.1918762,-2.1918762,-2.8918762,-1.4918762,-0.8918762,-0.69187623,-0.7918762,-0.09187622,0.9081238,0.80812377,0.6081238,0.00812378,0.00812378,-0.4918762,-0.09187622,0.4081238,0.7081238,-0.69187623,-0.19187622,-0.4918762,-0.7918762,-0.7918762,-0.4918762,0.80812377,-0.09187622,-2.6918762,-0.5918762,-0.29187623,-1.0918763,-1.2918762,-0.7918762,-0.09187622,-0.99187624,-1.1918762,-1.5918763,-2.3918762,-2.5918763,-0.29187623,0.20812377,0.80812377,1.7081238,1.1081238,0.50812376,0.10812378,-0.7918762,-2.4918761,-1.6918762,-0.99187624,-1.6918762,-2.1918762,-2.8918762,-2.2918763
