nws-json/uv_20190821_18.f000.json
{"header": { "discipline":0, "disciplineName":"Meteorological products", "gribEdition":2, "gribLength":55304, "center":7, "centerName":"US National Weather Service - NCEP(WMC)", "subcenter":0, "refTime":"2019-08-21T18:00:00.000Z", "significanceOfRT":1, "significanceOfRTName":"Start of forecast", "productStatus":0, "productStatusName":"Operational products", "productType":1, "productTypeName":"Forecast products", "productDefinitionTemplate":0, "productDefinitionTemplateName":"Analysis/forecast at horizontal level/layer at a point in time", "parameterCategory":2, "parameterCategoryName":"Momentum", "parameterNumber":3, "parameterNumberName":"V-component_of_wind", "parameterUnit":"m.s-1", "genProcessType":2, "genProcessTypeName":"Forecast", "forecastTime":0, "surface1Type":220, "surface1TypeName":"Planetary Boundary Layer", "surface1Value":0.0, "surface2Type":255, "surface2TypeName":"Missing", "surface2Value":0.0, "gridDefinitionTemplate":0, "gridDefinitionTemplateName":"Latitude_Longitude", "numberPoints":65160, "shape":6, "shapeName":"Earth spherical with radius of 6,371,229.0 m", "gridUnits":"degrees", "resolution":48, "winds":"true", "scanMode":0, "nx":360, "ny":181, "basicAngle":0, "lo1":0.0, "la1":90.0, "lo2":359.0, "la2":-90.0, "dx":1.0, "dy":1.0 }, "data":
[rows 26 to 51 of 181, columns 177 to 235 of 360]
0.7259766,-0.37402344,-1.3740234,-2.5740235,-1.9740235,-0.47402343,-1.5740235,-3.3740234,-4.3740234,-1.6740234,0.9259766,-0.97402346,-3.9740233,-7.6740236,-8.774023,-9.274023,-8.374023,-4.1740236,-0.47402343,1.2259766,2.0259767,2.8259766,1.3259766,0.025976563,-1.2740234,-0.07402344,0.52597654,0.9259766,-0.47402343,0.22597656,-1.5740235,0.52597654,2.5259767,1.1259766,-1.0740235,0.82597655,-1.6740234,2.4259765,4.1259766,3.5259767,3.0259767,2.9259765,4.0259767,3.1259766,1.6259766,1.0259765,1.3259766,1.0259765,0.7259766,0.22597656,0.025976563,-0.27402344,-0.47402343,-0.5740234,-0.5740234,-0.5740234,-0.17402343,-1.8740234,-2.1740234
-0.17402343,-0.07402344,0.42597657,-0.47402343,-1.9740235,-2.8740234,-3.8740234,-4.5740232,-4.3740234,-2.1740234,-0.17402343,-2.0740235,-5.0740232,-6.3740234,-7.4740233,-6.7740235,-5.6740236,-3.2740235,-1.3740234,-0.17402343,0.7259766,-0.7740234,-0.97402346,-0.37402344,0.22597656,0.025976563,-0.07402344,-0.67402345,-0.5740234,0.62597656,1.1259766,-0.7740234,-2.0740235,1.0259765,0.7259766,0.42597657,-3.2740235,-0.97402346,2.0259767,1.8259766,1.7259766,0.22597656,1.1259766,1.0259765,0.12597656,-0.37402344,0.12597656,-0.37402344,0.025976563,-0.87402344,-0.7740234,-1.1740234,-1.8740234,-1.4740235,-0.97402346,-0.87402344,-1.2740234,-2.1740234,-3.1740234
1.4259765,0.52597654,-2.1740234,-3.2740235,-3.2740235,-3.8740234,-4.4740233,-4.5740232,-4.1740236,-4.5740232,-5.2740235,-5.9740233,-6.0740232,-5.4740233,-5.6740236,-4.9740233,-3.9740233,-2.2740235,-1.8740234,-1.7740234,-0.87402344,-0.7740234,-0.87402344,-1.1740234,-0.37402344,-0.97402346,-0.7740234,-1.2740234,-1.5740235,-1.2740234,-0.97402346,0.025976563,-0.27402344,2.4259765,0.22597656,0.9259766,1.3259766,-0.67402345,-2.0740235,-2.7740235,0.62597656,0.22597656,0.82597655,0.12597656,-0.67402345,-1.5740235,-1.5740235,-2.3740234,-1.3740234,-2.8740234,-1.9740235,-1.4740235,-2.5740235,-2.0740235,-2.2740235,-1.2740234,-1.6740234,-1.3740234,-3.3740234
-3.6740234,-4.3740234,-4.0740232,-4.1740236,-4.7740235,-5.2740235,-5.4740233,-5.4740233,-5.4740233,-5.2740235,-5.2740235,-5.1740236,-5.0740232,-4.7740235,-4.6740236,-4.5740232,-3.6740234,-2.9740233,-2.4740233,-2.1740234,-0.7740234,0.12597656,0.7259766,0.52597654,0.52597654,0.12597656,-0.67402345,-1.2740234,-0.27402344,0.12597656,-0.87402344,0.62597656,3.3259766,-0.5740234,-0.47402343,-0.67402345,-1.2740234,-1.7740234,-2.3740234,-1.6740234,-1.3740234,-1.0740235,0.025976563,-1.8740234,-1.9740235,-1.9740235,-2.8740234,-3.1740234,-3.9740233,-3.4740233,-2.9740233,-2.0740235,-3.3740234,-3.7740235,-2.8740234,-0.7740234,-0.7740234,-1.4740235,-1.3740234
-5.5740232,-6.0740232,-6.4740233,-6.1740236,-5.7740235,-5.4740233,-5.4740233,-5.5740232,-5.5740232,-5.2740235,-5.3740234,-5.7740235,-5.7740235,-5.1740236,-4.4740233,-4.3740234,-4.3740234,-3.2740235,-2.9740233,-2.0740235,-1.9740235,2.5259767,-0.47402343,-0.67402345,-0.7740234,-1.7740234,-1.4740235,-0.7740234,-0.5740234,-0.67402345,-0.27402344,4.7259765,0.22597656,-1.4740235,-2.1740234,0.22597656,-0.17402343,-3.1740234,-3.4740233,-1.4740235,-1.1740234,-0.47402343,-0.37402344,-1.3740234,-1.1740234,-2.1740234,-3.6740234,-4.1740236,-3.7740235,-2.9740233,-1.7740234,-0.67402345,-0.5740234,-1.5740235,-1.6740234,0.025976563,-0.37402344,0.025976563,-0.5740234
-7.1740236,-7.3740234,-7.0740232,-6.6740236,-6.4740233,-6.4740233,-5.9740233,-5.6740236,-5.7740235,-5.9740233,-6.0740232,-5.6740236,-4.8740234,-3.1740234,-1.9740235,-1.1740234,-0.7740234,-0.5740234,-0.97402346,-0.97402346,-0.07402344,-0.27402344,-1.0740235,-0.7740234,-1.7740234,-2.1740234,-1.5740235,-0.07402344,-0.37402344,0.32597655,0.12597656,-2.5740235,-1.1740234,-0.07402344,0.32597655,0.025976563,0.025976563,0.32597655,0.025976563,-1.1740234,-2.4740233,-2.8740234,-3.0740235,-3.8740234,-4.1740236,-0.67402345,-2.9740233,-1.7740234,-1.9740235,-2.8740234,-1.6740234,-2.7740235,-0.47402343,0.025976563,-0.07402344,0.12597656,-0.17402343,1.3259766,-0.5740234
-8.574023,-7.9740233,-7.8740234,-7.4740233,-6.7740235,-6.4740233,-6.3740234,-6.2740235,-5.4740233,-4.4740233,-3.7740235,-3.2740235,-2.9740233,-3.2740235,-2.7740235,-2.2740235,-2.5740235,-1.4740235,-0.37402344,-0.5740234,-1.0740235,-0.47402343,-0.87402344,-0.67402345,-0.87402344,-0.7740234,-0.17402343,0.7259766,-0.47402343,-0.27402344,-0.17402343,-0.47402343,-1.1740234,-0.97402346,-0.97402346,-1.6740234,-1.0740235,2.6259766,0.9259766,0.9259766,-1.5740235,-3.5740235,-4.2740235,-4.3740234,-5.3740234,-6.0740232,-4.6740236,0.32597655,0.025976563,-0.87402344,0.62597656,-0.07402344,0.42597657,-1.3740234,-0.07402344,1.5259765,1.7259766,3.7259765,2.3259766
-9.474024,-9.074023,-8.674024,-7.7740235,-6.9740233,-5.4740233,-4.8740234,-4.2740235,-3.9740233,-3.6740234,-3.5740235,-3.4740233,-3.2740235,-3.2740235,-3.3740234,-2.8740234,-2.6740234,-2.2740235,-1.2740234,-1.6740234,-1.4740235,-0.5740234,-0.67402345,-0.97402346,0.22597656,3.5259767,1.4259765,3.2259765,3.9259765,0.9259766,0.22597656,1.3259766,0.32597655,-0.5740234,-0.87402344,0.025976563,0.62597656,3.2259765,4.9259768,3.5259767,0.82597655,-1.2740234,-3.3740234,-4.4740233,-5.4740233,-5.7740235,-5.1740236,-4.4740233,0.12597656,1.7259766,-0.7740234,1.2259766,0.22597656,0.82597655,1.7259766,3.3259766,5.9259768,1.4259765,6.6259766
-10.474024,-9.874023,-9.574023,-8.774023,-7.7740235,-5.9740233,-4.9740233,-4.4740233,-3.9740233,-3.9740233,-4.2740235,-3.7740235,-2.8740234,-1.4740235,-2.7740235,-2.7740235,-2.2740235,-0.97402346,-0.07402344,-1.1740234,1.0259765,0.52597654,4.1259766,3.4259765,0.52597654,2.0259767,2.9259765,3.7259765,4.2259765,3.8259766,3.9259765,3.7259765,3.1259766,2.5259767,2.7259765,2.9259765,3.6259766,3.8259766,3.6259766,2.5259767,1.3259766,-1.5740235,-3.1740234,-5.5740232,-5.9740233,-1.8740234,-3.1740234,-4.4740233,-5.9740233,-1.8740234,1.3259766,-0.17402343,-0.37402344,1.7259766,3.1259766,6.9259768,9.325976,12.225977,11.625977
-10.074023,-10.374023,-9.974024,-9.374023,-7.1740236,-5.2740235,-4.5740232,-5.2740235,-5.5740232,-5.1740236,-3.9740233,-2.4740233,-2.4740233,-2.7740235,-3.6740234,-2.1740234,-1.5740235,-1.2740234,-0.17402343,2.0259767,3.0259767,1.9259765,2.4259765,3.2259765,4.3259764,5.4259768,6.3259764,7.0259767,6.5259767,7.0259767,7.1259766,5.6259766,5.5259767,5.5259767,5.0259767,4.8259764,4.9259768,4.8259764,3.9259765,3.0259767,1.5259765,-0.47402343,-2.4740233,-4.1740236,-4.7740235,-4.4740233,-0.87402344,-1.2740234,-4.0740232,-6.2740235,-8.274023,1.6259766,-4.4740233,3.2259765,4.6259766,9.225977,8.125977,12.925977,13.125977
-11.574023,-11.274023,-10.874023,-10.074023,-8.074023,-4.3740234,-1.8740234,-0.17402343,-0.17402343,0.22597656,-0.5740234,-0.07402344,0.22597656,-0.27402344,-0.7740234,-0.27402344,2.0259767,2.5259767,2.2259765,1.8259766,2.1259766,3.0259767,2.9259765,3.1259766,4.7259765,5.6259766,7.6259766,8.225977,7.8259764,8.125977,8.625977,8.825976,8.325976,8.325976,7.4259768,7.2259765,6.5259767,5.7259765,5.2259765,4.5259767,3.1259766,0.82597655,-1.5740235,-2.3740234,-2.9740233,-3.2740235,-3.1740234,-2.7740235,-1.8740234,-3.7740235,-4.9740233,-7.7740235,-3.5740235,3.1259766,7.7259765,6.2259765,11.325976,9.425977,12.125977
-12.574023,-10.474024,-7.8740234,-5.3740234,-3.1740234,-1.0740235,0.82597655,3.6259766,1.5259765,0.62597656,2.2259765,0.32597655,2.2259765,2.1259766,2.3259766,0.52597654,-0.37402344,2.3259766,2.3259766,1.8259766,-1.0740235,0.7259766,3.5259767,3.8259766,6.2259765,5.7259765,7.1259766,8.025976,8.325976,8.725977,8.625977,9.525976,9.625977,9.725977,9.125977,7.7259765,8.025976,6.7259765,6.4259768,4.5259767,2.8259766,1.4259765,0.62597656,-0.37402344,-0.67402345,-1.5740235,-1.9740235,-2.3740234,-3.0740235,-3.1740234,-5.2740235,-4.9740233,-4.2740235,-0.97402346,9.425977,6.2259765,6.0259767,10.325976,8.225977
-10.474024,-7.2740235,-5.2740235,-2.9740233,-1.1740234,2.0259767,1.6259766,3.0259767,4.8259764,3.0259767,3.0259767,3.0259767,3.8259766,2.8259766,2.4259765,2.7259765,2.5259767,2.4259765,2.2259765,3.4259765,4.9259768,5.7259765,5.8259764,6.9259768,9.525976,12.425977,14.625977,14.725977,12.525976,11.325976,9.625977,8.225977,9.325976,9.425977,9.525976,8.525976,7.4259768,6.5259767,5.1259766,4.7259765,4.2259765,2.5259767,1.7259766,1.2259766,0.42597657,0.025976563,-1.9740235,-2.4740233,-3.0740235,-4.0740232,-5.1740236,-5.6740236,-5.1740236,-1.0740235,5.2259765,7.4259768,3.8259766,4.0259767,8.225977
-8.374023,-5.7740235,-4.4740233,-2.1740234,0.12597656,3.0259767,4.0259767,5.8259764,6.4259768,6.3259764,6.4259768,5.6259766,4.8259764,3.6259766,3.5259767,4.1259766,4.6259766,3.2259765,2.5259767,2.8259766,3.5259767,4.2259765,4.8259764,5.1259766,5.0259767,7.4259768,10.825976,14.225977,14.625977,14.225977,14.425977,13.225977,11.725977,12.125977,11.025976,10.725977,9.525976,7.3259764,5.9259768,5.0259767,4.8259764,3.1259766,1.6259766,1.0259765,0.52597654,-1.1740234,-1.2740234,-1.8740234,-2.7740235,-4.0740232,-6.0740232,-7.2740235,-7.4740233,-4.6740236,-1.5740235,-0.07402344,-0.87402344,1.3259766,2.5259767
-7.7740235,-6.1740236,-4.0740232,0.025976563,1.9259765,3.7259765,5.9259768,7.9259768,8.525976,7.6259766,6.8259764,6.9259768,6.4259768,5.8259764,5.2259765,5.1259766,4.8259764,5.2259765,4.4259768,3.5259767,2.6259766,2.1259766,3.0259767,3.6259766,3.6259766,3.4259765,7.4259768,12.925977,17.525976,18.425976,15.625977,15.525976,14.725977,13.725977,13.725977,12.425977,11.625977,9.725977,7.6259766,5.8259764,3.6259766,2.5259767,0.82597655,0.12597656,-0.37402344,-0.87402344,-1.9740235,-2.5740235,-3.6740234,-5.3740234,-6.9740233,-8.174024,-7.8740234,-6.7740235,-6.3740234,-8.374023,-0.47402343,-0.87402344,7.8259764
-7.7740235,-6.9740233,-3.9740233,-0.37402344,3.9259765,6.7259765,9.225977,9.425977,10.525976,10.225977,8.725977,9.225977,8.725977,7.2259765,6.3259764,5.4259768,4.8259764,5.4259768,6.9259768,5.0259767,4.4259768,4.5259767,4.4259768,3.6259766,3.4259765,4.6259766,5.4259768,9.425977,13.525976,18.225977,19.525976,17.425976,17.025976,14.625977,13.725977,12.525976,11.325976,8.425977,6.5259767,5.3259764,4.1259766,2.3259766,0.62597656,-0.67402345,-1.4740235,-1.2740234,-2.2740235,-3.5740235,-4.8740234,-5.8740234,-6.8740234,-7.7740235,-8.074023,-8.074023,-8.074023,-8.074023,-9.074023,-6.5740232,0.025976563
-8.374023,-7.3740234,-4.4740233,1.6259766,7.2259765,10.425977,11.725977,12.225977,11.125977,12.825976,11.225977,10.225977,9.825976,7.0259767,7.0259767,6.4259768,6.3259764,7.6259766,7.0259767,5.9259768,4.9259768,4.0259767,4.8259764,4.3259764,3.8259766,4.2259765,6.0259767,9.725977,14.625977,18.325977,20.225977,17.125977,15.725977,13.325976,12.125977,11.125977,8.925977,6.6259766,4.2259765,2.3259766,1.4259765,0.22597656,-0.07402344,-0.47402343,-1.9740235,-2.0740235,-2.9740233,-3.5740235,-3.9740233,-5.4740233,-6.7740235,-7.2740235,-7.9740233,-8.174024,-8.474024,-8.574023,-8.874023,-8.874023,0.52597654
-8.974024,-9.674024,-8.574023,1.1259766,11.925977,13.925977,13.725977,14.325976,12.725977,13.725977,12.225977,11.425977,9.825976,7.4259768,7.6259766,7.9259768,10.025976,7.4259768,5.4259768,3.9259765,3.2259765,2.7259765,2.4259765,4.5259767,5.7259765,5.9259768,7.7259765,10.925977,13.725977,18.225977,18.925976,17.325977,15.325976,13.125977,12.225977,9.725977,7.1259766,5.3259764,3.2259765,2.1259766,0.9259766,0.7259766,-0.27402344,-2.5740235,-3.0740235,-2.9740233,-3.8740234,-4.9740233,-5.2740235,-5.9740233,-6.8740234,-7.6740236,-8.174024,-9.074023,-9.374023,-8.974024,-8.474024,-10.874023,-8.174024
-5.5740232,-4.9740233,-2.0740235,5.4259768,12.025976,12.725977,13.125977,13.725977,13.325976,13.225977,12.625977,11.725977,10.425977,7.7259765,6.4259768,7.1259766,7.6259766,5.1259766,4.0259767,2.2259765,1.9259765,3.0259767,6.5259767,8.225977,9.425977,8.925977,8.825976,10.525976,14.525976,17.625977,17.625977,16.325977,13.925977,11.925977,10.525976,8.725977,6.3259764,4.4259768,2.9259765,1.5259765,0.7259766,-0.87402344,-1.3740234,-2.6740234,-3.6740234,-4.2740235,-4.7740235,-5.1740236,-5.7740235,-6.4740233,-7.3740234,-8.874023,-8.674024,-8.774023,-9.374023,-8.974024,-8.274023,-9.474024,-8.674024
-0.5740234,1.0259765,3.0259767,5.7259765,8.625977,10.625977,11.425977,12.525976,12.525976,12.425977,11.125977,10.525976,9.725977,6.5259767,5.3259764,6.2259765,5.8259764,2.9259765,0.7259766,3.1259766,8.825976,11.525976,12.425977,11.225977,10.125977,9.525976,9.525976,10.925977,14.325976,17.125977,15.725977,13.925977,11.425977,9.725977,8.525976,7.3259764,5.3259764,4.1259766,2.3259766,1.1259766,0.32597655,-0.37402344,-1.1740234,-1.6740234,-2.7740235,-3.7740235,-4.6740236,-5.4740233,-6.2740235,-7.3740234,-8.074023,-9.374023,-7.5740232,-6.7740235,-8.574023,-8.474024,-8.074023,-8.474024,7.6259766
0.82597655,2.3259766,3.5259767,5.1259766,7.1259766,8.525976,9.925977,9.925977,10.825976,9.625977,9.225977,9.025976,8.125977,5.8259764,4.2259765,5.7259765,4.0259767,0.7259766,3.5259767,10.625977,13.525976,13.225977,13.425977,10.725977,8.725977,8.725977,10.825976,11.025976,13.025976,14.225977,13.225977,11.525976,8.625977,7.3259764,6.8259764,5.0259767,3.2259765,2.4259765,1.4259765,0.025976563,-0.97402346,-1.2740234,-1.3740234,-2.3740234,-3.6740234,-3.9740233,-4.6740236,-5.1740236,-6.0740232,-6.6740236,-6.9740233,-6.9740233,-7.2740235,-7.8740234,-7.9740233,-7.7740235,-7.3740234,-4.4740233,8.625977
1.0259765,2.4259765,4.2259765,5.8259764,7.1259766,8.125977,8.825976,8.025976,8.325976,7.8259764,8.425977,7.3259764,5.8259764,3.9259765,3.6259766,4.0259767,1.4259765,2.1259766,8.025976,13.625977,15.525976,14.125977,12.325976,10.925977,9.725977,10.025976,7.7259765,8.025976,11.725977,11.825976,11.125977,8.625977,6.3259764,5.7259765,4.9259768,3.6259766,2.1259766,0.7259766,-0.5740234,-1.7740234,-3.2740235,-3.6740234,-2.9740233,-2.6740234,-2.9740233,-3.9740233,-4.5740232,-5.3740234,-5.3740234,-6.0740232,-6.3740234,-6.5740232,-7.1740236,-7.5740232,-7.7740235,-9.274023,-1.8740234,1.6259766,7.0259767
1.3259766,2.6259766,3.7259765,5.5259767,5.7259765,5.9259768,6.8259764,7.1259766,6.5259767,7.7259765,6.9259768,5.0259767,3.7259765,2.7259765,2.8259766,3.2259765,0.9259766,4.5259767,11.125977,15.525976,14.925977,12.625977,10.825976,9.125977,7.9259768,5.9259768,5.7259765,7.9259768,10.025976,9.525976,7.9259768,6.0259767,3.8259766,4.1259766,3.4259765,2.6259766,0.82597655,-1.0740235,-2.3740234,-3.5740235,-4.3740234,-4.5740232,-4.4740233,-4.0740232,-3.7740235,-4.2740235,-4.0740232,-3.8740234,-3.6740234,-4.6740236,-5.8740234,-6.9740233,-8.574023,-9.374023,-10.174024,-5.4740233,-2.5740235,3.6259766,1.7259766
1.9259765,2.3259766,4.1259766,5.1259766,5.3259764,5.3259764,5.8259764,6.2259765,6.3259764,5.2259765,4.9259768,3.0259767,2.7259765,2.9259765,2.5259767,0.82597655,2.6259766,9.325976,14.125977,14.025976,13.025976,11.725977,10.025976,8.825976,5.8259764,4.0259767,3.8259766,8.025976,8.125977,7.5259767,5.4259768,4.1259766,2.2259765,1.6259766,1.4259765,0.32597655,-1.1740234,-2.6740234,-3.6740234,-4.7740235,-5.8740234,-5.6740236,-5.4740233,-4.9740233,-3.9740233,-3.1740234,-3.5740235,-4.6740236,-4.7740235,-5.1740236,-5.3740234,-6.4740233,-6.7740235,-6.6740236,-7.3740234,-3.8740234,-6.2740235,4.4259768,4.5259767
2.7259765,2.9259765,4.1259766,5.4259768,6.1259766,6.4259768,5.9259768,5.0259767,5.0259767,4.3259764,3.1259766,2.8259766,3.6259766,1.4259765,0.42597657,2.5259767,8.525976,14.925977,13.925977,13.325976,12.125977,10.525976,9.025976,5.8259764,3.4259765,1.7259766,2.3259766,6.6259766,6.4259768,4.6259766,2.9259765,2.0259767,0.12597656,-0.67402345,-0.37402344,-1.9740235,-3.2740235,-3.9740233,-5.6740236,-6.6740236,-6.6740236,-7.3740234,-7.1740236,-6.0740232,-5.0740232,-3.0740235,-2.2740235,-1.5740235,-1.3740234,-1.1740234,-2.3740234,-3.2740235,-4.1740236,-5.7740235,-6.4740233,0.22597656,1.5259765,2.1259766,0.025976563
2.5259767,4.0259767,5.4259768,5.2259765,4.9259768,5.2259765,4.7259765,4.6259766,4.4259768,3.8259766,3.1259766,2.9259765,1.3259766,0.22597656,0.32597655,11.625977,14.625977,12.625977,11.725977,10.725977,9.625977,9.525976,6.5259767,3.7259765,2.1259766,1.4259765,-0.17402343,4.2259765,3.8259766,2.8259766,1.2259766,-0.37402344,-1.7740234,-1.0740235,-3.4740233,-3.8740234,-4.5740232,-6.3740234,-7.0740232,-7.2740235,-8.374023,-8.774023,-10.674024,-11.374023,1.5259765,1.2259766,2.6259766,2.5259767,0.32597655,-1.4740235,-2.1740234,-2.0740235,-3.0740235,1.1259766,1.3259766,1.0259765,0.62597656,0.025976563,-2.1740234
