nws-json/uv_20190821_18.f000.json
{"header": { "discipline":0, "disciplineName":"Meteorological products", "gribEdition":2, "gribLength":55304, "center":7, "centerName":"US National Weather Service - NCEP(WMC)", "subcenter":0, "refTime":"2019-08-21T18:00:00.000Z", "significanceOfRT":1, "significanceOfRTName":"Start of forecast", "productStatus":0, "productStatusName":"Operational products", "productType":1, "productTypeName":"Forecast products", "productDefinitionTemplate":0, "productDefinitionTemplateName":"Analysis/forecast at horizontal level/layer at a point in time", "parameterCategory":2, "parameterCategoryName":"Momentum", "parameterNumber":3, "parameterNumberName":"V-component_of_wind", "parameterUnit":"m.s-1", "genProcessType":2, "genProcessTypeName":"Forecast", "forecastTime":0, "surface1Type":220, "surface1TypeName":"Planetary Boundary Layer", "surface1Value":0.0, "surface2Type":255, "surface2TypeName":"Missing", "surface2Value":0.0, "gridDefinitionTemplate":0, "gridDefinitionTemplateName":"Latitude_Longitude", "numberPoints":65160, "shape":6, "shapeName":"Earth spherical with radius of 6,371,229.0 m", "gridUnits":"degrees", "resolution":48, "winds":"true", "scanMode":0, "nx":360, "ny":181, "basicAngle":0, "lo1":0.0, "la1":90.0, "lo2":359.0, "la2":-90.0, "dx":1.0, "dy":1.0 }, "data":
[rows 78 to 103 of 181, columns 295 to 353 of 360]
0.22597656,0.22597656,0.62597656,0.9259766,1.2259766,2.3259766,2.2259765,1.0259765,3.2259765,3.0259767,3.4259765,3.0259767,1.8259766,0.82597655,0.7259766,-0.17402343,-0.37402344,-0.7740234,-1.1740234,-0.97402346,-0.5740234,-0.87402344,-0.5740234,-2.8740234,-3.2740235,-3.2740235,-3.2740235,-3.6740234,-4.1740236,-6.2740235,-7.4740233,-7.4740233,-7.4740233,-6.2740235,-5.8740234,-5.4740233,-4.7740235,-2.6740234,-0.67402345,0.62597656,0.32597655,-0.5740234,-1.1740234,-0.67402345,-2.0740235,-2.7740235,-2.8740234,0.12597656,1.5259765,-0.17402343,2.1259766,3.8259766,2.8259766,-0.17402343,-0.97402346,0.025976563,2.7259765,4.0259767,2.9259765
-0.5740234,-0.97402346,-1.6740234,-0.67402345,2.8259766,3.5259767,3.5259767,4.7259765,3.7259765,2.9259765,1.8259766,1.0259765,1.0259765,0.62597656,0.025976563,-0.27402344,-1.0740235,-1.5740235,-0.7740234,-0.37402344,-0.5740234,-0.87402344,-1.5740235,-2.1740234,-2.5740235,-2.6740234,-2.9740233,-3.3740234,-3.6740234,-4.0740232,-6.4740233,-7.7740235,-6.3740234,-3.8740234,-3.6740234,-3.5740235,0.82597655,1.0259765,1.6259766,2.1259766,1.8259766,1.1259766,0.7259766,1.1259766,0.52597654,-1.4740235,1.5259765,2.2259765,1.0259765,1.0259765,-0.97402346,4.1259766,2.5259767,2.1259766,1.9259765,7.7259765,6.0259767,3.4259765,2.4259765
0.52597654,0.52597654,0.42597657,0.62597656,2.1259766,2.7259765,2.5259767,2.1259766,2.0259767,2.0259767,1.7259766,1.2259766,0.9259766,0.025976563,-1.8740234,-2.1740234,-0.27402344,-0.17402343,-1.2740234,-1.3740234,-1.2740234,-1.2740234,-1.3740234,-1.7740234,-2.1740234,-3.5740235,-0.5740234,-1.8740234,-2.9740233,-4.1740236,-2.6740234,-2.9740233,-1.4740235,-0.97402346,-0.67402345,-0.97402346,2.0259767,2.1259766,2.0259767,0.82597655,0.62597656,0.9259766,2.5259767,2.3259766,3.0259767,3.8259766,4.8259764,4.2259765,3.8259766,4.5259767,3.5259767,3.0259767,6.3259764,7.6259766,7.6259766,11.225977,7.7259765,4.2259765,3.4259765
0.42597657,0.22597656,-0.7740234,-1.2740234,-0.07402344,0.7259766,1.2259766,1.6259766,1.3259766,1.4259765,2.0259767,2.0259767,1.4259765,1.2259766,0.62597656,0.62597656,-0.17402343,-0.47402343,-0.47402343,-1.3740234,-1.0740235,0.025976563,-0.47402343,-0.67402345,-0.7740234,-1.4740235,-1.1740234,-1.7740234,-1.0740235,-0.87402344,0.9259766,-0.17402343,0.025976563,0.62597656,2.5259767,2.7259765,2.5259767,2.4259765,2.5259767,3.6259766,2.7259765,3.0259767,3.8259766,4.7259765,4.5259767,4.6259766,4.9259768,4.6259766,5.5259767,6.6259766,6.4259768,17.425976,9.525976,7.1259766,4.3259764,11.125977,7.1259766,6.7259765,3.9259765
0.52597654,-0.87402344,-0.17402343,-0.07402344,0.025976563,-0.07402344,-0.07402344,0.12597656,-0.17402343,0.12597656,1.3259766,2.4259765,2.4259765,2.2259765,1.8259766,1.0259765,0.52597654,-0.47402343,-0.87402344,-0.67402345,0.32597655,1.0259765,0.82597655,0.52597654,0.52597654,-0.07402344,-0.7740234,-0.97402346,-1.1740234,-0.97402346,-0.7740234,0.42597657,0.9259766,1.2259766,1.4259765,0.62597656,3.4259765,3.7259765,3.4259765,4.7259765,6.6259766,2.7259765,2.0259767,6.7259765,4.4259768,4.9259768,5.4259768,5.6259766,6.5259767,4.3259764,8.925977,14.825976,11.325976,7.0259767,4.5259767,6.6259766,4.4259768,5.5259767,5.4259768
-1.0740235,-1.1740234,-0.07402344,-0.87402344,0.42597657,0.52597654,-1.9740235,-1.8740234,-1.2740234,-0.47402343,1.3259766,2.4259765,2.8259766,2.8259766,1.9259765,1.2259766,1.3259766,0.52597654,-0.17402343,0.32597655,1.8259766,2.0259767,1.6259766,2.1259766,2.2259765,1.2259766,1.2259766,2.2259765,1.7259766,1.9259765,2.0259767,2.3259766,2.7259765,2.6259766,3.4259765,2.1259766,4.3259764,4.8259764,5.6259766,4.5259767,7.8259764,4.0259767,4.5259767,7.6259766,6.6259766,6.2259765,7.6259766,7.8259764,5.5259767,9.125977,10.725977,11.325976,9.625977,9.525976,8.725977,8.725977,6.9259768,3.4259765,5.2259765
-0.87402344,0.7259766,-2.2740235,-1.4740235,0.32597655,0.7259766,1.6259766,-1.3740234,-2.7740235,-3.9740233,-3.7740235,-0.07402344,2.9259765,3.1259766,2.1259766,2.3259766,1.5259765,1.5259765,0.62597656,0.9259766,1.2259766,1.4259765,1.9259765,1.9259765,1.5259765,2.6259766,2.8259766,2.1259766,3.6259766,3.8259766,4.5259767,5.4259768,4.5259767,6.4259768,6.6259766,6.0259767,7.2259765,8.925977,9.825976,9.225977,8.025976,5.4259768,7.2259765,7.7259765,8.125977,9.125977,9.425977,10.125977,9.325976,9.925977,9.525976,8.025976,7.8259764,8.625977,9.925977,8.225977,8.325976,7.5259767,7.1259766
-0.47402343,2.1259766,3.2259765,1.5259765,4.1259766,2.0259767,-0.5740234,1.1259766,-0.87402344,1.3259766,0.9259766,2.4259765,2.3259766,2.4259765,2.1259766,3.2259765,2.6259766,1.7259766,1.3259766,0.62597656,1.1259766,1.4259765,1.2259766,1.7259766,2.5259767,2.9259765,3.9259765,4.4259768,5.1259766,5.8259764,6.5259767,7.7259765,7.8259764,7.2259765,4.9259768,5.5259767,9.225977,9.125977,8.525976,8.025976,7.5259767,8.225977,8.425977,7.6259766,8.325976,8.525976,7.9259768,7.1259766,7.9259768,9.025976,8.525976,8.725977,8.925977,9.125977,9.225977,9.225977,8.125977,6.8259764,7.0259767
3.7259765,2.7259765,2.9259765,1.6259766,1.4259765,1.1259766,-1.1740234,0.52597654,0.22597656,1.8259766,2.3259766,2.4259765,2.2259765,0.025976563,3.4259765,1.9259765,1.0259765,0.62597656,1.1259766,0.42597657,0.7259766,1.7259766,2.2259765,3.1259766,3.8259766,4.3259764,4.7259765,6.2259765,7.0259767,7.4259768,7.8259764,8.025976,7.8259764,7.3259764,7.1259766,8.425977,7.8259764,7.9259768,8.225977,7.5259767,7.6259766,7.7259765,7.5259767,8.125977,7.9259768,7.5259767,7.9259768,7.8259764,9.225977,8.625977,9.025976,8.525976,8.525976,8.925977,8.325976,8.125977,8.125977,7.0259767,6.3259764
1.4259765,1.9259765,2.8259766,1.6259766,1.7259766,1.1259766,1.6259766,1.1259766,1.7259766,0.9259766,2.6259766,2.0259767,2.0259767,1.8259766,0.82597655,0.22597656,0.42597657,0.82597655,0.9259766,1.3259766,2.2259765,2.1259766,2.5259767,3.5259767,3.9259765,4.7259765,5.3259764,5.4259768,6.0259767,7.1259766,7.1259766,7.3259764,7.3259764,7.0259767,7.1259766,7.6259766,8.125977,7.8259764,8.425977,8.125977,7.4259768,8.725977,8.825976,7.6259766,8.425977,8.725977,7.8259764,8.225977,8.425977,9.125977,8.425977,8.725977,8.525976,8.025976,8.025976,7.9259768,7.6259766,6.8259764,6.5259767
-0.07402344,3.0259767,1.5259765,0.42597657,0.52597654,-0.47402343,0.9259766,1.2259766,1.1259766,1.9259765,1.5259765,1.7259766,1.8259766,1.8259766,0.62597656,-1.2740234,-0.97402346,-0.27402344,0.12597656,0.82597655,1.5259765,2.5259767,3.1259766,3.9259765,4.5259767,5.4259768,5.7259765,6.0259767,5.7259765,6.5259767,6.1259766,6.7259765,6.4259768,5.7259765,6.2259765,6.8259764,7.4259768,6.9259768,6.8259764,7.3259764,8.025976,8.025976,7.2259765,7.5259767,6.7259765,7.4259768,8.525976,8.125977,8.625977,9.225977,9.525976,8.725977,8.125977,8.725977,8.525976,8.125977,8.125977,7.3259764,6.5259767
2.4259765,1.4259765,0.62597656,0.82597655,-0.17402343,0.9259766,1.5259765,1.2259766,0.7259766,1.1259766,1.5259765,1.4259765,2.0259767,1.6259766,1.5259765,-2.1740234,-1.7740234,-0.5740234,-0.37402344,0.62597656,1.3259766,2.3259766,3.1259766,3.8259766,5.6259766,5.4259768,5.6259766,6.1259766,6.1259766,6.8259764,6.6259766,6.3259764,6.8259764,6.5259767,5.2259765,5.1259766,5.5259767,5.4259768,6.5259767,6.0259767,6.0259767,5.5259767,6.3259764,6.9259768,7.2259765,7.6259766,8.625977,9.325976,8.725977,8.825976,8.525976,8.125977,8.825976,8.025976,8.025976,7.5259767,7.2259765,7.4259768,7.0259767
1.1259766,1.6259766,0.82597655,-0.17402343,0.32597655,1.3259766,1.4259765,0.52597654,0.32597655,-0.27402344,1.5259765,0.82597655,2.2259765,0.9259766,-2.5740235,-1.8740234,-2.2740235,-1.4740235,-0.37402344,-0.27402344,0.62597656,1.7259766,3.0259767,3.5259767,4.6259766,6.2259765,6.9259768,6.6259766,7.0259767,6.8259764,6.7259765,7.2259765,7.0259767,5.7259765,4.7259765,4.8259764,3.9259765,4.5259767,4.5259767,4.5259767,4.7259765,5.1259766,6.0259767,6.1259766,6.7259765,7.1259766,7.8259764,8.225977,8.925977,8.325976,8.425977,7.8259764,7.8259764,7.5259767,7.2259765,6.5259767,6.9259768,6.5259767,5.9259768
0.12597656,0.62597656,1.2259766,0.32597655,-1.1740234,0.62597656,0.52597654,-1.2740234,1.1259766,0.82597655,1.1259766,1.0259765,1.2259766,0.52597654,-1.6740234,-1.6740234,-3.8740234,-2.4740233,-3.2740235,-0.97402346,-0.17402343,0.52597654,1.7259766,2.6259766,3.7259765,5.2259765,6.3259764,6.4259768,6.1259766,6.6259766,6.5259767,6.9259768,5.8259764,5.7259765,4.9259768,3.9259765,2.9259765,2.9259765,3.4259765,3.7259765,3.7259765,4.3259764,4.8259764,6.3259764,6.6259766,6.7259765,6.6259766,7.0259767,7.0259767,7.5259767,7.3259764,7.8259764,7.7259765,7.7259765,6.4259768,7.0259767,6.9259768,6.2259765,5.6259766
0.62597656,0.62597656,-0.87402344,0.025976563,1.0259765,1.4259765,0.52597654,-0.47402343,1.2259766,1.0259765,1.8259766,-0.37402344,0.42597657,0.52597654,0.32597655,-0.27402344,-2.8740234,-2.5740235,-1.8740234,-2.2740235,-1.3740234,-2.3740234,-3.2740235,-1.9740235,-0.67402345,3.2259765,5.4259768,6.5259767,6.4259768,6.9259768,7.5259767,7.4259768,6.4259768,5.7259765,5.5259767,4.3259764,2.7259765,1.5259765,1.8259766,2.4259765,2.8259766,4.0259767,4.5259767,5.4259768,6.1259766,6.8259764,6.9259768,6.9259768,7.4259768,7.3259764,8.225977,8.625977,8.225977,8.225977,6.6259766,6.3259764,6.1259766,5.9259768,5.7259765
0.12597656,0.12597656,0.62597656,0.22597656,0.32597655,0.32597655,1.3259766,0.42597657,-2.2740235,-1.7740234,0.42597657,-0.67402345,0.12597656,-1.5740235,-1.7740234,1.1259766,-0.27402344,0.025976563,-0.07402344,-1.7740234,-2.2740235,-0.7740234,0.025976563,-4.7740235,-4.1740236,-0.5740234,3.3259766,5.1259766,6.3259764,7.3259764,7.8259764,8.525976,7.6259766,5.3259764,3.8259766,3.2259765,2.9259765,2.6259766,2.2259765,2.8259766,3.5259767,4.1259766,4.7259765,5.4259768,6.4259768,6.8259764,6.8259764,7.2259765,7.6259766,8.625977,8.825976,7.4259768,6.9259768,7.0259767,6.6259766,6.5259767,5.5259767,5.2259765,5.1259766
1.1259766,1.2259766,1.0259765,-0.07402344,0.52597654,1.5259765,-2.5740235,4.1259766,2.1259766,0.7259766,-0.87402344,-0.5740234,-1.4740235,0.025976563,1.2259766,2.4259765,0.12597656,0.32597655,0.42597657,-0.67402345,-0.87402344,1.2259766,2.6259766,3.7259765,3.2259765,4.2259765,5.0259767,-0.17402343,1.9259765,7.5259767,7.8259764,7.6259766,6.5259767,6.1259766,3.7259765,3.0259767,2.4259765,2.3259766,2.3259766,3.3259766,4.0259767,4.2259765,5.2259765,5.3259764,6.0259767,6.2259765,7.0259767,7.4259768,6.7259765,6.4259768,6.3259764,5.9259768,6.3259764,6.8259764,6.1259766,6.0259767,6.1259766,5.2259765,4.8259764
1.0259765,2.1259766,0.9259766,5.8259764,1.9259765,-0.37402344,1.8259766,1.8259766,0.7259766,-2.9740233,3.4259765,2.3259766,-0.17402343,0.82597655,1.4259765,0.9259766,-0.27402344,0.32597655,0.7259766,0.32597655,-2.0740235,1.3259766,3.3259766,3.4259765,3.6259766,3.4259765,4.5259767,5.1259766,-3.7740235,5.4259768,8.225977,7.3259764,6.7259765,5.1259766,4.8259764,3.9259765,3.0259767,2.9259765,3.1259766,3.4259765,3.9259765,4.4259768,4.6259766,5.3259764,4.8259764,5.8259764,6.0259767,7.1259766,6.6259766,6.2259765,6.1259766,5.8259764,6.2259765,6.2259765,6.4259768,6.0259767,5.8259764,5.7259765,4.9259768
0.9259766,1.0259765,2.2259765,3.2259765,1.5259765,0.12597656,1.9259765,-3.6740234,2.3259766,2.0259767,-0.37402344,-1.2740234,-1.5740235,2.3259766,1.9259765,-0.27402344,0.42597657,-2.7740235,0.7259766,1.8259766,0.62597656,1.1259766,3.2259765,4.0259767,3.9259765,3.5259767,3.3259766,4.5259767,5.3259764,6.1259766,7.5259767,7.1259766,7.1259766,6.0259767,5.1259766,3.9259765,3.5259767,3.6259766,3.6259766,3.3259766,4.2259765,4.7259765,3.9259765,4.1259766,6.0259767,5.2259765,5.9259768,5.2259765,5.7259765,6.0259767,7.0259767,6.0259767,5.8259764,5.9259768,5.9259768,5.7259765,5.8259764,5.9259768,5.5259767
0.82597655,0.32597655,-0.5740234,0.32597655,1.0259765,1.6259766,2.1259766,-2.3740234,0.52597654,0.52597654,0.7259766,0.9259766,-5.5740232,1.7259766,2.5259767,1.7259766,0.22597656,0.9259766,-0.47402343,-0.87402344,3.1259766,2.8259766,3.8259766,4.7259765,4.6259766,4.3259764,5.0259767,4.7259765,5.9259768,5.7259765,6.9259768,6.2259765,6.0259767,7.4259768,5.8259764,5.0259767,5.1259766,4.8259764,4.8259764,5.0259767,4.5259767,4.7259765,4.7259765,4.1259766,4.7259765,5.2259765,4.2259765,4.9259768,4.5259767,5.0259767,5.2259765,5.4259768,6.0259767,5.3259764,5.4259768,6.2259765,6.2259765,5.8259764,5.4259768
3.2259765,0.62597656,1.3259766,2.0259767,1.7259766,1.2259766,1.6259766,0.62597656,1.0259765,1.7259766,0.025976563,0.82597655,1.3259766,2.3259766,1.7259766,1.8259766,2.2259765,0.12597656,1.8259766,2.2259765,3.1259766,3.9259765,4.2259765,4.6259766,4.9259768,4.4259768,5.4259768,5.5259767,4.4259768,4.8259764,5.2259765,5.5259767,4.9259768,6.5259767,5.8259764,4.9259768,5.6259766,5.9259768,5.1259766,5.2259765,4.8259764,4.1259766,3.9259765,3.5259767,3.9259765,4.3259764,4.8259764,3.8259766,4.2259765,4.8259764,4.6259766,5.1259766,4.5259767,5.5259767,6.1259766,6.6259766,6.8259764,6.8259764,5.6259766
2.3259766,0.9259766,1.1259766,0.82597655,0.9259766,0.9259766,1.3259766,1.3259766,1.4259765,2.3259766,0.42597657,-0.37402344,0.7259766,1.8259766,1.3259766,1.1259766,3.0259767,1.2259766,2.3259766,1.4259765,2.8259766,3.6259766,3.9259765,4.4259768,4.5259767,4.6259766,4.7259765,5.4259768,4.6259766,3.5259767,3.8259766,3.8259766,3.2259765,3.7259765,3.7259765,4.4259768,5.0259767,5.3259764,5.7259765,5.0259767,4.3259764,4.3259764,2.4259765,2.7259765,3.1259766,3.2259765,3.8259766,3.9259765,4.4259768,4.3259764,4.5259767,5.0259767,5.6259766,5.6259766,5.6259766,5.7259765,5.9259768,5.8259764,5.2259765
1.4259765,0.9259766,1.4259765,0.025976563,0.62597656,0.42597657,1.0259765,1.1259766,1.7259766,2.5259767,2.1259766,0.32597655,1.0259765,1.4259765,1.5259765,1.5259765,1.3259766,1.6259766,1.0259765,2.0259767,3.7259765,3.6259766,3.9259765,0.12597656,4.5259767,5.6259766,4.6259766,4.1259766,4.3259764,3.3259766,3.7259765,2.9259765,1.9259765,2.5259767,2.8259766,2.6259766,3.5259767,4.2259765,3.9259765,3.6259766,3.2259765,4.8259764,2.1259766,2.0259767,2.1259766,3.8259766,2.8259766,3.3259766,4.2259765,4.3259764,4.6259766,4.8259764,5.3259764,6.0259767,5.7259765,6.0259767,6.1259766,6.5259767,6.2259765
3.5259767,1.3259766,0.62597656,0.12597656,-1.7740234,0.52597654,0.82597655,1.4259765,0.9259766,2.5259767,1.8259766,1.2259766,1.3259766,1.7259766,1.2259766,1.7259766,1.9259765,1.3259766,2.0259767,2.9259765,3.5259767,3.8259766,-3.1740234,4.1259766,3.6259766,4.0259767,3.4259765,2.6259766,2.4259765,2.6259766,3.2259765,3.0259767,1.1259766,0.42597657,0.42597657,1.7259766,2.2259765,1.3259766,3.1259766,2.6259766,3.1259766,4.1259766,2.5259767,1.3259766,1.7259766,2.0259767,2.0259767,3.2259765,3.3259766,4.3259764,4.8259764,5.5259767,5.3259764,5.4259768,5.6259766,5.5259767,5.7259765,5.3259764,5.9259768
3.9259765,3.7259765,2.2259765,1.0259765,1.4259765,0.025976563,0.52597654,2.0259767,1.4259765,0.12597656,1.5259765,1.1259766,1.7259766,1.4259765,1.0259765,1.1259766,2.0259767,3.1259766,2.8259766,3.0259767,3.3259766,5.4259768,4.1259766,3.8259766,1.5259765,1.6259766,2.2259765,1.9259765,2.2259765,2.5259767,2.7259765,3.3259766,1.2259766,0.9259766,0.62597656,1.9259765,0.62597656,1.4259765,0.62597656,2.2259765,2.0259767,3.3259766,3.0259767,-0.17402343,0.12597656,0.82597655,2.0259767,2.6259766,3.2259765,3.8259766,3.7259765,4.1259766,4.7259765,5.0259767,5.2259765,4.9259768,5.8259764,5.7259765,5.8259764
3.0259767,2.3259766,2.6259766,3.1259766,2.2259765,0.025976563,0.52597654,1.1259766,1.8259766,0.9259766,1.0259765,1.3259766,2.6259766,2.2259765,0.7259766,1.0259765,2.4259765,2.4259765,3.0259767,3.4259765,4.2259765,5.3259764,5.0259767,3.4259765,0.42597657,0.22597656,1.2259766,0.42597657,0.42597657,2.0259767,2.9259765,2.3259766,1.9259765,2.4259765,1.5259765,1.8259766,1.9259765,1.1259766,0.42597657,0.42597657,0.22597656,1.7259766,1.7259766,0.22597656,0.52597654,0.22597656,1.0259765,1.7259766,2.6259766,3.2259765,3.2259765,3.4259765,3.9259765,4.6259766,4.7259765,5.1259766,5.3259764,6.2259765,6.3259764
