nws-json/uv_20190820_00.f000.json
{"header": { "discipline":0, "disciplineName":"Meteorological products", "gribEdition":2, "gribLength":55092, "center":7, "centerName":"US National Weather Service - NCEP(WMC)", "subcenter":0, "refTime":"2019-08-20T00:00:00.000Z", "significanceOfRT":1, "significanceOfRTName":"Start of forecast", "productStatus":0, "productStatusName":"Operational products", "productType":1, "productTypeName":"Forecast products", "productDefinitionTemplate":0, "productDefinitionTemplateName":"Analysis/forecast at horizontal level/layer at a point in time", "parameterCategory":2, "parameterCategoryName":"Momentum", "parameterNumber":2, "parameterNumberName":"U-component_of_wind", "parameterUnit":"m.s-1", "genProcessType":2, "genProcessTypeName":"Forecast", "forecastTime":0, "surface1Type":220, "surface1TypeName":"Planetary Boundary Layer", "surface1Value":0.0, "surface2Type":255, "surface2TypeName":"Missing", "surface2Value":0.0, "gridDefinitionTemplate":0, "gridDefinitionTemplateName":"Latitude_Longitude", "numberPoints":65160, "shape":6, "shapeName":"Earth spherical with radius of 6,371,229.0 m", "gridUnits":"degrees", "resolution":48, "winds":"true", "scanMode":0, "nx":360, "ny":181, "basicAngle":0, "lo1":0.0, "la1":90.0, "lo2":359.0, "la2":-90.0, "dx":1.0, "dy":1.0 }, "data":
[rows 130 to 155 of 181, columns 57 to 113 of 360]
0.72542727,2.4254272,4.0254273,4.5254273,5.225427,5.725427,6.725427,9.425427,11.025427,12.725428,13.125427,15.125427,15.525427,14.925427,14.525427,16.325428,17.625427,17.925426,17.725428,16.625427,16.125427,16.825428,19.425426,20.525427,19.825428,17.525427,24.125427,20.225428,18.925426,17.525427,15.325427,13.725428,13.025427,13.225428,11.725428,11.225428,9.225428,7.5254273,6.4254274,2.1254272,1.7254273,3.2254272,2.6254272,3.8254273,15.425427,17.425426,17.525427,15.725428,15.025427,15.125427,15.125427,15.425427,15.725428,15.225428,15.125427,15.425427,15.325427
3.1254272,4.9254274,5.1254272,4.725427,4.9254274,5.4254274,8.025427,10.525427,12.025427,12.225428,13.625427,13.825427,13.625427,13.625427,14.125427,16.025427,16.425426,16.525427,17.625427,17.825428,18.025427,19.225428,20.725428,20.925426,20.925426,20.625427,20.425426,21.025427,19.925426,18.525427,15.925427,13.625427,12.625427,11.725428,10.525427,10.625427,11.225428,10.325427,6.9254274,7.725427,6.325427,8.225428,5.825427,7.725427,6.225427,5.6254272,7.9254274,17.225428,17.825428,17.125427,16.025427,17.325428,17.625427,15.825427,15.725428,16.825428,17.425426
4.325427,5.725427,5.4254274,5.325427,5.1254272,6.225427,9.225428,11.025427,12.225428,11.625427,12.925427,13.125427,13.225428,13.125427,14.225428,14.425427,15.225428,15.925427,16.525427,17.325428,17.325428,18.325428,20.125427,21.125427,19.225428,19.425426,20.725428,22.025427,19.925426,18.525427,16.225428,13.525427,12.025427,10.825427,10.025427,9.025427,8.425427,8.525427,9.925427,10.925427,11.525427,10.525427,10.725428,9.925427,8.725428,8.525427,7.825427,7.825427,10.225428,10.625427,15.925427,16.625427,16.825428,15.925427,15.825427,15.625427,16.825428
6.325427,6.225427,5.725427,6.1254272,5.5254273,7.4254274,9.725428,11.725428,11.725428,12.325427,12.725428,13.225428,13.125427,12.725428,13.625427,13.625427,13.325427,14.225428,15.525427,16.525427,17.925426,19.725428,18.925426,19.525427,18.225428,17.525427,18.725428,21.825428,18.525427,17.825428,16.125427,14.425427,13.225428,10.625427,9.725428,9.425427,7.9254274,6.825427,7.825427,8.325427,8.025427,9.725428,13.125427,12.825427,12.325427,10.025427,10.625427,11.425427,11.325427,11.225428,9.725428,13.725428,11.425427,10.725428,11.125427,11.525427,15.325427
7.1254272,6.825427,6.325427,6.325427,7.825427,9.025427,10.925427,11.625427,11.625427,11.825427,12.825427,13.225428,13.225428,14.225428,13.225428,12.625427,12.925427,13.925427,13.525427,15.225428,15.625427,15.825427,18.225428,16.825428,15.325427,16.225428,16.725428,13.925427,16.825428,16.825428,15.725428,15.325427,13.425427,11.625427,9.725428,9.125427,8.025427,6.4254274,7.225427,7.325427,6.9254274,8.925427,10.725428,11.325427,12.325427,11.425427,12.425427,12.025427,12.625427,14.125427,12.225428,11.625427,13.225428,11.325427,11.225428,12.425427,13.725428
7.0254273,7.9254274,7.4254274,8.025427,9.225428,10.925427,12.225428,12.925427,12.525427,13.125427,13.325427,13.725428,13.625427,13.825427,13.725428,13.325427,11.425427,12.025427,14.225428,14.825427,15.725428,17.425426,19.925426,15.825427,16.025427,16.125427,17.625427,11.525427,12.325427,16.125427,16.225428,15.425427,13.625427,11.825427,9.825427,7.9254274,6.6254272,5.0254273,4.4254274,4.4254274,4.5254273,5.1254272,7.4254274,9.325427,9.925427,10.325427,11.725428,12.125427,12.925427,14.125427,13.125427,12.725428,12.025427,12.825427,14.425427,15.325427,15.325427
8.425427,9.725428,9.525427,9.625427,10.325427,12.925427,14.025427,14.125427,14.425427,14.225428,14.425427,14.325427,14.725428,14.425427,14.325427,14.325427,14.525427,13.425427,12.825427,14.225428,13.025427,13.425427,12.025427,13.725428,14.225428,14.425427,14.925427,11.925427,12.525427,16.725428,14.725428,13.725428,12.525427,10.825427,9.925427,8.625427,7.0254273,5.9254274,4.325427,4.325427,4.9254274,5.325427,6.225427,8.125427,8.925427,9.325427,8.825427,8.625427,8.825427,10.725428,12.825427,12.725428,13.325427,13.325427,14.925427,16.125427,17.025427
10.625427,10.525427,10.625427,11.125427,12.925427,14.425427,15.125427,15.425427,15.325427,15.625427,15.925427,16.125427,16.125427,15.425427,15.025427,14.825427,15.125427,15.625427,14.425427,13.425427,14.225428,10.425427,14.725428,15.425427,15.025427,14.525427,14.825427,13.325427,11.825427,16.925426,13.625427,12.225428,11.725428,9.725428,8.525427,7.4254274,6.5254273,5.725427,4.4254274,5.225427,5.725427,6.825427,7.725427,8.525427,9.625427,11.625427,12.825427,12.625427,11.925427,11.725428,12.725428,13.425427,13.625427,13.925427,15.525427,17.225428,18.725428
11.525427,11.025427,12.225428,13.525427,14.725428,15.825427,15.925427,16.425426,16.825428,16.225428,17.125427,17.225428,17.125427,16.825428,16.125427,15.625427,15.225428,14.825427,14.625427,13.725428,13.425427,14.325427,14.625427,16.525427,15.925427,16.225428,13.125427,11.325427,13.625427,12.025427,16.625427,11.025427,10.125427,8.425427,8.625427,8.625427,7.5254273,7.4254274,8.725428,8.825427,8.725428,9.025427,10.125427,11.725428,13.125427,14.325427,16.625427,17.325428,16.725428,15.825427,16.225428,16.625427,17.325428,17.925426,18.825428,20.025427,20.625427
13.125427,14.125427,14.525427,15.825427,17.225428,17.425426,18.125427,18.625427,18.225428,18.125427,17.825428,17.825428,20.325428,17.525427,17.125427,17.125427,16.625427,15.325427,14.325427,13.825427,13.225428,13.025427,13.925427,14.225428,15.525427,13.925427,11.725428,12.725428,13.525427,13.125427,15.925427,8.125427,7.6254272,7.825427,8.825427,9.425427,10.025427,9.025427,8.725428,8.825427,9.725428,11.425427,13.325427,15.125427,17.125427,18.425426,19.025427,19.525427,18.925426,18.025427,18.125427,18.525427,19.425426,20.625427,21.225428,21.825428,22.025427
15.025427,16.125427,17.425426,18.125427,19.225428,19.725428,20.225428,20.325428,20.125427,20.025427,19.525427,19.125427,19.225428,19.825428,19.125427,18.325428,17.825428,16.925426,15.225428,14.125427,12.325427,11.625427,10.525427,9.925427,8.125427,6.9254274,8.925427,10.125427,13.125427,12.925427,12.125427,7.9254274,7.5254273,7.225427,8.525427,8.525427,8.725428,8.625427,8.425427,9.125427,10.925427,13.225428,14.825427,17.525427,20.125427,21.425426,21.725428,21.725428,21.325428,19.925426,19.925426,19.725428,20.125427,20.825428,21.425426,21.725428,22.525427
16.925426,17.725428,19.425426,20.325428,20.925426,20.925426,21.525427,22.125427,22.125427,22.125427,21.625427,20.625427,20.425426,20.425426,20.225428,19.625427,18.325428,17.525427,16.125427,14.625427,12.725428,10.525427,10.125427,6.225427,10.625427,12.125427,11.525427,11.225428,8.725428,10.425427,6.4254274,10.625427,2.0254273,4.6254272,5.6254272,7.325427,7.5254273,8.425427,8.625427,10.325427,12.425427,14.825427,17.425426,19.925426,21.225428,21.625427,24.125427,22.025427,21.325428,20.525427,19.425426,19.525427,19.725428,21.025427,21.725428,22.425426,22.825428
18.425426,20.125427,20.225428,21.025427,21.925426,22.125427,22.225428,22.825428,23.425426,23.825428,23.925426,22.725428,21.525427,20.925426,20.425426,20.225428,18.825428,17.225428,16.525427,14.025427,12.825427,10.825427,9.125427,8.725428,6.4254274,6.9254274,11.225428,12.725428,12.325427,7.5254273,-1.3745728,-1.7745727,0.12542725,0.5254272,6.225427,6.1254272,7.5254273,9.425427,10.125427,12.025427,14.825427,17.025427,19.425426,20.325428,21.225428,20.725428,18.125427,21.725428,21.125427,19.925426,19.525427,19.025427,19.425426,20.225428,21.225428,21.225428,21.225428
19.425426,21.025427,21.425426,21.825428,22.525427,23.525427,23.825428,23.825428,24.025427,24.625427,24.925426,24.025427,23.425426,21.925426,20.825428,19.925426,18.225428,16.525427,15.925427,14.825427,12.125427,11.225428,9.525427,8.025427,7.725427,6.1254272,5.1254272,5.0254273,8.425427,9.125427,3.8254273,4.1254272,4.725427,4.4254274,6.0254273,7.825427,9.725428,11.625427,12.725428,14.325427,17.125427,19.225428,20.525427,21.225428,21.325428,21.625427,21.425426,19.225428,17.525427,18.225428,19.325428,18.425426,20.225428,20.325428,20.425426,20.225428,20.625427
20.025427,21.225428,22.825428,23.725428,24.325428,24.525427,24.825428,25.025427,25.225428,25.625427,25.425426,23.425426,23.225428,22.125427,20.425426,19.125427,17.725428,16.025427,15.625427,14.225428,12.425427,10.625427,10.925427,8.925427,8.225428,8.125427,6.225427,5.6254272,4.0254273,9.325427,6.4254274,9.025427,9.125427,9.325427,10.025427,10.725428,11.525427,13.125427,14.725428,15.725428,18.625427,19.925426,21.125427,21.525427,21.125427,20.925426,21.725428,21.925426,21.425426,22.025427,22.325428,22.725428,21.825428,21.025427,19.725428,19.925426,20.825428
20.925426,23.325428,24.425426,24.825428,24.825428,25.025427,24.925426,24.525427,24.825428,25.425426,24.625427,23.025427,22.225428,20.925426,19.325428,18.025427,16.825428,14.725428,14.325427,10.525427,10.025427,9.525427,10.625427,10.625427,9.925427,9.325427,8.925427,8.225428,6.5254273,5.0254273,0.72542727,5.725427,4.325427,9.925427,13.025427,8.325427,11.225428,14.925427,16.825428,18.325428,20.025427,21.625427,21.925426,21.225428,20.925426,21.025427,21.025427,21.025427,20.825428,22.525427,22.725428,22.325428,22.725428,21.725428,20.725428,20.925426,21.125427
22.725428,24.225428,24.425426,24.425426,24.125427,23.925426,23.925426,23.825428,23.725428,22.825428,22.725428,22.325428,22.025427,20.325428,18.625427,17.225428,14.925427,13.125427,12.025427,10.525427,7.9254274,8.825427,10.725428,10.025427,11.925427,11.425427,10.725428,10.625427,10.025427,9.025427,7.825427,6.5254273,5.6254272,5.225427,7.6254272,11.025427,14.625427,17.225428,19.625427,20.425426,21.025427,21.425426,21.425426,21.225428,21.425426,21.125427,20.525427,21.225428,21.525427,21.425426,21.325428,21.725428,19.625427,21.425426,20.825428,20.525427,20.325428
23.225428,23.625427,23.225428,22.825428,22.425426,23.125427,22.325428,20.525427,19.425426,18.825428,18.225428,18.525427,18.425426,18.125427,15.825427,14.625427,12.525427,9.025427,4.6254272,4.725427,0.32542723,7.325427,10.025427,12.725428,12.225428,11.825427,11.625427,11.725428,12.525427,12.725428,12.625427,12.625427,13.025427,13.725428,14.925427,17.025427,19.125427,20.025427,20.625427,21.525427,21.725428,21.525427,21.825428,21.625427,21.225428,20.725428,20.925426,20.925426,21.025427,20.625427,21.325428,21.125427,22.225428,22.325428,22.425426,20.525427,20.025427
21.525427,20.825428,21.425426,20.425426,18.925426,17.125427,15.825427,15.425427,14.725428,14.125427,13.925427,14.525427,14.225428,14.225428,11.525427,10.425427,-8.574573,-7.174573,-3.2745728,0.025427246,4.325427,9.725428,11.625427,11.025427,10.725428,10.725428,11.025427,11.425427,11.925427,12.525427,13.825427,14.725428,16.125427,17.425426,18.725428,19.725428,20.425426,21.125427,21.425426,21.425426,21.325428,21.025427,20.325428,19.625427,19.625427,19.625427,19.625427,19.925426,20.125427,20.325428,20.725428,21.125427,21.425426,21.025427,19.725428,19.425426,19.425426
18.625427,16.525427,14.625427,13.925427,12.825427,12.325427,12.025427,11.625427,10.925427,9.825427,8.825427,6.6254272,3.9254272,-12.374573,-11.674573,-8.774572,-6.674573,-3.2745728,1.1254272,4.4254274,7.5254273,9.825427,10.125427,10.325427,11.225428,11.625427,11.825427,11.825427,11.925427,11.925427,12.725428,13.925427,14.925427,15.925427,17.225428,18.725428,19.725428,20.125427,20.225428,20.225428,20.225428,19.225428,18.825428,18.825428,18.625427,18.425426,18.725428,19.325428,20.225428,20.625427,20.625427,20.825428,21.025427,20.725428,21.025427,20.625427,20.525427
11.325427,10.225428,9.325427,9.825427,10.825427,11.025427,10.325427,10.125427,9.325427,8.225428,7.4254274,6.1254272,2.1254272,-1.1745727,-2.6745727,-1.8745728,-0.87457275,1.0254272,3.2254272,5.5254273,8.025427,10.325427,11.225428,12.225428,12.825427,12.725428,12.825427,12.125427,11.325427,11.125427,11.025427,11.325427,12.025427,13.125427,14.525427,15.625427,15.625427,15.725428,15.925427,15.125427,14.925427,14.725428,14.225428,15.225428,14.325427,14.425427,16.225428,18.125427,19.625427,20.425426,21.025427,21.725428,22.425426,22.625427,22.925426,22.425426,21.625427
8.525427,9.225428,10.225428,10.325427,10.625427,10.225428,8.225428,7.725427,8.125427,7.725427,6.6254272,5.0254273,4.5254273,2.7254272,2.1254272,2.0254273,3.5254273,4.6254272,6.825427,8.425427,10.025427,11.525427,12.325427,12.925427,13.025427,13.025427,12.325427,12.025427,11.425427,10.525427,9.625427,9.125427,9.125427,9.225428,8.925427,8.425427,8.725428,8.325427,5.825427,3.2254272,-1.6745727,1.1254272,3.4254272,3.1254272,8.425427,10.125427,12.025427,13.825427,15.625427,17.825428,20.125427,22.025427,22.625427,22.125427,20.525427,18.925426,17.825428
9.225428,9.925427,9.525427,8.425427,8.225428,8.525427,7.5254273,6.4254274,6.225427,5.0254273,5.325427,5.0254273,4.825427,4.225427,4.4254274,4.9254274,6.4254274,7.225427,9.025427,10.225428,11.325427,12.025427,12.225428,12.225428,12.025427,11.525427,9.725428,6.1254272,4.1254272,3.2254272,3.8254273,4.4254274,2.7254272,0.025427246,-5.5745726,-7.5745726,-7.674573,-7.0745726,-6.274573,-4.0745726,-2.5745728,-1.7745727,-1.0745728,0.025427246,1.5254272,1.3254273,1.8254273,3.4254272,5.825427,8.125427,11.525427,11.125427,13.325427,15.725428,14.325427,11.625427,10.025427
8.425427,8.525427,7.825427,6.9254274,6.1254272,7.225427,6.0254273,5.825427,5.825427,6.1254272,4.1254272,4.325427,4.225427,4.6254272,4.725427,6.5254273,8.925427,9.425427,10.125427,10.625427,10.825427,10.925427,10.725428,9.425427,6.9254274,2.0254273,-0.27457276,-1.6745727,-2.8745728,-4.274573,-7.774573,-9.674573,-10.474573,-11.074573,-10.874573,-9.774572,-8.074573,-4.774573,-6.8745728,-8.774572,-8.274572,-7.174573,-6.3745728,-6.8745728,-7.5745726,-9.774572,-9.274572,-7.4745727,-6.174573,-12.474573,-16.374573,-14.774572,-12.474573,-13.674573,-10.974573,-7.674573,-4.274573
7.825427,7.5254273,7.325427,7.5254273,7.725427,6.9254274,7.1254272,7.725427,7.325427,5.1254272,5.6254272,5.5254273,5.5254273,6.4254274,6.6254272,7.825427,9.025427,9.425427,9.225428,9.025427,8.525427,7.1254272,2.4254272,-1.7745727,-3.2745728,-5.5745726,-6.274573,-8.374573,-10.174573,-11.274572,-12.374573,-12.674573,-12.474573,-11.074573,-10.274572,-10.874573,-12.274572,-13.474573,-14.474573,-14.474573,-12.274572,-11.674573,-9.474573,-11.374573,-19.874573,-22.674572,-19.374573,-16.374573,-18.174572,-24.874573,-28.074574,-28.674572,-29.974573,-30.874573,-29.274572,-26.874573,-22.174572
5.4254274,5.225427,5.4254274,5.825427,7.225427,7.225427,7.4254274,7.1254272,6.825427,6.225427,5.9254274,6.0254273,6.325427,7.0254273,7.4254274,7.325427,7.225427,6.9254274,5.825427,2.9254272,-2.7745728,-5.3745728,-7.174573,-7.774573,-8.674573,-8.774572,-10.074573,-11.274572,-11.774572,-12.274572,-13.474573,-13.074573,-13.174573,-14.574573,-16.174572,-16.374573,-16.374573,-17.674572,-19.074574,-20.874573,-22.374573,-22.874573,-22.874573,-25.074574,-31.074574,-30.574574,-26.374573,-22.874573,-23.874573,-28.374573,-30.774572,-34.674572,-35.574574,-36.374573,-36.274574,-34.274574,-30.074574
