nws-json/uv_20190820_06.f000.json
{"header": { "discipline":0, "disciplineName":"Meteorological products", "gribEdition":2, "gribLength":54684, "center":7, "centerName":"US National Weather Service - NCEP(WMC)", "subcenter":0, "refTime":"2019-08-20T06:00:00.000Z", "significanceOfRT":1, "significanceOfRTName":"Start of forecast", "productStatus":0, "productStatusName":"Operational products", "productType":1, "productTypeName":"Forecast products", "productDefinitionTemplate":0, "productDefinitionTemplateName":"Analysis/forecast at horizontal level/layer at a point in time", "parameterCategory":2, "parameterCategoryName":"Momentum", "parameterNumber":2, "parameterNumberName":"U-component_of_wind", "parameterUnit":"m.s-1", "genProcessType":2, "genProcessTypeName":"Forecast", "forecastTime":0, "surface1Type":220, "surface1TypeName":"Planetary Boundary Layer", "surface1Value":0.0, "surface2Type":255, "surface2TypeName":"Missing", "surface2Value":0.0, "gridDefinitionTemplate":0, "gridDefinitionTemplateName":"Latitude_Longitude", "numberPoints":65160, "shape":6, "shapeName":"Earth spherical with radius of 6,371,229.0 m", "gridUnits":"degrees", "resolution":48, "winds":"true", "scanMode":0, "nx":360, "ny":181, "basicAngle":0, "lo1":0.0, "la1":90.0, "lo2":359.0, "la2":-90.0, "dx":1.0, "dy":1.0 }, "data":
[rows 130 to 155 of 181, columns 116 to 173 of 360]
14.108478,14.508478,14.708478,14.808477,14.308477,14.808477,15.608478,16.108479,16.508478,16.508478,17.208477,17.608479,18.208477,19.208477,19.408478,19.908478,20.708477,21.408478,21.508478,21.808477,22.408478,22.608479,23.308477,23.408478,23.808477,24.408478,24.908478,26.208477,26.308477,26.508478,28.508478,30.508478,30.408478,29.108479,28.808477,27.608479,27.308477,24.808477,22.508478,21.208477,18.908478,17.508478,16.308477,15.208478,14.308477,13.508478,12.808477,11.708478,10.308477,9.508478,9.108478,8.208478,7.308478,7.5084777,7.6084776,4.1084776,3.3084779,-3.6915221
16.308477,16.408478,16.408478,16.008478,15.708478,15.908478,16.908478,17.808477,18.208477,19.308477,19.208477,20.308477,21.008478,20.708477,21.408478,22.108479,22.708477,22.208477,22.008478,23.008478,23.408478,24.408478,25.208477,24.908478,25.208477,25.708477,26.508478,28.008478,28.608479,27.408478,25.108479,27.908478,29.108479,27.008478,27.408478,27.408478,26.608479,24.108479,21.708477,20.108479,18.608479,18.808477,17.708477,16.908478,16.408478,13.408478,11.608478,10.908478,9.808477,9.108478,8.508478,8.308477,7.208478,6.5084777,7.208478,5.308478,-5.791522,1.5084778
19.008478,18.408478,17.308477,16.408478,17.608479,18.308477,18.708477,19.208477,20.508478,20.408478,21.408478,21.708477,22.508478,22.808477,23.008478,23.108479,23.608479,23.908478,23.108479,22.608479,24.108479,24.008478,24.508478,25.508478,24.608479,27.008478,27.408478,27.908478,27.608479,27.108479,30.308477,28.708477,26.708477,15.908478,19.208477,19.208477,19.308477,18.908478,20.808477,19.508478,18.908478,19.208477,18.308477,18.108479,13.808477,14.008478,10.208478,10.608478,9.308477,8.708478,8.008478,8.808477,8.108478,6.408478,5.208478,-8.291522,-1.8915222,3.3084779
20.208477,17.708477,16.208477,16.108479,17.008478,17.508478,18.508478,20.208477,20.808477,20.408478,20.008478,20.408478,20.808477,21.808477,22.208477,23.508478,23.708477,24.508478,23.008478,21.008478,21.008478,22.308477,23.408478,23.608479,24.408478,26.108479,26.608479,27.108479,28.708477,30.008478,31.408478,28.808477,24.908478,26.008478,24.008478,21.508478,21.708477,22.308477,21.808477,21.608479,21.608479,19.508478,17.208477,16.808477,15.208478,12.408478,10.708478,9.508478,9.708478,7.6084776,8.108478,9.208478,8.308477,8.608478,7.0084777,-0.2915222,9.708478,-2.8915222
13.108478,12.408478,12.508478,15.108478,15.208478,16.508478,17.608479,17.708477,18.408478,19.208477,19.308477,19.808477,19.708477,19.608479,19.808477,19.908478,17.908478,19.108479,20.808477,20.408478,19.808477,18.808477,22.908478,24.708477,23.608479,24.308477,25.408478,26.808477,28.008478,30.108479,32.408478,32.708477,32.80848,32.708477,26.808477,24.508478,23.108479,21.508478,20.808477,21.608479,17.508478,13.308477,15.908478,13.908478,10.108478,9.808477,10.908478,10.408478,9.908478,9.008478,8.008478,9.108478,8.508478,0.5084778,2.1084778,2.8084779,2.9084778,-3.0915222
14.308477,14.108478,14.308477,15.008478,15.808477,16.608479,16.608479,17.108479,18.208477,18.108479,18.908478,18.808477,18.708477,19.408478,20.308477,20.308477,20.508478,20.508478,21.708477,21.608479,20.508478,21.908478,22.608479,24.208477,25.108479,27.108479,28.908478,30.608479,31.908478,32.508476,32.30848,32.508476,31.208477,30.208477,30.108479,28.808477,23.708477,23.208477,22.308477,19.808477,13.608478,13.608478,13.108478,9.308477,9.508478,8.408478,10.708478,11.308477,10.208478,10.408478,9.608478,7.6084776,1.6084778,2.2084777,0.9084778,-2.3915222,2.5084777,-2.5915222
14.808477,16.008478,16.308477,16.608479,17.908478,18.308477,19.408478,19.408478,20.308477,21.008478,21.508478,21.808477,21.908478,22.108479,22.308477,23.308477,23.808477,23.608479,23.008478,23.408478,23.608479,24.008478,24.808477,26.008478,26.508478,28.508478,29.708477,31.108479,33.208477,34.30848,33.30848,31.808477,29.508478,28.308477,26.608479,24.708477,23.308477,20.308477,19.908478,16.108479,10.008478,9.308477,9.408478,8.308477,8.608478,8.408478,8.708478,9.808477,12.208478,12.608478,12.508478,12.608478,0.9084778,1.9084778,0.108477786,0.7084778,2.1084778,5.708478
16.908478,17.908478,18.308477,18.008478,18.608479,19.408478,20.008478,21.108479,21.408478,21.708477,22.308477,22.408478,22.608479,22.808477,23.208477,24.208477,24.308477,24.908478,25.308477,25.508478,24.808477,26.008478,26.408478,26.308477,28.008478,29.308477,30.108479,31.808477,32.708477,31.908478,26.908478,26.408478,24.208477,23.108479,20.408478,20.008478,19.908478,18.708477,15.308477,6.808478,8.808477,11.408478,4.5084777,7.408478,8.508478,9.408478,11.208478,11.808477,12.608478,13.908478,15.308477,16.108479,15.708478,16.308477,13.508478,7.0084777,9.608478,9.808477
17.408478,18.608479,19.008478,19.708477,20.608479,21.208477,21.308477,21.708477,22.108479,22.208477,23.108479,24.208477,24.208477,24.208477,23.808477,24.008478,23.908478,24.208477,25.208477,25.608479,24.908478,25.208477,25.808477,26.308477,28.108479,29.008478,31.608479,30.808477,26.808477,20.008478,19.608479,19.008478,18.908478,18.608479,17.708477,16.908478,18.208477,14.708478,4.5084777,5.5084777,1.3084778,3.4084778,5.6084776,7.408478,9.108478,10.608478,12.108478,12.808477,14.608478,15.308477,16.508478,17.408478,18.108479,17.108479,15.608478,13.708478,12.708478,13.608478
19.108479,19.208477,19.808477,20.408478,20.908478,21.708477,21.808477,23.008478,23.408478,23.408478,24.808477,24.608479,24.308477,24.108479,23.608479,23.108479,24.308477,24.808477,24.008478,22.708477,23.108479,23.808477,24.108479,25.908478,26.908478,29.408478,28.408478,22.808477,18.208477,18.008478,16.408478,15.508478,15.108478,14.008478,14.708478,17.008478,17.308477,8.208478,-1.1915222,-2.6915221,0.80847776,2.6084778,5.5084777,8.508478,10.508478,12.108478,13.808477,15.108478,15.508478,16.008478,16.508478,17.408478,16.908478,16.708477,17.208477,16.908478,13.708478,9.608478
20.508478,20.608479,20.608479,21.108479,22.108479,22.408478,22.508478,22.508478,23.408478,24.908478,25.308477,24.708477,24.208477,24.008478,23.308477,23.408478,23.508478,23.308477,21.308477,21.008478,20.308477,21.008478,22.608479,23.808477,24.508478,24.608479,17.608479,14.808477,13.808477,11.808477,12.608478,9.708478,10.208478,10.208478,13.908478,9.308477,-6.791522,-9.091522,-5.191522,-1.9915222,1.0084778,4.6084776,6.808478,9.608478,12.508478,14.608478,15.908478,16.608479,16.508478,16.708477,17.308477,16.908478,16.808477,17.108479,17.208477,16.508478,13.908478,13.508478
20.708477,20.808477,21.608479,22.208477,22.708477,23.108479,22.508478,23.408478,23.208477,22.908478,21.908478,22.708477,22.908478,22.508478,22.008478,22.108479,22.108479,19.608479,18.308477,17.908478,17.608479,19.008478,20.508478,20.908478,21.908478,18.508478,12.308477,11.708478,10.908478,8.308477,6.908478,8.908478,12.208478,9.208478,-8.891522,-11.591522,-8.191523,-6.291522,-3.1915221,-0.5915222,2.7084777,5.5084777,8.608478,11.508478,14.508478,17.108479,19.008478,20.008478,20.108479,19.308477,18.208477,17.108479,16.708477,16.208477,14.708478,15.408478,13.708478,14.408478
20.108479,21.208477,21.608479,21.508478,22.108479,22.508478,22.408478,22.408478,22.508478,23.108479,22.708477,22.308477,23.208477,22.708477,21.808477,20.908478,18.908478,16.508478,15.408478,12.908478,15.408478,16.308477,17.108479,17.108479,16.108479,12.008478,11.008478,10.208478,10.108478,8.708478,8.908478,6.5084777,-2.7915223,-10.191523,-10.791522,-9.791522,-6.791522,-4.3915224,-1.3915222,1.2084777,4.1084776,6.708478,9.308477,12.208478,14.508478,16.808477,19.208477,21.008478,22.108479,20.508478,19.308477,18.108479,16.808477,15.908478,15.708478,15.608478,14.208478,15.508478
19.808477,20.608479,20.508478,20.608479,21.408478,21.708477,21.708477,21.608479,21.408478,21.308477,21.408478,21.908478,22.008478,20.708477,19.808477,19.608479,14.808477,14.608478,9.908478,11.508478,12.608478,13.808477,13.808477,13.208478,10.908478,5.408478,0.5084778,-0.39152223,-3.4915223,-4.8915224,-11.291522,-13.391522,-10.091522,-9.591522,-8.591522,-7.091522,-5.291522,-2.8915222,-0.5915222,2.0084777,4.308478,6.408478,8.108478,10.108478,10.508478,11.708478,14.408478,16.808477,19.608479,21.508478,18.808477,16.608479,15.708478,14.708478,15.108478,16.008478,13.208478,14.208478
19.708477,20.408478,20.708477,20.408478,20.708477,20.308477,20.608479,20.008478,20.108479,20.308477,19.308477,19.108479,18.208477,17.708477,17.008478,13.808477,13.608478,8.108478,7.6084776,9.508478,11.108478,11.308477,10.908478,9.508478,6.308478,3.0084777,0.6084778,-1.9915222,-6.291522,-9.991522,-11.091522,-9.491522,-10.191523,-6.091522,-6.091522,-4.9915223,-3.6915221,-1.9915222,0.008477783,1.8084778,3.2084777,4.408478,5.308478,6.808478,7.0084777,7.208478,6.708478,7.308478,8.108478,7.308478,11.708478,13.308477,13.508478,14.208478,13.908478,15.508478,14.008478,12.008478
22.608479,21.908478,21.008478,20.508478,20.108479,19.408478,18.608479,18.208477,18.008478,17.008478,16.808477,16.308477,16.808477,15.508478,13.608478,12.208478,8.408478,6.308478,8.008478,9.108478,9.908478,9.708478,9.208478,7.208478,6.1084776,4.708478,3.4084778,0.40847778,-4.8915224,-6.791522,-8.491522,-8.591522,-7.191522,-5.4915223,-4.291522,-3.1915221,-2.0915222,-1.0915222,0.108477786,1.6084778,2.5084777,2.8084779,3.2084777,4.208478,4.308478,4.0084777,3.2084777,1.2084777,0.80847776,8.608478,11.108478,13.108478,13.808477,14.208478,14.808477,15.108478,14.508478,12.208478
23.208477,22.608479,20.308477,19.408478,18.708477,18.208477,17.808477,16.908478,16.108479,15.808477,15.208478,14.308477,12.108478,12.008478,11.208478,7.908478,5.208478,6.308478,8.308477,9.108478,9.508478,9.408478,8.308477,7.408478,7.208478,5.708478,4.708478,-0.2915222,-3.9915223,-5.3915224,-6.4915223,-7.191522,-5.8915224,-3.4915223,-1.5915222,-0.69152224,-0.49152222,-0.8915222,1.9084778,2.0084777,2.5084777,3.0084777,2.9084778,3.1084778,3.3084779,2.9084778,2.1084778,1.7084777,1.3084778,1.4084778,7.708478,13.808477,16.608479,16.708477,16.608479,16.608479,16.208477,14.108478
20.108479,19.608479,19.508478,18.108479,17.608479,16.408478,16.208477,15.008478,14.908478,14.008478,13.108478,12.308477,11.808477,11.608478,7.6084776,5.208478,6.308478,8.108478,8.908478,9.108478,9.508478,9.708478,8.808477,8.408478,8.208478,7.408478,4.808478,-0.2915222,-2.5915222,-2.8915222,-2.9915223,-3.3915222,-3.1915221,-1.2915223,0.80847776,1.1084778,2.1084778,2.7084777,3.8084779,4.0084777,3.6084778,3.6084778,3.5084777,3.5084777,3.6084778,3.4084778,3.5084777,3.4084778,3.5084777,5.1084776,7.208478,6.0084777,19.808477,20.808477,19.908478,18.508478,18.308477,16.808477
19.408478,18.908478,18.108479,16.408478,15.408478,14.308477,14.008478,14.308477,13.708478,12.908478,11.908478,11.808477,11.008478,9.708478,7.5084777,6.5084777,8.708478,9.708478,9.208478,9.908478,10.108478,9.308477,9.708478,9.508478,9.508478,9.308477,5.6084776,-0.2915222,-2.1915221,-0.9915222,-1.7915223,-1.1915222,-0.39152223,1.1084778,2.6084778,3.0084777,4.0084777,4.908478,6.5084777,5.6084776,4.908478,5.308478,5.1084776,4.908478,4.808478,4.408478,4.208478,5.0084777,5.408478,5.5084777,6.708478,8.808477,8.208478,19.308477,20.008478,19.408478,19.008478,18.108479
18.708477,17.908478,17.008478,15.008478,13.608478,13.108478,12.608478,11.908478,11.808477,12.108478,10.808477,10.908478,11.308477,10.508478,9.308477,9.008478,9.208478,9.508478,10.108478,11.108478,10.708478,9.908478,10.208478,9.808477,11.308477,10.308477,2.3084779,-2.6915221,-1.4915222,-1.3915222,-0.8915222,-0.09152222,1.2084777,2.9084778,4.1084776,5.408478,5.6084776,6.408478,4.5084777,4.808478,5.0084777,5.1084776,5.808478,6.708478,6.708478,6.1084776,5.808478,5.1084776,5.5084777,5.6084776,4.5084777,4.0084777,2.8084779,-2.1915221,13.708478,16.508478,17.608479,18.408478
17.308477,16.108479,13.708478,12.108478,12.708478,11.908478,11.208478,10.708478,10.708478,10.608478,9.808477,10.108478,10.108478,9.708478,9.108478,8.608478,7.6084776,9.008478,8.708478,9.008478,10.208478,11.608478,11.308477,11.908478,9.608478,-1.8915222,-4.591522,-3.5915222,-2.8915222,-1.3915222,0.7084778,1.6084778,1.7084777,2.5084777,-1.6915222,-4.4915223,-3.1915221,-4.291522,-3.7915223,-0.49152222,3.5084777,7.0084777,7.208478,7.308478,7.5084777,6.708478,6.6084776,5.808478,5.308478,4.808478,4.5084777,3.3084779,2.8084779,2.1084778,0.9084778,2.1084778,15.808477,18.508478
15.108478,12.908478,11.808477,12.108478,10.808477,9.808477,9.308477,9.608478,9.908478,9.508478,9.308477,9.308477,8.308477,8.308477,5.408478,3.0084777,5.208478,6.308478,8.108478,8.108478,10.008478,11.708478,1.6084778,-4.291522,-5.9915223,-6.8915224,-6.3915224,-7.091522,-9.291522,-9.491522,-9.591522,-8.591522,-7.4915223,-6.9915223,-5.9915223,-4.4915223,-2.7915223,-1.4915222,-0.69152224,0.6084778,2.9084778,4.5084777,5.308478,6.6084776,6.208478,5.6084776,5.208478,5.408478,5.708478,5.308478,4.6084776,3.4084778,2.5084777,2.5084777,2.8084779,2.3084779,0.80847776,9.308477
7.408478,6.1084776,3.1084778,4.1084776,5.408478,4.708478,6.1084776,5.1084776,7.0084777,7.0084777,7.708478,0.7084778,-2.4915223,-2.0915222,0.9084778,2.8084779,1.2084777,-0.8915222,-9.591522,-12.591522,-11.791522,-11.591522,-11.391522,-11.691523,-11.391522,-10.891522,-10.191523,-9.291522,-8.291522,-7.591522,-6.691522,-6.4915223,-5.8915224,-4.9915223,-4.4915223,-3.4915223,-1.6915222,-0.9915222,-0.2915222,1.3084778,2.1084778,2.7084777,3.2084777,3.7084777,4.5084777,4.408478,4.708478,5.308478,4.708478,4.408478,4.208478,3.0084777,2.3084779,1.8084778,0.6084778,1.1084778,-2.5915222,-5.291522
-1.3915222,-1.7915223,-1.2915223,-0.19152221,0.108477786,1.1084778,-0.2915222,-0.49152222,-6.8915224,-11.891522,-11.991522,-11.591522,-12.091522,-12.391522,-12.391522,-11.491522,-11.391522,-11.491522,-11.791522,-11.891522,-11.491522,-11.091522,-11.391522,-10.791522,-9.991522,-9.091522,-8.591522,-7.591522,-6.8915224,-6.591522,-5.191522,-4.3915224,-3.8915222,-3.0915222,-1.9915222,-1.4915222,-0.9915222,-0.39152223,0.40847778,1.0084778,1.3084778,2.0084777,2.4084778,2.9084778,3.6084778,4.1084776,4.208478,4.408478,4.208478,3.5084777,2.8084779,2.3084779,0.008477783,-0.9915222,-1.8915222,-2.5915222,-5.091522,-8.691523
-12.091522,-12.891522,-17.191523,-19.291523,-19.491522,-18.291523,-18.991522,-17.891521,-16.691523,-15.991522,-15.491522,-15.191523,-14.991522,-14.591522,-14.091522,-13.691523,-13.691523,-13.291522,-13.191523,-12.791522,-12.091522,-10.991522,-9.691523,-8.191523,-6.9915223,-5.691522,-4.3915224,-3.4915223,-2.8915222,-2.1915221,-1.6915222,-1.6915222,-0.8915222,-0.39152223,0.20847778,0.9084778,0.7084778,0.9084778,1.2084777,1.5084778,1.9084778,2.2084777,2.0084777,2.7084777,2.9084778,2.9084778,3.1084778,3.1084778,3.0084777,2.0084777,2.3084779,1.8084778,-0.09152222,-2.7915223,-3.8915222,-4.3915224,-7.791522,-9.691523
-21.791523,-21.291523,-21.291523,-21.691523,-21.791523,-21.091522,-20.391521,-20.091522,-19.291523,-18.491522,-17.291523,-16.591522,-15.791522,-15.291522,-14.491522,-13.791522,-13.391522,-11.891522,-10.591522,-8.591522,-6.8915224,-5.591522,-4.291522,-3.6915221,-2.9915223,-2.8915222,-2.5915222,-1.9915222,-1.0915222,-0.09152222,1.5084778,2.8084779,3.7084777,3.5084777,3.4084778,3.1084778,2.4084778,2.4084778,2.5084777,2.3084779,2.1084778,2.1084778,2.0084777,2.0084777,1.8084778,1.8084778,1.6084778,1.0084778,0.80847776,0.3084778,-0.7915222,0.6084778,-0.9915222,-3.0915222,-4.3915224,-6.9915223,-8.391522,-10.291522
