nws-json/uv_20190821_00.f000.json
{"header": { "discipline":0, "disciplineName":"Meteorological products", "gribEdition":2, "gribLength":55908, "center":7, "centerName":"US National Weather Service - NCEP(WMC)", "subcenter":0, "refTime":"2019-08-21T00:00:00.000Z", "significanceOfRT":1, "significanceOfRTName":"Start of forecast", "productStatus":0, "productStatusName":"Operational products", "productType":1, "productTypeName":"Forecast products", "productDefinitionTemplate":0, "productDefinitionTemplateName":"Analysis/forecast at horizontal level/layer at a point in time", "parameterCategory":2, "parameterCategoryName":"Momentum", "parameterNumber":3, "parameterNumberName":"V-component_of_wind", "parameterUnit":"m.s-1", "genProcessType":2, "genProcessTypeName":"Forecast", "forecastTime":0, "surface1Type":220, "surface1TypeName":"Planetary Boundary Layer", "surface1Value":0.0, "surface2Type":255, "surface2TypeName":"Missing", "surface2Value":0.0, "gridDefinitionTemplate":0, "gridDefinitionTemplateName":"Latitude_Longitude", "numberPoints":65160, "shape":6, "shapeName":"Earth spherical with radius of 6,371,229.0 m", "gridUnits":"degrees", "resolution":48, "winds":"true", "scanMode":0, "nx":360, "ny":181, "basicAngle":0, "lo1":0.0, "la1":90.0, "lo2":359.0, "la2":-90.0, "dx":1.0, "dy":1.0 }, "data":
[rows 0 to 26 of 181, columns 248 to 309 of 360]
-1.932724,-1.932724,-1.832724,-1.832724,-1.732724,-1.732724,-1.632724,-1.632724,-1.632724,-1.532724,-1.532724,-1.432724,-1.432724,-1.332724,-1.332724,-1.232724,-1.232724,-1.132724,-1.132724,-1.032724,-1.032724,-0.932724,-0.932724,-0.832724,-0.832724,-0.732724,-0.632724,-0.632724,-0.532724,-0.532724,-0.432724,-0.432724,-0.332724,-0.332724,-0.232724,-0.232724,-0.132724,-0.132724,-0.032724,0.067276,0.067276,0.167276,0.167276,0.267276,0.267276,0.367276,0.367276,0.467276,0.467276,0.567276,0.667276,0.667276,0.767276,0.767276,0.867276,0.867276,0.967276,0.967276,1.067276,1.067276,1.167276,1.167276
-3.732724,-3.732724,-3.732724,-3.732724,-3.732724,-3.632724,-3.632724,-3.632724,-3.632724,-3.532724,-3.532724,-3.532724,-3.432724,-3.432724,-3.332724,-3.332724,-3.232724,-3.232724,-3.232724,-3.232724,-3.132724,-3.032724,-2.932724,-2.832724,-2.732724,-2.632724,-2.532724,-2.432724,-2.332724,-2.232724,-2.132724,-2.032724,-1.932724,-1.832724,-1.732724,-1.632724,-1.532724,-1.432724,-1.332724,-1.232724,-1.132724,-0.832724,-0.732724,-0.632724,-0.532724,-0.332724,-0.232724,-0.032724,0.167276,0.267276,0.367276,0.467276,0.567276,0.567276,0.667276,0.767276,0.867276,0.967276,1.067276,1.167276,1.267276,1.367276
-4.032724,-4.032724,-3.932724,-3.932724,-3.932724,-3.932724,-3.932724,-3.832724,-3.832724,-3.632724,-3.632724,-3.632724,-3.532724,-3.532724,-3.432724,-3.432724,-3.432724,-3.332724,-3.332724,-3.332724,-3.332724,-3.332724,-3.232724,-3.132724,-3.132724,-3.032724,-2.932724,-2.832724,-2.732724,-2.632724,-2.632724,-2.432724,-2.332724,-2.132724,-2.032724,-1.932724,-1.732724,-1.632724,-1.532724,-1.532724,-1.332724,-1.232724,-1.032724,-1.032724,-0.832724,-0.732724,-0.632724,-0.532724,-0.532724,-0.432724,-0.332724,-0.232724,-0.132724,-0.032724,0.067276,0.167276,0.267276,0.367276,0.567276,0.767276,0.967276,1.067276
-3.632724,-3.632724,-3.532724,-3.532724,-3.532724,-3.232724,-3.232724,-3.132724,-3.132724,-3.232724,-3.232724,-3.132724,-3.032724,-3.032724,-2.932724,-2.932724,-2.932724,-2.832724,-2.832724,-2.732724,-2.732724,-2.632724,-2.632724,-2.532724,-2.532724,-2.432724,-2.432724,-2.332724,-2.332724,-2.232724,-2.132724,-2.032724,-1.932724,-1.832724,-1.732724,-1.532724,-1.332724,-1.132724,-1.032724,-0.932724,-0.932724,-1.032724,-1.132724,-1.332724,-1.332724,-1.532724,-1.532724,-1.732724,-1.832724,-2.032724,-2.132724,-2.332724,-2.432724,-2.432724,-2.332724,-1.932724,-1.332724,-0.632724,-0.232724,-0.032724,0.167276,0.367276
-2.832724,-2.732724,-2.632724,-2.532724,-2.532724,-2.432724,-2.432724,-2.432724,-2.332724,-2.232724,-2.132724,-2.032724,-1.832724,-1.732724,-1.632724,-1.432724,-1.332724,-1.332724,-1.232724,-1.132724,-1.032724,-1.032724,-1.032724,-0.932724,-0.832724,-0.932724,-0.932724,-0.832724,-0.832724,-0.832724,-0.832724,-0.832724,-0.932724,-1.032724,-0.932724,-0.932724,-0.832724,-0.832724,-0.732724,-0.932724,-1.032724,-1.132724,-1.132724,-0.932724,-0.432724,0.067276,0.367276,0.367276,0.167276,-0.032724,-0.232724,-0.432724,-0.632724,-0.832724,-1.332724,-1.532724,-1.732724,-1.932724,-2.032724,-2.232724,-2.332724,-2.332724
-2.432724,-1.832724,-1.432724,-1.332724,-1.332724,-1.532724,-1.632724,-1.832724,-1.732724,-1.532724,-1.432724,-1.232724,-0.932724,-0.732724,-0.232724,0.267276,0.767276,0.967276,0.867276,0.767276,0.567276,0.567276,0.467276,0.467276,0.567276,0.567276,0.667276,0.667276,0.567276,0.567276,0.467276,0.467276,0.467276,0.467276,0.467276,0.467276,0.467276,0.467276,0.367276,0.367276,0.367276,0.367276,0.367276,0.467276,0.467276,0.367276,0.267276,0.267276,0.167276,0.067276,0.167276,0.367276,0.567276,0.867276,1.067276,1.067276,0.767276,0.367276,-0.032724,-0.432724,-0.732724,-1.132724
-2.032724,-1.832724,-1.732724,-1.532724,-1.432724,-1.332724,-1.232724,-1.232724,-1.132724,-1.032724,-1.032724,-0.932724,-0.932724,-0.932724,-0.932724,-0.932724,-0.832724,-0.932724,-0.832724,-0.832724,-0.632724,-0.632724,-0.532724,-0.332724,-0.232724,0.067276,0.367276,0.567276,0.667276,0.867276,0.967276,0.967276,0.967276,0.867276,0.867276,0.867276,0.867276,0.967276,0.967276,0.967276,0.967276,0.967276,0.867276,0.767276,0.867276,0.867276,1.167276,1.267276,1.367276,1.467276,1.267276,1.267276,1.267276,0.967276,0.867276,0.567276,0.267276,0.067276,-0.032724,-0.132724,-0.132724,-0.032724
-3.032724,-2.932724,-2.932724,-2.732724,-2.232724,-1.932724,-1.232724,-0.732724,-0.032724,0.367276,1.067276,1.567276,1.967276,3.067276,3.567276,4.367276,4.667276,4.867276,5.367276,6.067276,7.067276,7.267276,7.367276,7.667276,7.967276,8.367276,8.567276,8.667276,8.567276,8.067276,7.267276,5.867276,4.267276,2.567276,1.367276,0.367276,0.167276,-0.432724,-1.032724,-1.632724,-1.332724,-0.432724,-0.732724,-1.332724,-0.932724,-0.532724,0.067276,1.067276,2.867276,4.167276,4.867276,4.567276,4.067276,3.467276,2.967276,2.467276,1.967276,1.767276,1.767276,1.867276,2.067276,2.167276
2.467276,3.567276,4.367276,5.467276,5.967276,6.267276,6.367276,6.167276,6.167276,5.667276,5.667276,5.967276,6.167276,6.167276,6.467276,6.367276,6.267276,6.067276,6.167276,7.467276,9.067276,9.267276,9.167276,9.767276,9.067276,7.367276,6.067276,4.767276,3.667276,2.967276,2.567276,2.067276,1.067276,1.467276,2.367276,2.967276,3.067276,3.067276,2.267276,1.167276,0.067276,1.267276,2.867276,4.367276,4.167276,2.967276,2.667276,1.567276,1.367276,1.167276,0.767276,0.167276,-0.732724,-0.632724,-0.132724,-0.032724,0.467276,0.467276,-0.232724,-0.732724,-0.732724,-0.432724
4.367276,4.867276,5.567276,5.967276,6.367276,6.767276,6.967276,6.967276,7.067276,7.067276,7.167276,7.367276,7.467276,7.567276,7.767276,9.467276,11.367276,11.767276,9.367276,5.467276,3.867276,4.367276,3.767276,2.267276,2.467276,3.267276,2.567276,1.967276,2.567276,1.867276,0.767276,0.167276,-0.232724,0.667276,1.767276,2.267276,2.867276,3.667276,4.267276,2.867276,1.767276,0.667276,0.467276,-0.032724,-0.632724,-0.532724,-0.832724,-0.632724,0.467276,0.267276,-0.832724,-1.232724,-0.732724,-0.132724,0.267276,0.767276,1.267276,0.667276,0.567276,0.567276,0.867276,0.767276
6.267276,6.267276,6.367276,6.567276,6.767276,6.667276,6.567276,6.167276,5.967276,5.767276,5.667276,5.767276,6.167276,6.267276,6.567276,7.967276,9.167276,6.867276,4.867276,6.067276,6.167276,4.067276,1.067276,3.567276,4.967276,4.867276,7.367276,8.267276,8.167276,5.667276,3.367276,3.467276,2.367276,0.767276,-0.732724,-1.632724,-1.532724,-2.832724,-3.132724,-1.532724,-0.432724,-0.832724,-1.532724,-0.932724,-0.432724,-0.432724,-0.832724,0.367276,1.567276,2.267276,3.167276,2.767276,2.067276,1.467276,1.667276,0.467276,2.267276,3.667276,2.667276,2.167276,3.367276,4.667276
6.667276,6.567276,6.367276,5.867276,5.567276,5.767276,6.167276,5.767276,4.867276,4.367276,4.167276,3.767276,3.767276,4.067276,4.467276,4.067276,3.267276,3.167276,3.867276,3.767276,2.467276,1.467276,0.067276,-0.532724,1.667276,5.067276,6.467276,5.967276,5.367276,5.667276,6.267276,5.367276,3.567276,1.667276,0.067276,0.667276,-0.532724,-2.632724,-0.032724,3.067276,4.467276,4.167276,2.567276,1.867276,1.367276,1.167276,0.567276,2.167276,1.667276,0.567276,0.367276,0.767276,0.067276,2.267276,2.567276,2.067276,2.767276,3.367276,3.567276,3.667276,3.867276,3.967276
5.867276,5.167276,4.767276,5.167276,5.767276,5.767276,5.667276,5.167276,4.567276,4.367276,3.767276,3.167276,1.867276,1.467276,3.067276,2.667276,2.067276,1.867276,1.567276,1.267276,0.967276,0.667276,1.467276,2.067276,3.667276,3.467276,2.667276,1.967276,1.367276,4.467276,2.967276,0.467276,-0.532724,-0.732724,-2.532724,-2.432724,-0.432724,1.267276,1.867276,2.667276,2.367276,1.067276,0.367276,0.267276,-0.732724,-1.032724,-0.832724,-0.432724,-0.032724,0.567276,0.667276,0.667276,0.767276,0.967276,1.267276,1.867276,2.067276,2.167276,2.467276,3.167276,3.367276,3.467276
4.767276,5.167276,5.367276,4.667276,3.367276,3.867276,4.367276,4.267276,3.667276,3.267276,2.767276,2.567276,2.367276,2.367276,1.967276,1.567276,0.967276,0.167276,-0.532724,-1.032724,-1.332724,-0.732724,0.867276,1.767276,1.067276,1.867276,1.067276,-0.432724,-0.332724,-1.032724,-1.132724,-2.432724,-1.232724,2.567276,2.467276,-0.132724,-0.332724,-1.632724,-2.132724,-1.832724,-0.532724,0.167276,-0.232724,-0.532724,-1.232724,-1.732724,-1.632724,-0.032724,-0.532724,-0.932724,-1.032724,-1.132724,-1.132724,-0.532724,0.067276,0.567276,1.167276,1.967276,1.967276,2.267276,2.667276,2.967276
4.267276,4.667276,5.667276,6.067276,5.167276,3.567276,3.267276,2.167276,3.367276,2.567276,3.167276,1.767276,0.967276,0.267276,-0.632724,0.267276,3.067276,3.767276,2.967276,1.867276,0.267276,-1.432724,-0.432724,-0.432724,-1.232724,-2.732724,-2.032724,0.667276,2.767276,3.867276,1.767276,-2.832724,-4.832724,-4.532724,-4.132724,-2.832724,-2.532724,-2.732724,-1.332724,0.967276,-2.432724,-6.332724,-6.832724,-5.932724,-4.332724,-3.432724,-2.132724,-1.332724,-1.132724,-1.332724,-1.732724,-2.032724,-0.532724,-0.332724,0.067276,0.867276,1.467276,2.367276,3.167276,3.367276,3.467276,3.367276
4.667276,6.667276,5.367276,3.767276,3.867276,4.067276,4.367276,4.067276,3.667276,3.867276,3.467276,3.067276,1.867276,0.867276,1.567276,2.267276,1.367276,-0.232724,-2.332724,-1.532724,-4.732724,-4.832724,-5.932724,-6.332724,-5.632724,-5.832724,-5.332724,-7.232724,-5.932724,-1.532724,-1.332724,-0.732724,5.067276,5.167276,1.667276,-6.632724,-12.132724,-11.032724,-8.532724,-5.732724,-3.232724,-3.432724,-5.532724,-5.532724,-4.932724,-4.632724,-4.232724,-4.032724,-3.332724,-4.132724,-4.032724,-2.732724,-1.332724,-0.032724,-0.132724,-0.332724,1.467276,1.667276,2.267276,2.467276,1.867276,1.667276
2.467276,2.567276,3.367276,3.067276,2.867276,1.867276,0.767276,2.467276,4.267276,4.067276,2.867276,1.767276,0.567276,-0.032724,-0.932724,-1.932724,-1.832724,-0.632724,-1.432724,-3.432724,-3.332724,-3.332724,-4.532724,-4.332724,-3.232724,0.267276,3.167276,0.067276,-1.532724,-1.632724,-2.532724,-2.832724,-0.532724,-0.032724,-1.132724,-2.532724,-2.032724,-3.232724,-6.032724,-7.032724,-6.532724,-6.232724,-6.632724,-6.532724,-5.832724,-6.632724,-7.532724,-6.032724,-5.132724,-5.732724,-5.432724,-4.032724,-2.932724,-1.932724,2.767276,3.967276,0.867276,2.367276,1.067276,0.667276,0.967276,0.767276
5.567276,5.867276,5.067276,3.367276,4.467276,2.767276,2.067276,3.867276,3.367276,4.267276,2.867276,1.767276,0.567276,-0.332724,-1.732724,-2.832724,-1.832724,-3.932724,-5.132724,-5.532724,-5.332724,-3.232724,-1.632724,-2.032724,-3.932724,-5.232724,-2.132724,-3.732724,-3.932724,-4.232724,-4.332724,-4.232724,-9.832724,-1.832724,-0.032724,1.467276,-4.932724,-9.632724,-9.332724,-7.632724,-6.732724,-6.132724,-6.232724,-7.932724,-9.532724,-8.632724,-7.132724,-7.332724,-7.332724,-5.732724,-4.332724,-3.832724,-3.432724,-2.432724,-2.232724,3.567276,2.567276,-0.032724,0.967276,2.067276,1.667276,1.867276
8.567276,8.467276,7.767276,6.567276,2.967276,4.567276,3.767276,3.367276,6.667276,5.467276,4.367276,3.267276,2.667276,1.067276,-1.232724,-2.832724,3.967276,-0.232724,-2.732724,-2.232724,-2.332724,-2.732724,-1.432724,-3.932724,-6.032724,-6.832724,-7.932724,-9.232724,-6.132724,-7.532724,-6.932724,-1.732724,-2.832724,-4.432724,-4.632724,-3.732724,-0.932724,-0.232724,-0.332724,-3.432724,-4.832724,-7.232724,-7.532724,-6.232724,-6.832724,-8.632724,-10.732724,-9.532724,-8.732724,-7.132724,-4.632724,-4.832724,-4.432724,0.667276,0.867276,-0.532724,0.567276,-1.132724,0.867276,-0.632724,-0.632724,-1.332724
7.267276,7.767276,7.767276,7.967276,8.167276,7.567276,6.567276,5.767276,4.667276,4.867276,3.167276,2.267276,1.167276,-0.032724,-1.132724,-2.832724,-2.132724,-2.132724,-2.332724,0.067276,-0.932724,-3.432724,-5.032724,-6.132724,-5.532724,-6.232724,-6.832724,-9.532724,-10.332724,-8.932724,-8.332724,-8.432724,-7.432724,-7.732724,-7.632724,-4.732724,-2.832724,-2.832724,-2.232724,-1.132724,-0.332724,-2.632724,-4.732724,-5.532724,-5.932724,-6.932724,-8.032724,-9.632724,-8.932724,-7.332724,-8.332724,-8.432724,-7.532724,-4.732724,-2.532724,-0.632724,-0.332724,-0.532724,-0.232724,0.367276,-0.532724,-1.132724
7.067276,6.767276,6.867276,7.167276,7.867276,6.967276,5.567276,4.567276,4.567276,4.167276,2.867276,1.367276,-0.332724,-1.232724,-2.532724,-3.432724,-3.432724,-0.632724,1.167276,2.567276,0.567276,-3.932724,-5.932724,-7.932724,-8.032724,-7.532724,-4.632724,-4.432724,-10.032724,-11.532724,-10.432724,-8.832724,-9.132724,-8.732724,-6.432724,-7.732724,-6.632724,-4.432724,-1.832724,-1.732724,-2.132724,-1.432724,-1.832724,-0.732724,-7.232724,-9.032724,-8.732724,-8.032724,-6.232724,-5.732724,-7.532724,-8.832724,-6.932724,-4.732724,-4.332724,-3.532724,-0.332724,-0.932724,0.067276,0.867276,0.667276,-0.032724
7.567276,7.767276,7.667276,7.767276,4.667276,2.967276,5.367276,5.367276,4.467276,3.667276,2.267276,2.467276,2.267276,2.967276,3.167276,1.667276,-0.332724,-3.032724,-2.332724,0.667276,-2.532724,-4.232724,-4.232724,-6.132724,-6.632724,-6.732724,-6.732724,-4.032724,-5.332724,-7.932724,-8.632724,-6.832724,-6.032724,-7.532724,-5.032724,-4.032724,-3.232724,-4.032724,-2.632724,-2.632724,-5.032724,-5.632724,1.167276,1.067276,0.367276,-3.632724,-5.932724,-6.132724,-5.932724,-6.032724,-6.132724,-5.232724,-4.632724,-4.232724,-5.332724,-4.732724,-3.732724,-2.132724,-3.032724,-0.232724,-0.432724,-1.132724
4.467276,5.467276,7.667276,5.867276,3.267276,1.567276,2.967276,0.167276,0.367276,0.067276,-0.032724,1.267276,1.967276,1.867276,0.667276,-1.732724,-4.132724,-5.332724,-2.832724,-1.032724,-1.532724,-4.332724,-5.532724,-5.432724,-4.032724,-7.032724,-4.432724,-5.432724,-5.632724,-5.532724,-2.732724,0.567276,-3.332724,-5.232724,-4.632724,-4.432724,-4.932724,-5.032724,-4.432724,-3.432724,-3.132724,-5.232724,-3.832724,-4.132724,-1.832724,-1.632724,-2.032724,-1.732724,-2.632724,-1.932724,-2.132724,-2.532724,-3.532724,-5.132724,-5.432724,-5.232724,-5.332724,-4.332724,-4.632724,-1.832724,-0.332724,0.167276
11.867276,10.367276,9.567276,10.467276,2.867276,-0.132724,3.467276,3.667276,3.167276,3.867276,3.467276,2.367276,1.067276,-0.032724,-0.532724,-1.832724,-1.232724,-0.232724,-1.132724,-2.832724,-3.732724,-3.932724,-5.232724,-5.732724,-8.232724,-10.332724,-8.832724,-7.532724,-4.132724,4.067276,2.967276,-0.432724,-2.632724,-3.332724,-4.232724,-5.432724,-4.932724,-3.432724,-2.432724,-2.132724,-3.532724,-5.732724,-6.632724,-5.432724,-4.832724,-2.332724,-2.332724,-1.632724,-2.232724,-1.032724,-1.932724,-3.232724,-3.832724,-4.832724,-4.932724,-4.732724,-5.232724,-6.332724,-8.132724,1.167276,0.667276,-0.332724
10.267276,9.367276,8.967276,8.767276,4.767276,2.267276,2.567276,2.967276,2.167276,1.767276,1.267276,0.967276,0.267276,-1.132724,-0.532724,-0.032724,-0.332724,-0.732724,-1.032724,-1.532724,-1.832724,-1.832724,-4.632724,-7.332724,-8.832724,-10.832724,-11.832724,0.167276,1.467276,1.167276,-1.632724,-2.732724,-3.432724,-4.032724,-4.532724,-4.632724,-4.532724,-4.332724,-4.332724,-5.332724,-6.332724,-6.432724,-6.632724,-6.132724,-5.632724,2.167276,1.867276,-0.032724,-0.032724,0.267276,-0.132724,0.567276,0.367276,-0.932724,-2.432724,-4.232724,-6.332724,-7.632724,-8.832724,-0.532724,-1.632724,-1.332724
9.167276,7.967276,7.067276,6.367276,3.667276,0.867276,0.467276,0.667276,0.567276,0.767276,0.567276,0.167276,-0.432724,-0.432724,-0.332724,-0.332724,0.167276,-0.232724,-0.232724,-0.632724,-1.832724,-2.532724,-4.132724,-5.732724,-5.632724,-7.432724,-5.732724,-4.432724,-3.032724,-0.832724,-2.332724,-4.032724,-4.732724,-5.132724,-5.432724,-4.632724,-5.532724,-6.832724,-7.532724,-7.832724,-6.432724,-4.332724,-6.032724,-5.932724,-3.932724,-1.032724,0.167276,-1.332724,0.367276,4.867276,4.267276,2.067276,0.467276,-0.532724,-1.232724,-4.032724,-6.132724,-7.732724,-8.732724,-7.432724,-1.232724,0.067276
8.167276,5.667276,5.567276,4.967276,1.467276,-0.032724,-0.732724,-1.632724,-0.932724,-1.132724,-1.032724,-0.932724,-3.032724,-1.332724,-0.332724,-1.532724,-2.132724,-1.532724,0.467276,-0.132724,-1.232724,-2.032724,-3.032724,-5.032724,-9.032724,-10.032724,-0.032724,-0.232724,-2.232724,-4.632724,-8.132724,-6.932724,-8.632724,-9.732724,-3.232724,-3.232724,-8.932724,-6.032724,-3.332724,-4.632724,-5.632724,-7.432724,-5.932724,4.567276,0.967276,-3.232724,-2.332724,-0.332724,7.067276,6.667276,4.667276,2.967276,0.767276,-1.332724,-3.032724,-4.232724,-5.832724,-7.832724,-8.132724,-5.732724,-2.732724,-1.232724
