nws-json/uv_20190820_00.f000.json
{"header": { "discipline":0, "disciplineName":"Meteorological products", "gribEdition":2, "gribLength":55092, "center":7, "centerName":"US National Weather Service - NCEP(WMC)", "subcenter":0, "refTime":"2019-08-20T00:00:00.000Z", "significanceOfRT":1, "significanceOfRTName":"Start of forecast", "productStatus":0, "productStatusName":"Operational products", "productType":1, "productTypeName":"Forecast products", "productDefinitionTemplate":0, "productDefinitionTemplateName":"Analysis/forecast at horizontal level/layer at a point in time", "parameterCategory":2, "parameterCategoryName":"Momentum", "parameterNumber":2, "parameterNumberName":"U-component_of_wind", "parameterUnit":"m.s-1", "genProcessType":2, "genProcessTypeName":"Forecast", "forecastTime":0, "surface1Type":220, "surface1TypeName":"Planetary Boundary Layer", "surface1Value":0.0, "surface2Type":255, "surface2TypeName":"Missing", "surface2Value":0.0, "gridDefinitionTemplate":0, "gridDefinitionTemplateName":"Latitude_Longitude", "numberPoints":65160, "shape":6, "shapeName":"Earth spherical with radius of 6,371,229.0 m", "gridUnits":"degrees", "resolution":48, "winds":"true", "scanMode":0, "nx":360, "ny":181, "basicAngle":0, "lo1":0.0, "la1":90.0, "lo2":359.0, "la2":-90.0, "dx":1.0, "dy":1.0 }, "data":
[rows 78 to 103 of 181, columns 57 to 113 of 360]
9.525427,8.825427,8.425427,8.025427,8.025427,8.125427,6.9254274,6.9254274,7.825427,7.825427,7.4254274,7.825427,8.125427,8.525427,7.725427,4.6254272,3.8254273,3.8254273,1.8254273,1.6254272,1.3254273,1.1254272,1.4254272,7.225427,8.225428,7.6254272,6.5254273,5.325427,6.4254274,7.1254272,8.125427,9.625427,9.425427,9.525427,9.325427,9.125427,8.225428,8.125427,7.9254274,7.6254272,6.825427,7.4254274,2.9254272,5.1254272,9.225428,8.725428,1.3254273,-0.07457276,1.9254272,3.6254272,-0.37457275,3.8254273,2.3254273,9.525427,10.725428,8.925427,7.725427
8.625427,8.625427,8.125427,7.825427,8.725428,7.825427,7.325427,7.1254272,6.825427,8.425427,7.825427,7.6254272,7.9254274,8.725428,7.4254274,4.225427,3.8254273,3.1254272,3.5254273,-0.37457275,6.725427,8.725428,8.425427,8.225428,8.625427,8.125427,7.325427,5.6254272,6.6254272,8.025427,8.825427,9.625427,10.625427,9.325427,7.9254274,7.825427,6.825427,6.6254272,6.325427,6.0254273,7.1254272,5.9254274,8.325427,10.325427,11.225428,9.625427,6.325427,4.225427,4.325427,6.9254274,6.1254272,7.5254273,13.825427,13.825427,11.125427,8.725428,7.9254274
8.525427,8.125427,8.125427,7.4254274,7.325427,8.225428,6.9254274,7.0254273,6.6254272,7.5254273,7.6254272,7.0254273,7.9254274,9.125427,8.125427,4.5254273,3.4254272,2.0254273,2.2254272,2.7254272,0.82542723,2.6254272,3.6254272,8.025427,10.325427,9.825427,8.925427,5.825427,7.1254272,8.625427,8.825427,9.025427,9.425427,9.025427,8.125427,7.5254273,7.825427,5.9254274,5.1254272,4.725427,5.5254273,4.825427,1.1254272,6.725427,9.025427,8.625427,8.225428,9.625427,8.825427,7.1254272,9.325427,10.525427,11.425427,11.925427,10.125427,8.225428,8.925427
8.525427,7.725427,6.9254274,6.9254274,7.325427,7.1254272,6.825427,6.0254273,6.4254274,7.225427,6.825427,6.6254272,6.825427,7.825427,7.725427,5.325427,4.5254273,2.6254272,4.4254274,3.9254272,1.0254272,4.325427,7.325427,8.525427,10.925427,12.325427,7.5254273,7.1254272,8.425427,8.925427,8.925427,8.625427,8.625427,9.225428,7.5254273,6.1254272,5.325427,5.225427,5.1254272,4.325427,3.9254272,2.9254272,1.3254273,1.6254272,1.8254273,4.6254272,6.9254274,8.125427,6.5254273,8.225428,8.925427,9.425427,10.125427,9.125427,9.125427,8.625427,8.025427
8.125427,7.225427,7.225427,7.1254272,6.9254274,6.825427,6.6254272,5.6254272,6.5254273,5.4254274,5.9254274,6.1254272,5.4254274,6.5254273,6.9254274,6.1254272,4.6254272,2.6254272,4.725427,5.1254272,6.325427,11.025427,9.225428,6.725427,10.225428,0.62542725,7.9254274,9.425427,9.725428,8.425427,8.125427,7.225427,7.4254274,6.325427,4.225427,4.6254272,3.7254272,3.3254273,3.7254272,3.8254273,3.4254272,2.1254272,3.3254273,5.9254274,6.325427,4.4254274,3.6254272,4.725427,5.725427,6.825427,8.225428,7.9254274,8.625427,8.525427,8.525427,7.6254272,7.4254274
6.725427,7.325427,7.325427,7.1254272,6.6254272,6.725427,6.6254272,6.4254274,5.825427,4.6254272,5.0254273,5.5254273,4.725427,5.6254272,5.6254272,5.0254273,4.4254274,5.0254273,4.1254272,4.9254274,6.1254272,7.9254274,8.425427,0.5254272,2.7254272,8.725428,10.425427,9.625427,8.725428,8.325427,6.9254274,4.6254272,4.1254272,3.5254273,2.4254272,2.2254272,1.5254272,2.1254272,2.2254272,2.5254273,2.5254273,2.2254272,2.3254273,0.22542724,2.1254272,3.6254272,2.6254272,1.9254272,3.5254273,4.9254274,6.6254272,7.325427,7.6254272,7.9254274,7.825427,7.5254273,6.725427
7.4254274,7.0254273,7.225427,7.325427,7.6254272,6.6254272,6.325427,6.5254273,5.6254272,4.825427,4.6254272,5.1254272,3.8254273,4.725427,4.725427,3.8254273,3.6254272,4.825427,5.5254273,5.825427,7.325427,7.325427,7.5254273,7.4254274,9.925427,11.025427,10.025427,9.525427,8.525427,7.325427,6.0254273,4.225427,2.4254272,0.92542726,0.22542724,-0.47457275,-0.07457276,0.12542725,1.7254273,2.6254272,1.3254273,0.82542723,1.5254272,1.2254273,-0.47457275,1.0254272,2.3254273,2.6254272,4.0254273,4.225427,4.725427,5.225427,6.9254274,7.325427,6.6254272,6.225427,6.0254273
7.325427,6.725427,7.4254274,7.1254272,7.1254272,6.4254274,5.5254273,5.4254274,5.0254273,4.725427,3.7254272,3.7254272,3.2254272,2.5254273,3.4254272,2.2254272,3.3254273,4.225427,5.825427,6.225427,6.725427,6.825427,7.1254272,7.725427,9.225428,9.825427,8.825427,8.925427,7.725427,5.5254273,4.4254274,2.3254273,0.32542723,-0.9745728,-2.1745727,-2.4745727,-1.3745728,-0.37457275,-2.1745727,-0.17457275,0.5254272,1.9254272,0.025427246,-1.9745728,-0.37457275,1.1254272,1.5254272,1.7254273,2.9254272,3.2254272,2.9254272,4.0254273,4.4254274,6.4254274,6.6254272,5.825427,4.825427
7.825427,6.325427,7.5254273,6.225427,6.6254272,5.4254274,5.325427,4.0254273,4.4254274,3.4254272,2.4254272,2.3254273,1.3254273,1.7254273,1.4254272,2.5254273,3.6254272,4.1254272,4.6254272,5.5254273,6.225427,5.825427,6.1254272,7.225427,8.725428,8.025427,7.725427,7.1254272,6.0254273,4.725427,2.8254273,0.82542723,-1.0745728,-2.9745727,-2.9745727,-4.5745726,-3.0745728,-2.5745728,-1.5745728,-2.2745728,-0.67457277,1.3254273,1.1254272,-2.6745727,-1.2745727,0.72542727,1.3254273,1.2254273,0.22542724,0.62542725,1.5254272,2.5254273,4.1254272,5.0254273,5.825427,5.825427,3.4254272
7.4254274,6.5254273,6.9254274,5.4254274,6.4254274,4.9254274,3.2254272,3.4254272,3.0254273,1.9254272,1.3254273,1.0254272,0.22542724,1.4254272,2.4254272,3.1254272,2.9254272,3.8254273,4.1254272,5.825427,5.6254272,6.1254272,6.725427,7.725427,6.1254272,6.0254273,5.725427,4.6254272,3.0254273,2.5254273,1.2254273,0.025427246,-1.8745728,-2.4745727,-6.5745726,-6.774573,-4.774573,-3.5745728,-2.0745728,0.32542723,-4.8745728,-1.0745728,1.4254272,1.3254273,-3.4745727,-1.1745727,1.3254273,-0.87457275,-0.17457275,-0.77457273,-0.27457276,1.4254272,2.5254273,3.5254273,3.4254272,3.9254272,-0.47457275
6.1254272,6.825427,6.6254272,6.325427,7.0254273,4.725427,3.4254272,2.4254272,1.5254272,2.1254272,1.0254272,-0.9745728,0.92542726,1.7254273,3.3254273,2.8254273,3.7254272,3.0254273,4.1254272,5.825427,5.6254272,6.1254272,6.5254273,6.5254273,4.325427,4.5254273,2.0254273,1.3254273,2.6254272,1.8254273,0.22542724,-2.2745728,-3.3745728,-5.9745727,-7.8745728,-7.274573,-5.9745727,-4.0745726,-2.7745728,-2.5745728,-2.4745727,-3.4745727,-0.87457275,-0.37457275,-0.47457275,-3.0745728,-0.17457275,0.62542725,-1.6745727,-1.9745728,-2.2745728,-0.9745728,0.22542724,0.12542725,1.5254272,-0.47457275,-1.5745728
6.825427,6.1254272,6.9254274,6.1254272,5.6254272,4.825427,3.9254272,2.5254273,0.32542723,0.5254272,-0.27457276,-0.27457276,-0.47457275,0.32542723,2.5254273,2.3254273,4.225427,5.1254272,5.6254272,5.6254272,7.225427,6.4254274,6.825427,4.5254273,4.1254272,1.9254272,-1.0745728,-0.07457276,2.6254272,1.0254272,-3.0745728,-4.4745727,-6.3745728,-9.074573,-7.9745727,-7.4745727,-7.274573,-4.274573,-4.5745726,-5.174573,-4.3745728,-4.274573,-2.3745728,-0.17457275,-0.27457276,-0.17457275,-1.1745727,-2.9745727,-3.5745728,-3.5745728,-3.9745727,-2.9745727,-3.0745728,0.025427246,-0.37457275,-0.27457276,-0.77457273
7.325427,7.1254272,6.725427,6.1254272,6.225427,5.825427,4.1254272,3.1254272,-0.57457274,0.22542724,0.025427246,0.32542723,-0.57457274,-0.37457275,1.2254273,1.6254272,3.2254272,4.725427,5.725427,5.5254273,6.1254272,5.825427,4.825427,3.2254272,1.6254272,-0.07457276,-2.8745728,1.6254272,4.225427,-5.5745726,-7.9745727,-4.174573,-7.674573,-9.374573,-9.274572,-7.774573,-6.774573,-6.4745727,-5.774573,-5.9745727,-4.9745727,-4.174573,-3.4745727,-1.1745727,0.12542725,-0.47457275,0.62542725,-3.0745728,-5.174573,-5.274573,-5.0745726,-4.5745726,-4.4745727,-0.67457277,-1.7745727,-1.9745728,0.82542723
6.4254274,6.0254273,6.825427,6.825427,4.9254274,5.325427,4.825427,2.4254272,1.0254272,-1.1745727,-1.0745728,-1.8745728,-2.1745727,-1.0745728,-0.57457274,2.1254272,3.7254272,3.7254272,3.6254272,3.0254273,3.7254272,2.7254272,2.1254272,1.3254273,-1.9745728,-3.7745728,-5.274573,1.0254272,7.825427,-10.774572,-6.8745728,-8.774572,-9.474573,-9.174573,-8.874573,-8.674573,-8.174573,-7.3745728,-7.0745726,-6.174573,-5.4745727,-5.8745728,-5.774573,-3.9745727,0.82542723,-1.5745728,-0.17457275,-1.5745728,-4.5745726,-6.3745728,-6.3745728,-6.4745727,-5.5745726,-1.0745728,-2.0745728,-0.87457275,0.32542723
3.5254273,3.5254273,4.0254273,4.325427,3.4254272,2.8254273,1.5254272,0.72542727,0.72542727,-0.37457275,-0.57457274,-0.87457275,-0.07457276,-0.17457275,2.0254273,1.4254272,3.1254272,3.5254273,0.62542725,1.2254273,1.5254272,0.72542727,1.8254273,-1.5745728,-2.0745728,-4.774573,-7.174573,0.42542726,-1.5745728,-9.374573,-10.774572,-9.974573,-9.974573,-10.074573,-9.074573,-8.574573,-8.674573,-8.074573,-7.174573,-6.5745726,-6.8745728,-7.9745727,-7.774573,-6.9745727,-0.9745728,1.0254272,-1.2745727,-4.5745726,-4.3745728,-4.774573,-7.174573,-8.274572,-6.774573,-6.174573,-4.674573,0.025427246,-2.3745728
2.9254272,1.5254272,1.5254272,-0.77457273,0.025427246,-2.2745728,-1.8745728,-1.2745727,-2.4745727,-1.7745727,-0.37457275,-1.8745728,-1.1745727,0.22542724,-0.67457277,-0.77457273,-1.1745727,-1.6745727,-0.67457277,-0.37457275,-0.37457275,-0.17457275,-0.87457275,-3.5745728,-2.7745728,-3.2745728,-4.274573,-5.8745728,-7.674573,-8.974573,-9.574573,-9.974573,-10.074573,-10.174573,-9.174573,-9.274572,-8.474573,-8.474573,-7.674573,-7.0745726,-7.5745726,-9.274572,-9.974573,-8.974573,-7.674573,-0.87457275,-0.07457276,-3.4745727,-2.5745728,-5.5745726,-8.274572,-9.074573,-9.674573,-8.874573,-7.4745727,-5.774573,-7.4745727
0.62542725,0.22542724,-1.9745728,-5.0745726,-4.674573,-4.174573,-4.174573,-2.4745727,-2.5745728,-0.9745728,0.22542724,-0.77457273,-0.37457275,0.5254272,-2.2745728,-4.274573,-1.8745728,-2.3745728,-1.2745727,-1.5745728,-2.1745727,-2.1745727,-3.5745728,-4.174573,-3.9745727,-5.674573,-8.474573,-8.274572,-8.774572,-10.274572,-10.074573,-9.574573,-9.774572,-9.574573,-9.774572,-8.674573,-8.474573,-8.274572,-7.9745727,-7.3745728,-8.774572,-10.274572,-10.674573,-9.874573,-9.674573,-9.374573,-1.2745727,-0.47457275,-2.4745727,-5.0745726,-8.674573,-8.674573,-8.674573,-8.374573,-8.374573,-7.9745727,-8.474573
-6.0745726,-3.9745727,-4.8745728,-5.5745726,-5.9745727,-6.674573,-5.3745728,-5.0745726,-4.274573,-3.4745727,-1.6745727,-1.9745728,0.32542723,-2.7745728,-2.9745727,-1.5745728,-1.8745728,-1.9745728,-0.9745728,-2.9745727,-3.3745728,-4.5745726,-4.274573,-4.174573,-6.174573,-7.8745728,-8.874573,-9.274572,-9.974573,-10.074573,-10.274572,-9.874573,-9.574573,-9.374573,-9.474573,-8.874573,-8.974573,-8.874573,-7.774573,-9.074573,-10.374573,-11.474573,-10.974573,-11.074573,-10.874573,-10.374573,-9.474573,-1.6745727,0.42542726,1.1254272,-6.8745728,-7.774573,-4.774573,-6.774573,-5.8745728,-7.274573,-7.5745726
-6.174573,-4.3745728,-6.4745727,-5.3745728,-5.674573,-6.4745727,-5.674573,-4.8745728,-4.4745727,-4.674573,-4.0745726,-5.274573,-2.0745728,-3.2745728,-6.0745726,-2.8745728,-2.7745728,-1.8745728,-2.7745728,-4.5745726,-5.0745726,-5.774573,-5.8745728,-5.674573,-7.3745728,-8.874573,-9.674573,-10.174573,-9.874573,-10.074573,-10.074573,-9.974573,-9.774572,-9.074573,-9.274572,-8.974573,-8.674573,-8.974573,-9.774572,-10.374573,-11.674573,-12.074573,-11.274572,-11.574573,-11.374573,-11.574573,-10.874573,-9.874573,-5.3745728,-0.9745728,-3.6745727,-5.274573,-2.5745728,-4.9745727,-4.4745727,-1.8745728,-4.3745728
-7.4745727,-6.9745727,-8.574573,-7.5745726,-8.174573,-7.4745727,-6.774573,-6.4745727,-6.674573,-5.174573,-6.774573,-5.8745728,-1.9745728,-7.274573,-6.0745726,-4.174573,-3.1745727,-3.8745728,-3.6745727,-4.4745727,-5.3745728,-5.5745726,-6.4745727,-6.9745727,-8.074573,-9.874573,-9.874573,-10.074573,-9.974573,-9.774572,-9.674573,-9.674573,-9.774572,-9.274572,-9.074573,-8.874573,-9.874573,-10.174573,-10.674573,-11.874573,-12.374573,-11.774572,-11.374573,-11.974573,-11.674573,-11.874573,-11.674573,-12.374573,-13.874573,-11.274572,-0.77457273,-0.87457275,1.0254272,-0.37457275,0.22542724,-0.77457273,-4.174573
-10.874573,-11.574573,-10.074573,-10.174573,-8.374573,-7.8745728,-8.074573,-7.5745726,-6.8745728,-7.5745726,-7.0745726,-9.674573,-8.274572,-8.274572,-8.074573,-6.0745726,-7.774573,-6.5745726,-6.174573,-5.774573,-4.674573,-4.8745728,-6.8745728,-7.774573,-8.374573,-10.274572,-9.874573,-10.174573,-9.574573,-9.274572,-9.374573,-9.174573,-8.774572,-9.074573,-9.074573,-9.074573,-9.674573,-10.674573,-11.174573,-12.174573,-11.974573,-12.074573,-12.274572,-12.074573,-12.374573,-12.374573,-12.974573,-13.174573,-14.074573,-15.074573,-15.074573,-11.374573,-10.674573,-7.9745727,-6.0745726,-3.8745728,-0.77457273
-12.874573,-11.774572,-10.774572,-10.174573,-9.574573,-8.774572,-9.274572,-8.274572,-8.974573,-9.374573,-9.874573,-10.074573,-9.874573,-10.074573,-8.674573,-8.974573,-8.774572,-8.074573,-7.3745728,-5.5745726,-4.5745726,-3.8745728,-7.174573,-8.374573,-8.474573,-10.674573,-10.274572,-9.774572,-9.374573,-9.174573,-8.774572,-8.874573,-8.374573,-9.274572,-9.374573,-9.774572,-9.774572,-10.674573,-10.674573,-11.974573,-11.974573,-12.374573,-12.174573,-12.074573,-12.374573,-12.174573,-12.674573,-12.874573,-13.374573,-13.674573,-13.374573,-12.074573,-11.374573,-11.174573,-11.074573,-10.374573,-8.074573
-13.874573,-13.474573,-12.474573,-11.574573,-10.574573,-9.574573,-9.274572,-10.074573,-9.874573,-9.974573,-10.474573,-11.074573,-10.974573,-10.674573,-9.774572,-9.774572,-8.774572,-7.8745728,-7.674573,-5.5745726,-3.6745727,-2.7745728,-6.0745726,-9.074573,-9.074573,-10.274572,-9.874573,-9.674573,-9.474573,-8.974573,-9.074573,-8.774572,-8.774572,-8.674573,-9.774572,-9.774572,-9.274572,-9.874573,-10.774572,-11.374573,-11.174573,-12.074573,-11.774572,-12.174573,-11.874573,-12.074573,-12.174573,-11.274572,-13.074573,-13.374573,-13.274572,-12.674573,-12.074573,-11.474573,-11.074573,-10.074573,-8.674573
-12.874573,-12.474573,-12.174573,-12.074573,-11.574573,-9.674573,-9.574573,-9.474573,-9.574573,-10.274572,-11.474573,-10.974573,-11.374573,-11.174573,-10.074573,-9.174573,-9.074573,-7.8745728,-7.0745726,-5.5745726,-3.8745728,-4.0745726,-5.674573,-8.174573,-10.174573,-10.074573,-10.074573,-9.274572,-9.374573,-9.374573,-9.174573,-9.274572,-8.574573,-9.474573,-9.774572,-9.674573,-9.674573,-9.474573,-10.374573,-10.374573,-10.374573,-11.074573,-11.174573,-11.874573,-11.274572,-12.774572,-12.274572,-12.974573,-13.674573,-14.174573,-13.174573,-12.774572,-11.974573,-11.974573,-10.974573,-10.074573,-9.574573
-12.574573,-12.374573,-11.074573,-10.874573,-11.074573,-10.874573,-8.774572,-9.574573,-9.574573,-9.974573,-12.374573,-11.574573,-11.674573,-10.574573,-9.274572,-8.974573,-8.174573,-8.174573,-7.174573,-5.774573,-4.9745727,-3.7745728,-5.4745727,-9.274572,-10.274572,-10.374573,-10.074573,-10.074573,-9.374573,-9.174573,-8.574573,-9.074573,-9.074573,-10.574573,-9.674573,-11.574573,-12.374573,-12.474573,-12.574573,-12.074573,-11.674573,-11.774572,-10.974573,-10.674573,-9.974573,-11.774572,-13.174573,-13.074573,-13.374573,-13.874573,-12.774572,-12.474573,-12.274572,-11.674573,-10.674573,-10.074573,-9.974573
-11.774572,-11.574573,-11.674573,-10.574573,-9.874573,-9.474573,-11.574573,-10.574573,-11.074573,-10.974573,-11.674573,-11.374573,-11.374573,-9.874573,-9.574573,-8.474573,-7.8745728,-7.9745727,-7.674573,-6.174573,-5.9745727,-7.174573,-6.674573,-9.374573,-9.374573,-10.474573,-10.174573,-10.274572,-9.274572,-9.374573,-9.074573,-9.574573,-9.474573,-10.374573,-11.374573,-11.574573,-11.874573,-11.274572,-11.874573,-11.374573,-11.474573,-11.574573,-9.874573,-10.574573,-10.574573,-11.474573,-12.374573,-12.374573,-13.074573,-12.774572,-12.574573,-12.274572,-11.974573,-11.374573,-10.674573,-10.574573,-9.574573
