nws-json/uv_20190821_00.f000.json
{"header": { "discipline":0, "disciplineName":"Meteorological products", "gribEdition":2, "gribLength":54784, "center":7, "centerName":"US National Weather Service - NCEP(WMC)", "subcenter":0, "refTime":"2019-08-21T00:00:00.000Z", "significanceOfRT":1, "significanceOfRTName":"Start of forecast", "productStatus":0, "productStatusName":"Operational products", "productType":1, "productTypeName":"Forecast products", "productDefinitionTemplate":0, "productDefinitionTemplateName":"Analysis/forecast at horizontal level/layer at a point in time", "parameterCategory":2, "parameterCategoryName":"Momentum", "parameterNumber":2, "parameterNumberName":"U-component_of_wind", "parameterUnit":"m.s-1", "genProcessType":2, "genProcessTypeName":"Forecast", "forecastTime":0, "surface1Type":220, "surface1TypeName":"Planetary Boundary Layer", "surface1Value":0.0, "surface2Type":255, "surface2TypeName":"Missing", "surface2Value":0.0, "gridDefinitionTemplate":0, "gridDefinitionTemplateName":"Latitude_Longitude", "numberPoints":65160, "shape":6, "shapeName":"Earth spherical with radius of 6,371,229.0 m", "gridUnits":"degrees", "resolution":48, "winds":"true", "scanMode":0, "nx":360, "ny":181, "basicAngle":0, "lo1":0.0, "la1":90.0, "lo2":359.0, "la2":-90.0, "dx":1.0, "dy":1.0 }, "data":
[rows 125 to 149 of 181, columns 0 to 57 of 360]
8.489069,6.0890684,5.3890686,4.4890685,3.4890685,1.1890686,-0.4109314,-1.6109314,-3.9109313,-5.310931,-6.2109313,-6.310931,-7.1109314,-7.5109315,-7.810931,-7.9109316,-8.510931,-9.110931,-10.010931,-9.610931,-6.4109316,-4.6109314,-3.2109313,-2.2109313,-1.0109314,0.2890686,1.9890686,2.9890685,4.5890684,4.5890684,4.3890686,5.7890687,6.5890684,7.2890687,7.8890686,8.589068,8.989069,9.089068,8.989069,8.789068,8.689069,9.289068,9.689069,9.789068,8.989069,8.489069,8.489069,8.389069,7.7890687,8.189069,7.4890685,9.589068,8.489069,9.189069,7.689069,7.5890684,7.5890684,5.189069
8.789068,8.189069,6.4890685,6.189069,5.2890687,3.4890685,1.6890686,0.2890686,-1.3109314,-3.3109314,-4.0109315,-4.810931,-4.9109316,-5.9109316,-5.6109314,-5.5109315,-5.9109316,-6.310931,-6.310931,-5.4109316,-3.7109313,-2.3109314,-0.7109314,0.6890686,1.8890686,3.0890687,4.0890684,5.0890684,5.8890686,6.9890685,7.7890687,7.8890686,8.789068,9.789068,10.789068,11.389069,11.589068,11.489069,11.589068,11.689069,11.689069,11.389069,10.889069,11.289068,11.189069,11.089068,10.589068,9.789068,10.189069,11.089068,11.189069,11.289068,16.08907,12.589068,11.089068,8.189069,7.5890684,7.5890684
11.189069,9.689069,7.5890684,6.8890686,7.9890685,5.5890684,5.0890684,3.2890687,2.0890687,0.2890686,-1.4109313,-2.3109314,-2.7109313,-2.8109314,-2.7109313,-2.9109313,-3.2109313,-2.9109313,-2.2109313,-2.1109314,-1.1109314,-0.21093139,0.7890686,2.5890687,3.6890686,4.5890684,5.689069,6.3890686,6.8890686,8.189069,8.989069,9.989069,10.989069,11.989069,12.889069,13.489069,14.089068,14.389069,14.589068,14.389069,13.889069,13.189069,13.589068,13.289068,12.589068,12.789068,12.589068,12.589068,12.289068,13.289068,13.589068,15.389069,15.489069,17.08907,15.289068,12.289068,10.189069,10.389069
13.189069,11.289068,10.089068,8.689069,8.289068,6.8890686,7.0890684,6.3890686,4.689069,3.4890685,2.5890687,1.7890686,0.3890686,-0.1109314,-0.4109314,0.3890686,0.5890686,0.6890686,1.4890686,1.9890686,2.0890687,2.5890687,2.9890685,3.9890685,4.7890687,5.5890684,5.5890684,7.189069,8.189069,8.889069,9.989069,10.889069,11.989069,13.189069,13.989069,14.889069,15.789068,16.189068,16.189068,15.989069,16.289068,16.189068,15.589068,15.289068,15.089068,14.789068,14.189069,14.789068,15.089068,14.989069,15.589068,17.08907,17.989069,18.789068,17.889069,15.789068,13.489069,11.289068
15.889069,13.589068,11.689069,10.589068,8.489069,9.889069,8.689069,8.689069,8.189069,7.189069,5.5890684,2.9890685,2.9890685,3.0890687,3.0890687,3.2890687,3.9890685,4.0890684,4.2890687,4.2890687,4.3890686,4.5890684,5.2890687,4.9890685,4.7890687,5.189069,5.7890687,8.689069,10.289068,11.889069,13.089068,13.889069,14.389069,15.089068,15.889069,16.289068,16.689068,16.989069,16.689068,16.789068,17.889069,18.289068,18.689068,18.08907,16.489069,16.789068,16.889069,16.489069,16.689068,17.189068,17.889069,17.289068,18.789068,19.689068,19.989069,22.489069,15.889069,14.289068
14.889069,13.289068,13.189069,12.689069,11.089068,11.389069,12.289068,12.789068,11.589068,10.289068,9.989069,8.789068,7.5890684,7.2890687,6.8890686,6.689069,6.8890686,6.5890684,6.189069,6.2890687,5.0890684,2.6890686,4.189069,6.3890686,8.089068,8.189069,6.9890685,8.289068,9.989069,11.789068,12.889069,14.189069,14.789068,15.889069,16.889069,17.489069,17.689068,18.289068,17.989069,18.389069,18.989069,19.689068,19.989069,20.489069,20.389069,19.389069,18.489069,17.689068,18.289068,17.889069,18.689068,18.489069,19.689068,20.58907,21.389069,20.08907,15.389069,17.689068
18.489069,15.789068,14.989069,13.689069,13.989069,11.889069,11.789068,12.889069,13.489069,11.689069,11.089068,11.089068,11.589068,10.589068,9.489069,8.889069,9.489069,9.289068,8.589068,4.7890687,4.7890687,4.7890687,6.4890685,10.289068,10.589068,10.789068,11.189069,11.689069,11.489069,11.889069,14.289068,16.189068,17.489069,17.689068,17.989069,18.489069,19.08907,20.08907,20.689068,20.58907,20.08907,19.489069,19.389069,20.58907,22.189068,21.689068,20.58907,19.789068,18.689068,18.389069,18.489069,18.989069,21.489069,21.289068,19.189068,17.389069,16.989069,18.189068
19.289068,18.489069,17.789068,14.389069,15.089068,14.089068,12.489069,12.689069,13.989069,14.289068,13.589068,13.989069,14.389069,13.489069,13.089068,13.389069,12.389069,11.789068,10.989069,10.189069,8.689069,10.289068,11.189069,10.589068,10.989069,12.189069,13.389069,13.889069,14.389069,14.789068,16.289068,17.189068,17.689068,18.489069,18.689068,18.789068,18.889069,19.489069,20.989069,19.289068,20.689068,21.689068,22.189068,22.08907,21.689068,21.989069,22.489069,22.389069,20.789068,20.289068,19.389069,19.689068,19.289068,15.789068,16.389069,17.08907,17.08907,18.08907
22.389069,20.789068,19.58907,18.389069,17.189068,15.689069,14.889069,15.489069,12.889069,13.289068,12.989069,13.489069,13.989069,15.189069,16.489069,16.58907,14.889069,14.589068,14.489069,12.789068,12.289068,11.589068,12.889069,12.689069,12.689069,12.989069,13.089068,13.789068,13.989069,14.889069,15.189069,15.889069,16.58907,17.58907,17.789068,17.989069,18.189068,18.789068,19.08907,19.489069,19.389069,20.58907,21.289068,22.58907,22.689068,22.489069,22.189068,21.58907,22.489069,21.489069,20.58907,19.58907,19.08907,17.289068,16.289068,16.489069,17.489069,15.889069
21.889069,23.989069,21.08907,19.989069,17.789068,18.189068,16.08907,14.889069,15.089068,15.689069,14.889069,13.689069,14.989069,16.489069,16.889069,16.989069,15.689069,15.389069,14.889069,13.089068,9.789068,9.289068,11.689069,12.589068,13.889069,13.689069,14.589068,14.789068,15.489069,16.389069,16.789068,17.489069,18.58907,19.289068,19.889069,20.08907,19.889069,20.08907,20.689068,20.889069,20.789068,21.08907,21.189068,21.789068,20.989069,23.08907,23.989069,25.189068,21.689068,23.289068,22.389069,20.689068,18.289068,17.389069,15.589068,17.189068,17.08907,18.58907
20.58907,21.58907,21.989069,21.389069,19.789068,18.289068,15.889069,15.489069,14.989069,15.389069,15.389069,13.989069,15.589068,16.189068,15.689069,15.389069,14.889069,15.089068,7.3890686,7.0890684,7.9890685,10.689069,11.989069,13.689069,14.589068,15.189069,15.389069,16.889069,17.789068,18.289068,19.289068,20.389069,20.889069,21.789068,22.489069,22.889069,23.08907,23.389069,23.489069,23.489069,23.889069,23.989069,23.389069,23.389069,23.489069,23.389069,21.889069,21.289068,22.889069,24.08907,23.689068,22.689068,21.58907,16.989069,16.889069,18.08907,16.489069,17.789068
17.989069,16.989069,18.889069,18.189068,18.58907,16.689068,15.889069,15.689069,14.589068,15.189069,14.589068,13.989069,14.389069,15.289068,13.889069,13.089068,9.089068,5.189069,6.5890684,9.089068,10.289068,11.989069,12.889069,14.489069,15.489069,15.689069,17.789068,18.58907,19.189068,20.389069,21.689068,22.789068,23.789068,24.08907,24.289068,24.289068,24.789068,25.389069,25.689068,26.389069,26.689068,26.489069,25.58907,25.389069,24.889069,24.189068,22.989069,22.189068,20.289068,21.08907,22.989069,23.789068,21.689068,21.189068,17.489069,17.08907,17.389069,18.889069
18.58907,18.689068,19.389069,20.989069,19.389069,15.789068,14.289068,15.689069,15.989069,14.789068,13.789068,12.889069,13.889069,12.589068,8.989069,3.2890687,4.189069,5.8890686,7.5890684,9.789068,11.389069,12.589068,14.289068,15.089068,16.189068,17.889069,19.58907,20.289068,21.08907,22.389069,23.889069,24.989069,25.489069,25.689068,26.189068,26.789068,27.289068,27.58907,28.489069,28.08907,28.289068,28.189068,27.889069,27.08907,26.489069,25.989069,24.989069,23.989069,23.489069,23.289068,22.289068,23.989069,22.989069,22.389069,21.389069,18.58907,17.489069,20.58907
16.989069,19.189068,20.08907,19.989069,19.08907,17.789068,15.189069,14.989069,15.189069,13.489069,12.989069,10.189069,6.5890684,3.0890687,1.9890686,3.0890687,5.689069,7.9890685,10.589068,11.289068,12.689069,13.989069,15.789068,16.789068,17.789068,19.689068,21.689068,22.58907,23.289068,24.389069,25.289068,25.889069,26.189068,26.889069,27.58907,28.58907,29.58907,29.889069,30.08907,30.189068,30.08907,29.389069,29.989069,29.289068,28.489069,27.989069,26.889069,25.58907,24.189068,23.189068,21.389069,21.489069,22.989069,25.189068,20.889069,20.789068,19.389069,18.189068
17.489069,16.889069,18.889069,17.689068,16.789068,14.689069,12.889069,11.689069,10.289068,7.9890685,5.5890684,-1.5109314,-2.4109313,-0.1109314,1.4890686,3.1890686,7.2890687,9.389069,11.889069,12.889069,14.589068,15.789068,17.389069,18.889069,20.689068,21.989069,23.08907,23.989069,24.889069,25.58907,26.189068,26.889069,27.689068,28.689068,29.58907,30.289068,30.989069,31.189068,31.08907,31.08907,30.789068,30.789068,30.789068,30.389069,29.489069,28.389069,26.389069,26.489069,23.189068,23.689068,22.789068,22.689068,21.489069,21.289068,22.389069,19.889069,19.689068,21.489069
-5.4109316,12.289068,14.489069,14.189069,10.389069,7.2890687,4.189069,-0.5109314,-8.010931,-9.510931,-9.710932,-6.810931,-4.1109314,-0.9109314,2.6890686,6.3890686,9.389069,10.489069,12.389069,14.189069,15.689069,17.58907,19.789068,21.489069,22.789068,23.489069,24.389069,24.989069,25.989069,26.889069,27.789068,28.289068,29.389069,30.489069,31.289068,31.989069,32.189068,32.189068,32.08907,32.08907,32.08907,32.08907,31.789068,31.08907,30.189068,28.789068,27.389069,27.989069,25.58907,24.08907,22.689068,22.389069,19.789068,19.689068,20.389069,22.289068,19.889069,20.389069
-19.91093,-22.110931,-22.91093,-23.310932,-21.710932,-21.210932,-19.010931,-17.010931,-15.110931,-12.310931,-9.710932,-5.5109315,-1.7109314,1.9890686,4.3890686,7.7890687,10.289068,11.789068,13.189069,15.389069,17.189068,19.189068,20.889069,22.389069,23.689068,24.289068,24.989069,25.689068,26.789068,27.989069,28.58907,29.58907,30.389069,31.189068,31.989069,32.189068,32.28907,32.489067,32.689068,32.989067,33.08907,32.78907,32.489067,32.08907,30.289068,29.58907,27.789068,26.889069,25.189068,23.58907,22.389069,20.989069,21.189068,20.689068,18.58907,23.289068,21.58907,20.989069
-13.510931,-15.810931,-16.510931,-17.610931,-16.91093,-15.910932,-15.610931,-12.710932,-10.310931,-8.010931,-5.310931,-2.2109313,1.1890686,3.4890685,5.8890686,8.889069,10.889069,12.389069,14.689069,16.689068,18.389069,19.689068,21.08907,22.689068,24.08907,24.789068,25.58907,26.389069,27.189068,28.189068,28.889069,29.389069,29.789068,30.289068,30.789068,31.289068,31.989069,32.58907,33.189068,35.28907,32.08907,33.489067,35.689068,32.489067,30.689068,29.289068,27.08907,26.689068,26.289068,23.189068,22.58907,21.689068,21.189068,21.989069,21.789068,22.889069,22.389069,21.08907
-7.810931,-9.010931,-9.910932,-10.610931,-11.210932,-10.810931,-9.710932,-8.010931,-6.2109313,-3.8109314,-1.2109314,0.9890686,2.5890687,5.3890686,8.289068,9.789068,12.089068,13.989069,15.889069,17.689068,18.889069,20.58907,21.889069,22.889069,23.389069,24.389069,25.289068,26.389069,27.08907,27.289068,27.58907,28.389069,29.489069,30.689068,30.989069,30.989069,32.38907,25.08907,29.289068,28.58907,28.389069,28.689068,28.08907,30.289068,28.389069,27.189068,24.289068,22.989069,23.389069,23.08907,22.289068,21.889069,21.689068,22.08907,21.889069,21.08907,22.58907,19.689068
-1.0109314,-2.8109314,-3.8109314,-4.2109313,-4.9109316,-5.4109316,-4.9109316,-2.5109315,-0.5109314,0.5890686,2.1890686,4.189069,6.0890684,7.7890687,9.889069,12.689069,15.389069,17.58907,18.989069,19.489069,20.08907,20.189068,20.889069,21.58907,22.689068,24.489069,25.489069,25.689068,25.689068,26.289068,27.289068,27.689068,28.189068,29.389069,29.989069,27.189068,24.58907,24.389069,25.389069,27.189068,29.08907,29.889069,26.189068,26.389069,25.389069,23.489069,21.789068,21.989069,20.489069,19.389069,19.989069,20.289068,20.389069,22.289068,19.789068,21.58907,21.389069,18.789068
4.9890685,3.5890687,2.2890687,1.0890687,0.08906861,0.2890686,1.2890686,2.4890685,3.5890687,4.8890686,1.9890686,0.3890686,3.6890686,9.689069,15.189069,16.689068,16.989069,17.689068,18.689068,18.58907,18.889069,19.889069,20.889069,22.08907,22.989069,23.08907,23.989069,24.689068,24.989069,24.789068,25.789068,26.289068,26.889069,26.989069,24.889069,22.789068,21.889069,23.489069,21.889069,21.389069,18.58907,17.289068,17.489069,19.289068,18.489069,17.289068,16.389069,19.58907,18.989069,19.689068,20.389069,19.58907,20.289068,20.189068,21.189068,22.289068,18.289068,17.189068
4.9890685,5.189069,4.3890686,3.9890685,4.3890686,4.3890686,3.9890685,1.1890686,-1.3109314,-0.1109314,2.9890685,5.5890684,9.189069,12.389069,14.989069,15.889069,16.289068,16.389069,16.689068,17.689068,18.58907,18.989069,19.789068,20.389069,21.489069,21.889069,21.58907,21.889069,22.789068,22.58907,22.789068,22.989069,23.689068,21.789068,18.789068,18.989069,19.889069,18.489069,17.889069,16.789068,15.489069,15.089068,13.789068,13.789068,13.789068,14.689069,15.289068,16.08907,17.889069,17.889069,17.489069,18.689068,20.08907,20.889069,20.889069,20.889069,15.089068,14.989069
2.2890687,2.3890686,2.3890686,2.8890686,2.8890686,-0.010931397,-1.7109314,-0.8109314,1.4890686,3.3890686,5.5890684,7.5890684,10.989069,12.389069,13.289068,13.389069,13.789068,14.289068,14.989069,15.889069,16.58907,17.289068,18.789068,18.58907,18.489069,19.189068,19.189068,18.889069,19.08907,18.989069,19.08907,19.58907,17.889069,15.189069,15.689069,17.08907,16.08907,15.589068,14.289068,12.589068,11.189069,10.289068,10.189069,10.789068,11.789068,12.689069,13.389069,14.989069,14.389069,15.289068,17.08907,18.289068,19.58907,19.58907,17.58907,15.489069,12.489069,12.189069
1.4890686,-0.31093138,-1.1109314,-0.9109314,-1.8109314,-1.9109313,-0.5109314,1.0890687,3.1890686,5.3890686,5.5890684,8.389069,9.789068,10.489069,11.289068,13.389069,14.089068,14.889069,15.389069,14.989069,15.389069,15.289068,15.589068,15.989069,16.08907,15.289068,15.589068,15.489069,15.389069,14.989069,15.089068,13.989069,14.089068,14.889069,14.689069,13.189069,11.389069,9.789068,10.389069,10.189069,10.589068,12.489069,12.889069,13.289068,13.589068,13.489069,13.589068,13.989069,14.389069,16.189068,17.08907,17.08907,16.489069,14.889069,14.789068,9.789068,9.089068,8.689069
-1.0109314,-0.7109314,-1.6109314,-2.5109315,-1.1109314,-0.5109314,1.0890687,2.7890687,4.689069,5.189069,7.0890684,7.4890685,9.489069,10.889069,12.189069,12.789068,13.089068,11.189069,10.489069,11.089068,11.589068,11.889069,11.889069,11.189069,10.789068,10.689069,11.189069,11.889069,12.389069,12.089068,11.589068,10.989069,12.389069,14.689069,16.58907,16.58907,15.289068,14.689069,14.089068,14.989069,14.989069,15.589068,16.08907,16.489069,16.489069,16.289068,15.689069,16.289068,17.489069,16.989069,16.08907,15.989069,14.389069,13.789068,8.389069,6.7890687,4.4890685,1.8890686
