nws-json/uv_20190820_06.f000.json
{"header": { "discipline":0, "disciplineName":"Meteorological products", "gribEdition":2, "gribLength":54684, "center":7, "centerName":"US National Weather Service - NCEP(WMC)", "subcenter":0, "refTime":"2019-08-20T06:00:00.000Z", "significanceOfRT":1, "significanceOfRTName":"Start of forecast", "productStatus":0, "productStatusName":"Operational products", "productType":1, "productTypeName":"Forecast products", "productDefinitionTemplate":0, "productDefinitionTemplateName":"Analysis/forecast at horizontal level/layer at a point in time", "parameterCategory":2, "parameterCategoryName":"Momentum", "parameterNumber":2, "parameterNumberName":"U-component_of_wind", "parameterUnit":"m.s-1", "genProcessType":2, "genProcessTypeName":"Forecast", "forecastTime":0, "surface1Type":220, "surface1TypeName":"Planetary Boundary Layer", "surface1Value":0.0, "surface2Type":255, "surface2TypeName":"Missing", "surface2Value":0.0, "gridDefinitionTemplate":0, "gridDefinitionTemplateName":"Latitude_Longitude", "numberPoints":65160, "shape":6, "shapeName":"Earth spherical with radius of 6,371,229.0 m", "gridUnits":"degrees", "resolution":48, "winds":"true", "scanMode":0, "nx":360, "ny":181, "basicAngle":0, "lo1":0.0, "la1":90.0, "lo2":359.0, "la2":-90.0, "dx":1.0, "dy":1.0 }, "data":
[rows 0 to 25 of 181, columns 0 to 57 of 360]
-4.8915224,-4.8915224,-4.791522,-4.691522,-4.591522,-4.4915223,-4.3915224,-4.291522,-4.191522,-4.091522,-3.9915223,-3.8915222,-3.7915223,-3.6915221,-3.5915222,-3.4915223,-3.3915222,-3.2915223,-3.0915222,-2.9915223,-2.8915222,-2.7915223,-2.6915221,-2.5915222,-2.4915223,-2.3915222,-2.1915221,-2.0915222,-1.9915222,-1.8915222,-1.7915223,-1.6915222,-1.4915222,-1.3915222,-1.2915223,-1.1915222,-1.0915222,-0.8915222,-0.7915222,-0.69152224,-0.5915222,-0.39152223,-0.2915222,-0.19152221,-0.09152222,0.108477786,0.20847778,0.3084778,0.40847778,0.5084778,0.7084778,0.80847776,0.9084778,1.0084778,1.2084777,1.3084778,1.4084778,1.5084778
-3.3915222,-3.2915223,-3.0915222,-2.9915223,-2.8915222,-2.7915223,-2.5915222,-2.4915223,-2.3915222,-2.2915223,-2.1915221,-1.9915222,-1.8915222,-1.7915223,-1.5915222,-1.4915222,-1.3915222,-1.1915222,-1.0915222,-0.9915222,-0.8915222,-0.69152224,-0.5915222,-0.49152222,-0.2915222,-0.19152221,-0.09152222,0.108477786,0.20847778,0.3084778,0.5084778,0.6084778,0.7084778,0.9084778,1.0084778,1.1084778,1.2084777,1.3084778,1.5084778,1.6084778,1.7084777,1.8084778,1.9084778,2.0084777,2.0084777,2.1084778,2.2084777,2.3084779,2.4084778,2.5084777,2.6084778,2.7084777,2.7084777,2.8084779,2.9084778,3.0084777,3.2084777,3.3084779
-1.6915222,-1.6915222,-1.5915222,-1.5915222,-1.4915222,-1.3915222,-1.2915223,-1.1915222,-1.0915222,-0.9915222,-0.8915222,-0.7915222,-0.49152222,-0.2915222,-0.19152221,0.008477783,0.108477786,0.20847778,0.40847778,0.5084778,0.6084778,0.7084778,0.9084778,0.9084778,1.0084778,1.1084778,1.2084777,1.3084778,1.4084778,1.4084778,1.5084778,1.5084778,1.5084778,1.5084778,1.6084778,1.7084777,1.9084778,2.1084778,2.2084777,2.3084779,2.5084777,2.5084777,2.6084778,2.7084777,2.8084779,2.8084779,2.9084778,3.0084777,3.1084778,3.1084778,3.2084777,3.2084777,3.3084779,3.4084778,3.4084778,3.5084777,3.5084777,3.5084777
-0.2915222,-0.2915222,-0.2915222,-0.19152221,-0.19152221,-0.19152221,-0.09152222,0.008477783,0.40847778,0.6084778,0.80847776,1.0084778,1.2084777,1.3084778,1.4084778,1.3084778,1.3084778,1.2084777,1.2084777,1.1084778,1.1084778,1.0084778,1.1084778,1.1084778,1.4084778,1.5084778,1.5084778,1.6084778,1.4084778,1.6084778,1.6084778,1.7084777,1.8084778,1.9084778,1.9084778,2.0084777,2.0084777,2.0084777,2.1084778,2.1084778,2.1084778,2.2084777,2.4084778,2.5084777,2.5084777,2.5084777,2.4084778,2.3084779,2.1084778,1.8084778,1.7084777,1.6084778,1.5084778,1.3084778,1.4084778,1.3084778,1.3084778,1.1084778
1.3084778,1.3084778,1.3084778,1.2084777,1.5084778,1.6084778,1.9084778,2.2084777,2.1084778,2.0084777,2.0084777,2.0084777,2.1084778,2.1084778,2.2084777,2.3084779,2.4084778,2.4084778,2.5084777,2.5084777,2.5084777,2.5084777,2.4084778,2.4084778,2.3084779,2.3084779,2.3084779,2.3084779,2.3084779,2.1084778,2.1084778,1.8084778,1.7084777,1.6084778,1.5084778,1.6084778,1.6084778,1.5084778,1.2084777,1.1084778,0.9084778,0.9084778,0.80847776,0.80847776,0.80847776,0.80847776,0.80847776,0.6084778,0.5084778,0.3084778,0.008477783,-0.19152221,-0.39152223,-0.49152222,-0.5915222,-0.5915222,-0.69152224,-0.69152224
1.8084778,1.7084777,1.6084778,1.6084778,1.5084778,1.4084778,1.4084778,1.4084778,1.4084778,1.4084778,1.5084778,1.5084778,1.6084778,1.6084778,1.7084777,1.7084777,1.7084777,1.7084777,1.7084777,1.7084777,1.7084777,1.7084777,1.7084777,1.8084778,1.8084778,1.7084777,1.7084777,1.7084777,1.4084778,1.3084778,1.2084777,1.0084778,1.1084778,1.1084778,0.9084778,0.6084778,0.5084778,0.5084778,0.7084778,0.9084778,0.7084778,0.20847778,-0.19152221,-0.49152222,-0.5915222,-0.8915222,-0.9915222,-1.2915223,-1.5915222,-1.7915223,-2.0915222,-2.0915222,-1.9915222,-1.8915222,-1.9915222,-1.9915222,-2.0915222,-2.0915222
1.1084778,1.1084778,1.1084778,1.2084777,1.1084778,1.1084778,0.9084778,0.9084778,1.0084778,1.1084778,1.1084778,1.2084777,1.2084777,1.2084777,1.3084778,1.4084778,1.3084778,1.3084778,1.2084777,1.0084778,0.80847776,0.3084778,0.008477783,-0.19152221,-0.09152222,-0.09152222,0.008477783,0.108477786,0.108477786,0.20847778,0.3084778,0.40847778,0.3084778,0.008477783,-0.69152224,-1.2915223,-1.1915222,-0.8915222,-0.49152222,-0.19152221,-0.49152222,-0.9915222,-1.1915222,-1.1915222,-1.1915222,-1.4915222,-1.8915222,-2.2915223,-2.4915223,-2.6915221,-2.7915223,-2.8915222,-3.1915221,-3.2915223,-3.3915222,-3.6915221,-3.9915223,-4.091522
1.2084777,1.3084778,1.5084778,1.7084777,1.8084778,1.8084778,1.9084778,2.1084778,1.9084778,1.3084778,1.5084778,2.1084778,2.5084777,2.5084777,2.2084777,1.8084778,1.2084777,0.6084778,0.6084778,0.9084778,1.2084777,0.9084778,0.008477783,-0.7915222,-1.3915222,-1.6915222,-1.7915223,-1.9915222,-2.0915222,-2.4915223,-2.6915221,-2.8915222,-2.6915221,-2.3915222,-2.0915222,-1.7915223,-1.9915222,-1.9915222,-1.7915223,-1.4915222,-1.0915222,-1.0915222,-0.8915222,-1.1915222,-1.3915222,-1.2915223,-1.8915222,-2.3915222,-2.4915223,-2.0915222,-2.1915221,-2.3915222,-2.6915221,-2.8915222,-3.2915223,-3.9915223,-3.7915223,-3.4915223
-1.4915222,-1.6915222,-1.5915222,-1.5915222,-1.4915222,-1.0915222,-0.7915222,-0.5915222,-0.49152222,-0.49152222,-0.5915222,-1.3915222,-2.0915222,-2.4915223,-2.7915223,-3.1915221,-3.1915221,-2.8915222,-2.8915222,-2.9915223,-3.2915223,-3.2915223,-3.3915222,-3.4915223,-3.5915222,-4.191522,-4.191522,-4.191522,-4.3915224,-4.3915224,-4.091522,-3.8915222,-3.5915222,-3.5915222,-3.6915221,-3.5915222,-3.4915223,-4.191522,-4.9915223,-4.791522,-4.4915223,-4.291522,-4.3915224,-3.8915222,-3.3915222,-3.6915221,-3.8915222,-3.6915221,-3.6915221,-3.4915223,-3.5915222,-3.4915223,-3.0915222,-2.4915223,-1.6915222,-0.69152224,0.20847778,1.2084777
-3.0915222,-3.1915221,-2.9915223,-2.6915221,-2.6915221,-2.5915222,-2.9915223,-3.1915221,-3.4915223,-3.8915222,-4.791522,-5.091522,-5.3915224,-5.591522,-6.4915223,-6.591522,-6.691522,-7.091522,-6.9915223,-6.8915224,-6.4915223,-6.291522,-6.091522,-5.791522,-5.4915223,-5.091522,-4.8915224,-5.4915223,-6.091522,-6.4915223,-6.791522,-6.291522,-5.9915223,-5.291522,-4.791522,-5.591522,-6.691522,-6.691522,-6.691522,-6.3915224,-6.8915224,-7.091522,-6.791522,-6.591522,-5.4915223,-4.691522,-3.5915222,-2.7915223,-1.5915222,-0.5915222,-0.9915222,-1.3915222,-0.7915222,0.20847778,0.40847778,0.5084778,0.7084778,0.008477783
-3.8915222,-3.6915221,-3.5915222,-3.5915222,-3.6915221,-3.5915222,-3.4915223,-4.4915223,-6.091522,-6.791522,-8.491522,-8.791522,-7.091522,-6.691522,-6.191522,-5.3915224,-3.6915221,-1.5915222,-0.8915222,-1.6915222,-3.1915221,-2.5915222,-1.6915222,-3.3915222,-5.791522,-5.9915223,-4.591522,-1.2915223,-2.5915222,-4.9915223,-6.3915224,-6.8915224,-7.591522,-7.191522,-7.4915223,-7.4915223,-6.9915223,-6.3915224,-5.4915223,-3.3915222,-2.2915223,-1.7915223,-1.5915222,-1.1915222,-0.69152224,-0.49152222,-0.19152221,-0.09152222,0.3084778,0.9084778,1.2084777,1.3084778,1.7084777,1.9084778,2.5084777,2.3084779,1.5084778,2.6084778
0.008477783,-3.4915223,-5.091522,-4.191522,-3.2915223,-2.5915222,-2.0915222,-1.4915222,-0.9915222,-0.49152222,-0.39152223,-1.4915222,-2.7915223,-2.6915221,-0.9915222,-1.2915223,-0.5915222,-1.7915223,-0.9915222,0.108477786,2.5084777,3.6084778,2.1084778,-2.0915222,-7.691522,-8.091522,-7.691522,-6.9915223,-7.3915224,-6.591522,-6.791522,-6.091522,-6.091522,-5.191522,-4.091522,-3.6915221,-3.6915221,-3.5915222,-3.5915222,-3.0915222,-2.2915223,-1.8915222,-1.5915222,-1.0915222,-0.49152222,0.20847778,0.6084778,1.0084778,1.3084778,1.8084778,2.1084778,2.2084777,2.6084778,3.0084777,3.2084777,3.2084777,3.4084778,3.9084778
2.0084777,2.3084779,1.8084778,1.3084778,0.7084778,0.108477786,0.3084778,0.5084778,0.3084778,0.3084778,0.108477786,-0.2915222,-1.0915222,-4.091522,-3.4915223,-0.7915222,-2.4915223,-2.1915221,-0.9915222,-4.3915224,-6.4915223,-4.9915223,-7.191522,-4.791522,-3.1915221,-3.3915222,-5.091522,-5.9915223,-6.8915224,-5.591522,-5.091522,-5.691522,-5.9915223,-5.8915224,-5.3915224,-5.291522,-4.8915224,-4.291522,-3.3915222,-3.1915221,-2.9915223,-1.9915222,-1.5915222,-1.0915222,-0.39152223,-0.2915222,0.3084778,0.6084778,0.9084778,1.2084777,1.2084777,0.9084778,1.1084778,1.8084778,2.5084777,3.2084777,3.6084778,4.0084777
1.3084778,1.0084778,0.6084778,0.108477786,-0.49152222,-0.9915222,-1.1915222,-1.0915222,-1.6915222,-1.3915222,-1.5915222,-2.2915223,-2.3915222,-1.3915222,-0.39152223,-1.7915223,-3.0915222,-5.091522,-7.591522,-7.691522,-7.8915224,-8.491522,-9.791522,-11.391522,-8.691523,-6.9915223,-6.3915224,-6.091522,-6.691522,-6.8915224,-7.091522,-6.8915224,-6.091522,-5.3915224,-5.3915224,-5.291522,-4.591522,-4.091522,-3.4915223,-2.9915223,-2.2915223,-1.8915222,-1.8915222,-1.6915222,-1.3915222,-0.9915222,-0.5915222,-0.2915222,0.20847778,0.80847776,0.9084778,0.80847776,1.3084778,2.4084778,2.7084777,3.1084778,3.3084779,3.8084779
-2.7915223,-3.0915222,-3.4915223,-3.5915222,-3.9915223,-3.8915222,-3.6915221,-3.2915223,-2.8915222,-2.7915223,-3.1915221,-2.7915223,-2.3915222,-2.7915223,-3.7915223,-9.791522,-11.391522,-11.191523,-10.991522,-10.891522,-10.291522,-10.491522,-9.891522,-8.291522,-7.4915223,-7.191522,-7.291522,-7.091522,-7.3915224,-7.291522,-6.9915223,-6.4915223,-6.091522,-5.791522,-5.591522,-5.791522,-4.9915223,-3.5915222,-2.8915222,-2.4915223,-2.9915223,-3.2915223,-2.8915222,-2.1915221,-1.4915222,-1.1915222,-1.4915222,-1.5915222,-1.1915222,-1.1915222,-1.2915223,-0.9915222,-0.09152222,1.0084778,1.8084778,2.0084777,2.1084778,3.1084778
-4.791522,-5.091522,-5.191522,-4.9915223,-4.8915224,-4.191522,-3.6915221,-3.6915221,-3.2915223,-2.8915222,-2.4915223,-3.0915222,-5.691522,-7.191522,-7.3915224,-7.791522,-7.591522,-7.8915224,-7.691522,-6.9915223,-6.4915223,-7.091522,-8.591522,-9.591522,-10.191523,-9.391522,-8.991522,-8.891522,-8.791522,-8.491522,-8.591522,-8.391522,-8.091522,-7.691522,-7.3915224,-6.4915223,-5.4915223,-5.591522,-5.591522,-6.091522,-5.291522,-5.291522,-5.591522,-4.4915223,-2.7915223,-2.0915222,-2.5915222,-2.8915222,-2.6915221,-2.0915222,-1.1915222,-0.69152224,0.6084778,0.9084778,0.008477783,-1.0915222,-0.7915222,-2.5915222
-4.291522,-4.3915224,-4.4915223,-4.9915223,-4.9915223,-4.4915223,-4.191522,-3.7915223,-3.8915222,-3.9915223,-3.9915223,-2.9915223,-2.5915222,-2.5915222,-2.2915223,-1.9915222,-1.5915222,-1.4915222,-1.6915222,-1.7915223,-2.2915223,-3.4915223,-5.191522,-6.3915224,-6.291522,-6.191522,-5.8915224,-6.291522,-6.3915224,-6.191522,-6.291522,-6.191522,-6.3915224,-6.3915224,-6.191522,-5.791522,-5.691522,-5.091522,-4.4915223,-5.3915224,-5.3915224,-4.9915223,-5.591522,-4.3915224,-4.691522,-3.9915223,-4.591522,-3.7915223,-3.5915222,-2.9915223,-1.9915222,-1.1915222,-0.7915222,-1.3915222,-2.2915223,-2.6915221,-2.2915223,-1.5915222
-6.091522,-5.8915224,-5.791522,-5.591522,-5.191522,-4.591522,-3.8915222,-3.4915223,-2.9915223,-2.1915221,-1.2915223,-0.39152223,0.80847776,2.5084777,4.208478,5.5084777,6.808478,8.408478,8.608478,7.208478,5.408478,4.408478,3.7084777,2.2084777,-0.2915222,-1.7915223,-2.3915222,-2.3915222,-2.0915222,-2.3915222,-2.6915221,-2.4915223,-3.0915222,-3.5915222,-3.7915223,-3.8915222,-4.4915223,-4.591522,-3.9915223,-3.5915222,-4.191522,-4.091522,-4.191522,-3.3915222,-3.0915222,-3.0915222,-4.191522,-4.591522,-4.791522,-4.291522,-4.091522,-2.9915223,-1.0915222,-3.3915222,-2.2915223,-0.49152222,1.1084778,1.3084778
-4.191522,-3.8915222,-3.2915223,-2.7915223,-2.2915223,-1.6915222,-0.7915222,-0.8915222,0.3084778,0.6084778,0.9084778,2.1084778,3.3084779,4.708478,6.5084777,7.808478,9.008478,10.608478,11.908478,12.608478,13.208478,13.608478,13.708478,12.208478,10.208478,7.908478,5.6084776,3.7084777,0.20847778,0.108477786,0.008477783,0.20847778,0.108477786,0.6084778,0.5084778,0.40847778,-0.49152222,-1.0915222,-0.5915222,-0.69152224,-2.6915221,-2.7915223,-3.5915222,-2.9915223,-2.4915223,-2.6915221,-2.3915222,-2.9915223,-3.1915221,-4.3915224,-5.691522,-5.691522,-3.5915222,-2.1915221,-0.69152224,0.9084778,-2.8915222,-1.3915222
-0.39152223,-0.7915222,-0.49152222,0.3084778,1.4084778,2.7084777,3.5084777,4.408478,5.408478,6.0084777,6.708478,7.408478,8.008478,8.308477,8.208478,9.108478,9.108478,9.908478,11.108478,12.308477,13.408478,13.908478,14.608478,15.208478,15.608478,14.708478,11.708478,6.5084777,4.808478,2.2084777,1.6084778,2.3084779,3.4084778,2.1084778,1.2084777,2.2084777,0.40847778,-0.19152221,-0.2915222,-0.5915222,-1.1915222,-1.6915222,-2.0915222,-2.4915223,-1.5915222,-0.8915222,-2.7915223,-2.3915222,-2.8915222,-3.9915223,-4.291522,-4.091522,-4.3915224,-3.8915222,-3.3915222,-2.0915222,-0.39152223,-1.0915222
-4.091522,-5.3915224,-5.291522,-3.9915223,-3.0915222,-1.2915223,-0.09152222,1.3084778,3.5084777,4.408478,5.208478,5.6084776,5.408478,5.308478,5.0084777,4.908478,5.5084777,6.208478,6.708478,5.908478,5.408478,4.308478,3.6084778,4.208478,7.1084776,4.808478,5.808478,9.308477,10.308477,8.008478,6.908478,5.5084777,4.308478,1.6084778,2.8084779,0.40847778,0.20847778,0.40847778,0.108477786,-0.49152222,-0.7915222,-0.9915222,-1.9915222,-1.5915222,-1.5915222,-1.8915222,-2.7915223,-2.6915221,-2.2915223,-4.291522,-3.5915222,-3.4915223,-3.4915223,-3.7915223,-3.7915223,-3.7915223,-3.1915221,-3.6915221
0.9084778,-2.2915223,-2.4915223,-2.1915221,-2.4915223,-3.4915223,-4.091522,-3.1915221,-1.4915222,-0.2915222,1.0084778,2.1084778,2.2084777,2.1084778,1.9084778,2.1084778,1.1084778,0.40847778,1.1084778,1.5084778,2.2084777,5.1084776,4.408478,1.8084778,5.5084777,8.608478,9.108478,9.308477,4.1084776,7.0084777,6.0084777,4.6084776,5.208478,6.0084777,6.208478,5.408478,3.8084779,1.5084778,-1.9915222,-1.2915223,-1.1915222,-0.9915222,-0.5915222,-0.19152221,-0.9915222,-1.8915222,-2.2915223,-1.7915223,-1.8915222,-0.2915222,-0.39152223,-2.6915221,-3.1915221,-3.1915221,-3.2915223,-2.6915221,-4.191522,-2.7915223
-2.6915221,-5.691522,-6.191522,-7.3915224,-7.8915224,-8.191523,-8.191523,-7.8915224,-7.691522,-6.691522,-5.191522,-4.191522,-3.5915222,-2.5915222,-1.6915222,1.5084778,0.5084778,0.3084778,1.0084778,2.2084777,2.2084777,0.5084778,1.6084778,2.7084777,2.4084778,3.0084777,3.5084777,4.1084776,3.5084777,4.308478,4.708478,4.208478,5.6084776,4.408478,2.8084779,2.0084777,4.408478,3.7084777,3.6084778,4.208478,2.3084779,-2.2915223,-0.69152224,-1.3915222,0.108477786,-0.19152221,1.0084778,-0.39152223,0.108477786,-0.2915222,-1.3915222,-0.69152224,-0.49152222,-0.7915222,-0.9915222,-1.7915223,-2.4915223,-2.3915222
-6.4915223,-7.3915224,-6.791522,-6.4915223,-3.9915223,-3.1915221,-3.4915223,-4.191522,-3.6915221,-1.7915223,2.8084779,6.6084776,3.2084777,2.2084777,0.008477783,0.108477786,0.108477786,0.9084778,1.3084778,0.9084778,0.9084778,2.3084779,1.1084778,0.40847778,0.5084778,1.4084778,1.6084778,2.7084777,3.6084778,4.0084777,4.1084776,3.7084777,2.5084777,2.1084778,4.308478,3.8084779,2.2084777,2.9084778,2.1084778,1.7084777,2.6084778,1.6084778,0.008477783,-0.8915222,-1.4915222,0.80847776,-0.09152222,-1.5915222,-1.0915222,-1.2915223,-1.0915222,-1.1915222,-2.3915222,-3.0915222,-3.1915221,-2.1915221,-1.6915222,-1.1915222
-2.4915223,-2.3915222,-1.3915222,-0.49152222,2.3084779,3.6084778,3.6084778,3.6084778,3.6084778,1.6084778,-0.09152222,0.6084778,-1.0915222,-1.5915222,-0.09152222,0.9084778,1.4084778,0.9084778,0.40847778,1.2084777,1.5084778,-0.09152222,0.3084778,2.1084778,4.408478,4.708478,4.1084776,2.5084777,3.2084777,3.2084777,4.808478,3.3084779,5.708478,6.0084777,7.208478,4.208478,5.308478,3.6084778,0.20847778,0.7084778,2.2084777,0.108477786,1.2084777,0.20847778,0.5084778,0.6084778,-1.4915222,-0.9915222,-0.69152224,-1.7915223,-2.5915222,-2.5915222,-3.1915221,-3.7915223,-4.3915224,-3.8915222,-2.2915223,-0.9915222
-1.7915223,-2.5915222,-2.3915222,-0.8915222,0.5084778,2.9084778,5.1084776,6.0084777,6.0084777,6.908478,8.608478,5.908478,-0.39152223,-1.4915222,-0.2915222,1.6084778,1.1084778,1.6084778,3.0084777,2.9084778,3.1084778,3.2084777,5.0084777,5.908478,6.0084777,2.3084779,2.8084779,3.4084778,4.708478,3.5084777,4.0084777,4.5084777,6.0084777,6.908478,7.6084776,3.7084777,4.908478,5.308478,1.1084778,-0.8915222,-3.0915222,-0.7915222,-0.2915222,0.008477783,0.6084778,-0.2915222,-1.3915222,-1.6915222,-1.5915222,-1.4915222,-2.8915222,-4.091522,-3.7915223,-4.791522,-5.091522,-5.791522,-5.291522,-4.4915223
