nws-json/uv_20190821_18.f000.json
{"header": { "discipline":0, "disciplineName":"Meteorological products", "gribEdition":2, "gribLength":54765, "center":7, "centerName":"US National Weather Service - NCEP(WMC)", "subcenter":0, "refTime":"2019-08-21T18:00:00.000Z", "significanceOfRT":1, "significanceOfRTName":"Start of forecast", "productStatus":0, "productStatusName":"Operational products", "productType":1, "productTypeName":"Forecast products", "productDefinitionTemplate":0, "productDefinitionTemplateName":"Analysis/forecast at horizontal level/layer at a point in time", "parameterCategory":2, "parameterCategoryName":"Momentum", "parameterNumber":2, "parameterNumberName":"U-component_of_wind", "parameterUnit":"m.s-1", "genProcessType":2, "genProcessTypeName":"Forecast", "forecastTime":0, "surface1Type":220, "surface1TypeName":"Planetary Boundary Layer", "surface1Value":0.0, "surface2Type":255, "surface2TypeName":"Missing", "surface2Value":0.0, "gridDefinitionTemplate":0, "gridDefinitionTemplateName":"Latitude_Longitude", "numberPoints":65160, "shape":6, "shapeName":"Earth spherical with radius of 6,371,229.0 m", "gridUnits":"degrees", "resolution":48, "winds":"true", "scanMode":0, "nx":360, "ny":181, "basicAngle":0, "lo1":0.0, "la1":90.0, "lo2":359.0, "la2":-90.0, "dx":1.0, "dy":1.0 }, "data":
[rows 50 to 74 of 181, columns 290 to 347 of 360]
6.720731,4.5207305,3.0207305,2.2207305,2.5207305,2.1207306,3.2207305,3.8207307,4.5207305,4.3207307,4.4207306,4.4207306,4.8207307,5.1207304,5.4207306,3.1207306,4.8207307,5.5207305,7.1207304,7.8207307,9.12073,7.4207306,6.6207304,5.3207307,6.720731,6.6207304,7.3207307,7.9207306,9.020731,9.82073,11.82073,13.020731,12.32073,12.020731,10.020731,5.9207306,2.3207307,1.3207306,-0.5792694,-4.5792694,-7.3792696,-8.779269,-8.87927,-8.279269,-8.279269,-8.87927,-7.4792695,-7.9792695,-7.0792694,-6.6792693,-6.779269,-6.5792694,-6.0792694,-5.8792696,-5.5792694,-4.8792696,-4.5792694,-4.4792695
5.8207307,5.9207306,4.0207305,3.3207307,1.4207306,2.5207305,4.4207306,4.9207306,5.720731,7.220731,7.220731,5.8207307,5.4207306,5.220731,4.8207307,6.6207304,6.1207304,8.82073,12.420731,18.120731,19.22073,13.82073,11.12073,9.520731,8.720731,8.32073,8.220731,8.220731,9.020731,10.020731,11.020731,11.32073,12.020731,11.020731,10.220731,7.220731,3.6207306,2.1207306,-0.9792694,-4.0792694,-6.3792696,-8.979269,-8.579269,-11.17927,-10.67927,-10.979269,-9.479269,-9.37927,-9.17927,-8.479269,-7.4792695,-6.9792695,-6.3792696,-5.8792696,-4.9792695,-4.6792693,-4.0792694,-4.0792694
6.3207307,7.220731,6.9207306,6.0207305,7.220731,5.4207306,6.220731,4.3207307,5.5207305,6.4207306,6.720731,7.8207307,8.020731,8.12073,7.5207305,7.220731,8.020731,9.720731,12.32073,15.020731,15.020731,13.62073,12.32073,10.920731,9.520731,9.520731,9.720731,8.520731,8.720731,8.420731,8.920731,9.520731,10.020731,9.720731,9.720731,7.4207306,4.6207304,3.1207306,2.4207306,0.120730594,-4.279269,-8.67927,-9.779269,-10.67927,-11.779269,-13.279269,-12.479269,-11.37927,-10.17927,-9.279269,-8.37927,-7.4792695,-6.8792696,-5.779269,-4.9792695,-4.6792693,-3.9792695,-2.9792695
8.420731,7.8207307,8.720731,8.82073,7.4207306,7.220731,7.0207305,6.1207304,5.9207306,4.5207305,5.220731,5.6207304,6.6207304,7.0207305,6.8207307,7.0207305,7.720731,8.920731,10.420731,12.420731,13.32073,12.62073,11.82073,10.220731,9.520731,8.82073,8.220731,8.82073,8.82073,9.82073,9.82073,9.020731,9.32073,9.420731,9.12073,8.520731,6.8207307,2.4207306,1.1207306,2.5207305,2.6207306,-0.8792694,-2.3792694,-5.9792695,-8.279269,-11.37927,-13.279269,-13.079269,-12.079269,-10.479269,-9.17927,-7.6792693,-6.5792694,-5.5792694,-5.279269,-4.6792693,-3.7792695,-2.4792695
7.1207304,7.0207305,7.720731,7.8207307,7.3207307,6.8207307,6.8207307,6.3207307,5.4207306,5.0207305,5.4207306,6.3207307,6.6207304,6.3207307,7.5207305,8.220731,8.420731,10.220731,11.420731,11.62073,11.32073,10.920731,10.12073,9.32073,7.9207306,8.020731,8.32073,8.62073,9.32073,9.220731,9.62073,9.420731,9.220731,8.220731,7.1207304,7.220731,7.0207305,6.5207305,6.0207305,1.5207306,4.4207306,5.4207306,5.6207304,3.1207306,3.9207306,-0.07926941,-3.3792694,-10.37927,-12.17927,-11.17927,-9.579269,-8.079269,-6.8792696,-6.0792694,-5.4792695,-4.0792694,-3.6792693,-2.9792695
5.1207304,5.5207305,5.6207304,6.5207305,6.3207307,5.0207305,5.0207305,4.5207305,4.3207307,4.1207304,5.6207304,5.1207304,5.220731,6.0207305,6.720731,7.4207306,8.220731,8.520731,8.420731,8.720731,8.82073,8.62073,7.9207306,7.6207304,6.9207306,7.220731,7.3207307,7.4207306,8.12073,7.8207307,7.3207307,7.0207305,7.1207304,7.0207305,6.220731,5.9207306,5.9207306,7.0207305,8.220731,7.9207306,7.8207307,5.720731,6.6207304,6.220731,4.6207304,4.0207305,1.2207305,-0.07926941,-6.6792693,-10.37927,-9.37927,-8.17927,-6.9792695,-6.0792694,-5.3792696,-4.9792695,-4.279269,-3.5792694
4.720731,4.220731,4.220731,4.1207304,3.5207305,2.5207305,2.7207305,2.8207307,3.1207306,2.7207305,2.2207305,1.5207306,2.2207305,3.7207305,3.7207305,4.220731,5.1207304,6.0207305,6.1207304,6.5207305,6.1207304,6.1207304,6.0207305,5.9207306,5.4207306,6.0207305,5.6207304,5.220731,4.8207307,4.8207307,5.6207304,5.8207307,6.9207306,6.4207306,6.5207305,5.9207306,7.220731,7.0207305,7.6207304,7.4207306,7.3207307,6.6207304,6.1207304,6.4207306,4.720731,6.220731,7.1207304,5.0207305,4.3207307,-6.0792694,-7.9792695,-7.4792695,-6.8792696,-6.279269,-5.779269,-4.9792695,-4.4792695,-3.6792693
2.7207305,2.1207306,1.0207306,1.0207306,0.7207306,0.3207306,0.5207306,0.22073059,-0.37926942,-1.1792694,-1.5792694,-0.67926943,-0.2792694,0.6207306,1.2207305,1.8207306,2.0207305,3.1207306,3.6207306,3.4207306,3.6207306,3.5207305,3.1207306,3.1207306,3.1207306,2.9207306,2.8207307,3.2207305,2.7207305,2.7207305,4.0207305,4.4207306,4.8207307,4.720731,4.6207304,5.4207306,5.5207305,7.220731,6.5207305,5.4207306,5.8207307,6.5207305,6.4207306,6.720731,5.720731,4.9207306,4.5207305,4.5207305,4.3207307,4.1207304,-5.9792695,-6.3792696,-7.4792695,-5.8792696,-4.9792695,-5.279269,-5.0792694,-4.779269
-0.1792694,-1.3792694,-1.8792694,-1.5792694,-2.3792694,-3.1792693,-3.0792694,-2.8792694,-3.4792695,-2.4792695,-1.1792694,-0.5792694,-0.9792694,-1.5792694,-0.8792694,-0.67926943,0.120730594,0.4207306,0.6207306,0.5207306,0.4207306,0.6207306,0.22073059,0.02073059,0.120730594,-0.07926941,0.6207306,0.7207306,0.7207306,0.02073059,0.6207306,1.4207306,1.9207306,2.5207305,3.1207306,4.1207304,3.9207306,3.3207307,3.3207307,2.7207305,2.5207305,3.3207307,3.3207307,3.2207305,2.6207306,2.1207306,1.9207306,1.8207306,1.3207306,-0.67926943,-5.1792693,-5.779269,-2.1792693,-8.67927,-6.3792696,-6.0792694,-5.6792693,-5.1792693
-3.4792695,-3.9792695,-4.4792695,-4.5792694,-5.3792696,-4.9792695,-4.279269,-4.3792696,-2.9792695,-2.1792693,-2.1792693,-2.9792695,-3.9792695,-3.2792695,-3.0792694,-2.8792694,-2.4792695,-2.1792693,-1.9792694,-2.4792695,-2.2792695,-2.1792693,-2.4792695,-2.8792694,-3.7792695,-1.7792695,-2.4792695,-2.9792695,-2.4792695,-0.9792694,-0.67926943,0.120730594,1.0207306,0.3207306,0.5207306,0.22073059,0.5207306,0.7207306,0.5207306,0.120730594,0.02073059,0.3207306,0.22073059,-0.2792694,-0.07926941,-0.47926942,-0.5792694,-1.8792694,-2.1792693,-3.6792693,-4.9792695,-4.279269,-6.3792696,-7.5792694,-7.1792693,-6.4792695,-6.0792694,-5.1792693
-6.279269,-5.5792694,-5.1792693,-5.6792693,-5.1792693,-3.6792693,-3.8792694,-4.5792694,-5.1792693,-4.4792695,-4.6792693,-5.1792693,-5.3792696,-5.5792694,-5.4792695,-5.0792694,-4.779269,-4.5792694,-4.8792696,-4.5792694,-4.3792696,-4.4792695,-4.3792696,-5.1792693,-5.1792693,-4.9792695,-3.2792695,-3.3792694,-3.8792694,-4.1792693,-3.5792694,-2.6792693,-1.3792694,-2.8792694,-1.5792694,-2.0792694,-1.1792694,-1.1792694,-1.5792694,-1.2792695,-1.5792694,-1.3792694,-2.1792693,-2.4792695,-2.8792694,-2.4792695,-2.8792694,-3.8792694,-3.9792695,-5.4792695,-5.779269,-6.9792695,-7.9792695,-7.5792694,-7.1792693,-6.4792695,-5.4792695,-3.2792695
-6.4792695,-5.5792694,-6.0792694,-6.3792696,-3.5792694,-3.1792693,-4.8792696,-4.6792693,-5.6792693,-5.8792696,-6.3792696,-6.5792694,-7.1792693,-7.1792693,-7.1792693,-6.5792694,-6.4792695,-6.6792693,-6.1792693,-6.1792693,-6.3792696,-5.9792695,-6.0792694,-4.779269,-4.6792693,-4.1792693,-5.4792695,-4.6792693,-4.779269,-4.3792696,-3.8792694,-4.4792695,-2.3792694,-3.0792694,-2.7792695,-3.1792693,-2.9792695,-2.3792694,-3.2792695,-3.8792694,-2.8792694,-2.7792695,-3.5792694,-4.5792694,-3.9792695,-3.2792695,-3.9792695,-4.6792693,-5.9792695,-6.0792694,-7.279269,-9.17927,-10.579269,-7.8792696,-6.5792694,-5.779269,-3.8792694,-2.8792694
-6.3792696,-5.5792694,-5.6792693,-5.9792695,-5.0792694,-5.3792696,-5.8792696,-5.3792696,-5.279269,-6.3792696,-6.279269,-5.6792693,-6.4792695,-7.6792693,-7.8792696,-8.079269,-7.5792694,-6.9792695,-7.1792693,-7.279269,-6.279269,-6.279269,-5.5792694,-5.6792693,-6.0792694,-6.6792693,-6.4792695,-5.4792695,-5.3792696,-4.9792695,-4.8792696,-4.279269,-4.4792695,-4.4792695,-4.279269,-4.279269,-4.3792696,-4.779269,-4.4792695,-4.4792695,-4.1792693,-4.5792694,-5.279269,-5.279269,-4.6792693,-3.9792695,-4.6792693,-5.8792696,-6.4792695,-7.279269,-7.779269,-7.0792694,-11.37927,1.4207306,-8.079269,-1.1792694,-3.7792695,-4.1792693
-6.8792696,-7.279269,-7.6792693,-7.3792696,-6.8792696,-5.779269,-5.6792693,-5.5792694,-4.9792695,-6.4792695,-6.5792694,-6.779269,-6.8792696,-7.779269,-7.779269,-8.479269,-8.67927,-8.37927,-8.17927,-8.279269,-7.6792693,-6.8792696,-5.9792695,-6.6792693,-6.5792694,-6.4792695,-7.0792694,-6.8792696,-6.1792693,-6.4792695,-5.279269,-4.8792696,-4.9792695,-5.6792693,-5.1792693,-4.9792695,-5.279269,-5.6792693,-6.0792694,-5.4792695,-5.6792693,-6.3792696,-5.9792695,-5.9792695,-5.9792695,-6.1792693,-6.3792696,-6.5792694,-7.4792695,-7.8792696,-7.0792694,-8.079269,-3.0792694,-8.279269,-4.0792694,-4.4792695,-5.1792693,-4.6792693
-7.3792696,-7.5792694,-7.8792696,-8.37927,-7.5792694,-6.0792694,-6.0792694,-5.9792695,-5.4792695,-6.5792694,-6.9792695,-7.279269,-6.8792696,-7.9792695,-7.9792695,-8.17927,-8.17927,-8.479269,-8.87927,-7.9792695,-7.9792695,-7.6792693,-7.279269,-6.3792696,-6.3792696,-6.5792694,-7.3792696,-6.6792693,-7.779269,-7.4792695,-5.6792693,-5.3792696,-5.9792695,-5.9792695,-5.9792695,-5.0792694,-6.1792693,-6.3792696,-6.8792696,-7.0792694,-7.0792694,-6.5792694,-6.9792695,-6.8792696,-7.0792694,-7.779269,-7.3792696,-7.9792695,-8.279269,-6.6792693,-6.6792693,-4.5792694,-6.3792696,-3.9792695,-7.6792693,-6.279269,-3.7792695,-2.1792693
-5.6792693,-7.3792696,-8.17927,-7.9792695,-7.5792694,-7.279269,-6.3792696,-6.0792694,-6.9792695,-7.6792693,-7.8792696,-7.279269,-7.5792694,-7.6792693,-7.779269,-7.6792693,-6.9792695,-7.4792695,-6.1792693,-7.3792696,-5.6792693,-6.5792694,-7.0792694,-6.779269,-6.279269,-6.6792693,-6.9792695,-7.279269,-8.279269,-8.079269,-5.8792696,-6.4792695,-5.9792695,-6.279269,-6.1792693,-5.9792695,-6.8792696,-6.8792696,-7.1792693,-8.279269,-7.3792696,-7.8792696,-7.5792694,-8.579269,-8.779269,-8.87927,-8.579269,-8.67927,-7.6792693,-7.0792694,-5.6792693,-7.1792693,-4.4792695,-6.779269,-6.0792694,-4.4792695,-2.5792694,-0.9792694
-6.779269,-7.779269,-8.079269,-7.5792694,-7.4792695,-7.5792694,-7.5792694,-7.779269,-7.8792696,-8.479269,-8.779269,-8.67927,-8.17927,-7.1792693,-7.1792693,-7.5792694,-7.3792696,-6.0792694,-5.6792693,-6.0792694,-5.9792695,-5.779269,-6.0792694,-6.0792694,-6.5792694,-6.779269,-6.279269,-6.4792695,-6.8792696,-6.8792696,-3.6792693,-9.279269,-6.779269,-7.1792693,-7.0792694,-6.8792696,-7.279269,-7.6792693,-7.9792695,-8.479269,-8.17927,-7.9792695,-8.67927,-9.079269,-8.87927,-9.17927,-8.87927,-7.5792694,-6.1792693,-6.3792696,-6.779269,-6.779269,-7.279269,-6.1792693,-5.279269,-1.1792694,-2.5792694,0.7207306
-7.1792693,-7.5792694,-8.37927,-7.5792694,-8.079269,-8.37927,-8.079269,-8.37927,-8.87927,-9.67927,-9.17927,-9.079269,-8.779269,-7.8792696,-7.5792694,-7.6792693,-7.5792694,-5.6792693,-6.779269,-6.9792695,-6.9792695,-6.4792695,-6.779269,-5.8792696,-7.0792694,-6.6792693,-6.4792695,-5.779269,-4.8792696,-7.3792696,-7.6792693,-8.17927,-5.279269,-6.3792696,-7.1792693,-7.1792693,-6.8792696,-7.3792696,-7.279269,-7.8792696,-8.67927,-8.779269,-9.17927,-9.67927,-9.279269,-8.779269,-8.37927,-7.279269,-7.1792693,-7.0792694,-6.779269,-7.3792696,-6.779269,-5.6792693,-4.0792694,-2.8792694,-2.6792693,-2.2792695
-7.3792696,-7.779269,-7.1792693,-7.9792695,-6.8792696,-7.1792693,-7.5792694,-7.9792695,-9.779269,-9.579269,-9.779269,-9.579269,-8.079269,-7.9792695,-6.3792696,-5.4792695,-7.5792694,-7.0792694,-6.6792693,-7.0792694,-7.1792693,-6.1792693,-6.779269,-6.4792695,-5.5792694,-6.0792694,-6.279269,-5.5792694,-6.279269,-7.0792694,-6.779269,-7.6792693,-6.9792695,-7.3792696,-7.0792694,-6.4792695,-6.5792694,-7.1792693,-7.6792693,-7.8792696,-8.579269,-9.479269,-9.87927,-9.67927,-8.87927,-8.67927,-8.37927,-8.37927,-7.8792696,-7.0792694,-6.9792695,-7.4792695,-6.279269,-4.279269,-3.1792693,-4.0792694,-2.5792694,-1.7792695
-7.779269,-6.5792694,-6.779269,-7.8792696,-7.5792694,-7.1792693,-6.9792695,-8.67927,-10.37927,-9.979269,-10.17927,-9.079269,-7.8792696,-7.8792696,-7.3792696,-5.9792695,-5.5792694,-5.8792696,-6.9792695,-6.5792694,-6.8792696,-5.9792695,-4.9792695,-5.8792696,-6.0792694,-5.5792694,-6.9792695,-5.0792694,-6.6792693,-7.4792695,-7.3792696,-5.8792696,-6.6792693,-6.1792693,-6.5792694,-6.779269,-6.279269,-6.4792695,-7.5792694,-7.3792696,-8.279269,-8.87927,-8.779269,-8.579269,-8.87927,-9.079269,-8.979269,-7.8792696,-7.0792694,-6.9792695,-6.9792695,-5.779269,-2.9792695,1.9207306,-3.8792694,-1.8792694,1.4207306,4.720731
-7.9792695,-6.3792696,-6.4792695,-8.17927,-8.279269,-7.6792693,-7.279269,-7.5792694,-8.079269,-10.17927,-8.87927,-8.079269,-7.1792693,-7.0792694,-6.779269,-6.5792694,-6.0792694,-6.279269,-7.279269,-6.9792695,-6.4792695,-6.9792695,-5.8792696,-6.8792696,-6.279269,-7.3792696,-6.279269,-5.9792695,-6.5792694,-7.6792693,-7.1792693,-5.8792696,-6.0792694,-6.3792696,-6.779269,-6.4792695,-6.1792693,-6.0792694,-6.5792694,-6.779269,-7.779269,-8.279269,-7.779269,-8.279269,-8.67927,-9.079269,-7.9792695,-6.9792695,-6.8792696,-7.0792694,-6.8792696,-3.8792694,-0.67926943,3.9207306,7.720731,2.7207305,2.4207306,2.9207306
-2.9792695,-5.9792695,-6.3792696,-8.279269,-9.579269,-8.17927,-7.5792694,-6.9792695,-9.079269,-8.67927,-7.5792694,-7.8792696,-7.4792695,-6.779269,-6.9792695,-6.5792694,-6.279269,-5.279269,-5.1792693,-6.8792696,-6.779269,-6.3792696,-6.279269,-7.0792694,-6.279269,-8.17927,-7.6792693,-6.1792693,-7.279269,-6.6792693,-6.3792696,-5.9792695,-5.8792696,-6.279269,-6.5792694,-6.279269,-5.8792696,-5.279269,-5.3792696,-6.0792694,-6.9792695,-6.9792695,-7.0792694,-7.6792693,-8.779269,-7.6792693,-7.279269,-6.279269,-7.0792694,-7.1792693,-5.3792696,-2.5792694,-0.1792694,2.9207306,3.9207306,6.4207306,2.5207305,1.9207306
-5.9792695,-3.7792695,-2.5792694,-5.3792696,-7.279269,-7.8792696,-7.279269,-7.1792693,-9.579269,-6.8792696,-6.4792695,-7.5792694,-7.0792694,-6.9792695,-6.9792695,-6.0792694,-5.5792694,-5.3792696,-4.0792694,-1.8792694,-4.1792693,-3.4792695,-6.5792694,-5.779269,-6.4792695,-5.6792693,-6.3792696,-5.9792695,-5.6792693,-5.9792695,-5.779269,-5.3792696,-5.4792695,-5.3792696,-5.279269,-5.4792695,-5.6792693,-5.4792695,-5.1792693,-5.5792694,-5.9792695,-6.3792696,-7.0792694,-7.5792694,-7.4792695,-6.779269,-5.5792694,-6.279269,-6.1792693,-4.9792695,-3.1792693,-1.5792694,1.2207305,2.9207306,6.0207305,4.8207307,0.02073059,1.6207306
-7.3792696,-6.779269,-5.779269,-7.0792694,-8.079269,-7.779269,-6.279269,-5.9792695,-3.5792694,-3.9792695,-4.6792693,-7.279269,-7.4792695,-7.4792695,-6.5792694,-6.5792694,-6.8792696,-5.3792696,-4.779269,-4.0792694,-2.2792695,-1.8792694,-2.4792695,-4.4792695,-5.3792696,-6.3792696,-6.4792695,-5.779269,-5.279269,-4.5792694,-5.4792695,-4.779269,-4.5792694,-4.1792693,-4.4792695,-4.779269,-4.6792693,-5.279269,-4.8792696,-4.6792693,-4.5792694,-4.779269,-5.8792696,-6.9792695,-7.4792695,-1.6792694,-4.3792696,-4.1792693,-3.8792694,-2.1792693,-1.6792694,0.4207306,3.2207305,5.3207307,6.0207305,0.5207306,-0.5792694,0.9207306
-7.4792695,-7.779269,-7.4792695,-6.5792694,-7.6792693,-7.1792693,-5.779269,-4.8792696,-1.9792694,-5.279269,-7.0792694,-7.1792693,-7.279269,-7.6792693,-6.9792695,-6.4792695,-6.5792694,-5.779269,-5.279269,-4.279269,-3.4792695,-3.1792693,-3.2792695,-2.3792694,-3.8792694,-5.279269,-5.5792694,-4.9792695,-4.279269,-4.8792696,-4.9792695,-4.779269,-4.9792695,-3.7792695,-3.7792695,-3.4792695,-3.6792693,-4.0792694,-4.4792695,-3.7792695,-3.7792695,-3.2792695,-3.8792694,-4.1792693,-0.47926942,-5.1792693,-2.3792694,-2.4792695,-1.0792694,0.4207306,1.2207305,2.9207306,5.720731,6.0207305,8.32073,-1.0792694,-1.9792694,-4.1792693
