nws-json/uv_20190820_06.f000.json
{"header": { "discipline":0, "disciplineName":"Meteorological products", "gribEdition":2, "gribLength":55508, "center":7, "centerName":"US National Weather Service - NCEP(WMC)", "subcenter":0, "refTime":"2019-08-20T06:00:00.000Z", "significanceOfRT":1, "significanceOfRTName":"Start of forecast", "productStatus":0, "productStatusName":"Operational products", "productType":1, "productTypeName":"Forecast products", "productDefinitionTemplate":0, "productDefinitionTemplateName":"Analysis/forecast at horizontal level/layer at a point in time", "parameterCategory":2, "parameterCategoryName":"Momentum", "parameterNumber":3, "parameterNumberName":"V-component_of_wind", "parameterUnit":"m.s-1", "genProcessType":2, "genProcessTypeName":"Forecast", "forecastTime":0, "surface1Type":220, "surface1TypeName":"Planetary Boundary Layer", "surface1Value":0.0, "surface2Type":255, "surface2TypeName":"Missing", "surface2Value":0.0, "gridDefinitionTemplate":0, "gridDefinitionTemplateName":"Latitude_Longitude", "numberPoints":65160, "shape":6, "shapeName":"Earth spherical with radius of 6,371,229.0 m", "gridUnits":"degrees", "resolution":48, "winds":"true", "scanMode":0, "nx":360, "ny":181, "basicAngle":0, "lo1":0.0, "la1":90.0, "lo2":359.0, "la2":-90.0, "dx":1.0, "dy":1.0 }, "data":
[rows 78 to 103 of 181, columns 0 to 58 of 360]
5.1144624,6.1144624,7.7144623,6.414462,7.2144623,9.314463,9.214462,9.214462,5.814462,6.6144624,3.3144622,4.0144625,4.6144624,5.914462,6.5144625,3.9144623,-0.88553774,2.5144622,3.4144623,-0.18553773,0.91446227,1.3144623,1.3144623,-0.9855377,-0.88553774,-0.58553773,1.5144622,0.91446227,1.9144623,2.7144623,2.6144624,-0.28553772,-3.1855378,0.11446228,-0.3855377,1.1144623,0.91446227,-0.08553772,-0.28553772,-0.18553773,3.1144624,-6.8855376,0.91446227,-0.9855377,5.0144625,3.6144624,7.0144625,12.514462,5.814462,0.01446228,2.3144622,0.11446228,15.814463,16.514462,11.814463,12.214462,12.214462,11.814463,10.614462
4.2144623,4.1144624,6.414462,7.0144625,6.314462,6.314462,6.7144623,7.314462,8.714462,7.314462,3.4144623,4.5144625,6.6144624,5.5144625,2.4144623,6.6144624,5.414462,6.0144625,1.7144623,0.91446227,1.3144623,1.0144622,0.41446227,0.21446228,-0.18553773,1.2144623,0.91446227,0.91446227,0.31446227,1.0144622,0.61446226,0.11446228,0.91446227,0.8144623,0.8144623,1.7144623,0.7144623,-1.8855377,-0.6855377,-2.5855377,0.11446228,3.8144622,1.4144623,7.814462,3.0144622,12.614462,1.8144623,15.514462,5.2144623,3.0144622,3.8144622,6.814462,17.014462,17.214462,15.014462,12.814463,11.314463,10.914462,10.014462
7.0144625,6.0144625,6.0144625,7.7144623,6.0144625,4.5144625,3.3144622,3.9144623,6.7144623,4.314462,4.2144623,7.814462,3.4144623,5.0144625,6.7144623,7.914462,4.414462,3.1144624,0.5144623,1.0144622,0.91446227,-0.3855377,-0.3855377,-0.3855377,0.91446227,1.5144622,1.4144623,0.01446228,-0.08553772,0.21446228,0.31446227,0.31446227,0.01446228,0.5144623,0.5144623,1.2144623,1.0144622,-1.1855377,-0.08553772,-0.18553773,0.31446227,4.7144623,2.9144623,3.8144622,6.7144623,6.2144623,15.014462,9.014462,7.814462,7.914462,7.0144625,9.614462,15.814463,15.214462,13.514462,11.914462,11.714462,10.614462,9.914462
7.314462,1.8144623,5.1144624,7.0144625,6.5144625,3.0144622,1.8144623,1.0144622,1.0144622,0.11446228,5.0144625,4.7144623,1.9144623,1.6144623,0.01446228,-0.18553773,-2.5855377,-2.4855378,0.01446228,1.7144623,2.0144622,1.8144623,1.8144623,1.0144622,1.2144623,0.01446228,0.41446227,0.7144623,-0.3855377,-0.28553772,0.41446227,0.7144623,-0.18553773,-0.88553774,-0.7855377,0.41446227,0.31446227,0.5144623,-0.08553772,0.11446228,0.8144623,0.91446227,2.7144623,6.414462,8.914462,8.214462,10.414462,8.114462,6.914462,8.014462,8.014462,14.614462,14.614462,13.514462,12.014462,12.414462,11.414462,10.814463,9.714462
6.914462,1.6144623,7.0144625,5.414462,5.414462,6.5144625,5.2144623,0.11446228,0.01446228,2.0144622,4.2144623,0.5144623,0.7144623,0.5144623,0.8144623,-0.88553774,-4.085538,-1.2855377,0.7144623,0.91446227,0.8144623,1.2144623,2.1144624,0.7144623,-0.7855377,0.21446228,-0.9855377,0.01446228,0.61446226,0.11446228,-0.28553772,-1.0855377,-2.1855378,-0.4855377,0.11446228,0.01446228,0.5144623,-0.28553772,-0.3855377,3.5144622,0.01446228,-0.9855377,7.914462,7.7144623,8.614462,8.014462,9.214462,8.914462,10.114462,11.614462,10.714462,13.014462,12.614462,10.914462,10.914462,11.314463,10.114462,9.614462,8.714462
3.7144623,4.414462,5.314462,2.1144624,2.4144623,2.4144623,2.6144624,2.2144623,2.6144624,3.8144622,0.8144623,0.21446228,-1.1855377,-0.18553773,0.01446228,1.2144623,-0.18553773,0.5144623,2.0144622,1.3144623,1.4144623,0.8144623,-0.08553772,-0.7855377,-0.6855377,-0.08553772,-0.08553772,-1.3855377,-0.3855377,-0.58553773,-0.88553774,-1.1855377,1.7144623,-0.08553772,-1.1855377,0.5144623,-0.6855377,-0.08553772,3.1144624,-0.28553772,-1.9855378,6.7144623,10.414462,9.314463,9.914462,9.914462,9.114462,8.814463,8.314463,8.914462,11.914462,12.114462,11.514462,10.614462,10.714462,10.014462,9.814463,9.014462,8.514462
4.1144624,5.314462,6.0144625,6.814462,6.7144623,4.314462,3.0144622,1.7144623,1.3144623,-0.3855377,1.4144623,0.21446228,2.4144623,2.6144624,2.1144624,0.01446228,1.4144623,1.9144623,1.6144623,-0.58553773,-0.18553773,-0.7855377,-0.88553774,-0.18553773,-1.4855378,-1.6855377,-2.9855378,-2.6855378,-1.8855377,-0.4855377,-1.2855377,-0.7855377,-1.4855378,-1.6855377,2.7144623,4.2144623,0.11446228,3.5144622,5.814462,2.7144623,4.6144624,7.5144625,13.314463,11.514462,8.614462,9.014462,10.814463,10.714462,10.614462,11.614462,12.514462,12.014462,11.614462,11.014462,10.914462,10.614462,9.214462,8.314463,6.7144623
4.2144623,6.314462,6.5144625,6.914462,5.814462,5.7144623,6.1144624,5.814462,5.5144625,1.2144623,-0.7855377,1.2144623,2.5144622,2.7144623,0.01446228,0.91446227,0.21446228,0.01446228,-0.18553773,0.41446227,-0.28553772,-0.88553774,-0.18553773,0.11446228,-0.28553772,-0.7855377,-2.1855378,-2.5855377,-1.9855378,-0.7855377,-0.58553773,-1.0855377,-0.58553773,-0.18553773,5.2144623,1.8144623,4.1144624,2.3144622,2.3144622,4.814462,8.114462,11.314463,10.114462,11.314463,11.814463,11.014462,12.314463,12.214462,12.414462,13.014462,12.114462,11.514462,10.714462,10.114462,9.214462,8.314463,7.414462,5.7144623,4.814462
6.914462,6.2144623,8.914462,7.5144625,7.914462,7.0144625,6.414462,6.2144623,6.5144625,0.11446228,1.2144623,3.0144622,2.6144624,1.6144623,0.5144623,0.31446227,0.01446228,0.5144623,0.11446228,-0.3855377,-0.08553772,0.7144623,0.21446228,-0.9855377,-0.58553773,-0.08553772,1.3144623,0.21446228,0.01446228,-0.9855377,-0.4855377,-1.0855377,-0.18553773,-0.88553774,0.01446228,3.9144623,2.9144623,2.9144623,9.014462,10.414462,9.214462,9.714462,9.514462,10.914462,11.514462,12.614462,12.414462,12.014462,10.514462,10.514462,11.114462,9.614462,8.414462,8.214462,7.0144625,6.414462,5.2144623,4.0144625,3.1144624
8.314463,8.614462,6.814462,6.1144624,6.314462,6.6144624,6.7144623,6.414462,5.6144624,5.7144623,5.6144624,0.61446226,1.6144623,-0.4855377,-0.58553773,-1.6855377,-1.4855378,-0.4855377,-0.28553772,-0.18553773,-0.28553772,-2.3855376,-3.9855378,-2.6855378,-0.18553773,1.2144623,1.6144623,1.0144622,0.01446228,0.31446227,0.11446228,-1.0855377,-1.7855377,-0.88553774,-1.4855378,-0.7855377,1.3144623,10.814463,8.914462,10.214462,9.614462,9.614462,11.214462,10.714462,8.714462,10.314463,10.314463,8.614462,9.114462,8.214462,7.1144624,5.5144625,5.414462,5.914462,4.314462,3.9144623,2.8144622,2.8144622,1.6144623
6.2144623,6.414462,6.1144624,6.1144624,6.2144623,6.5144625,6.6144624,6.7144623,6.414462,7.5144625,3.0144622,0.31446227,-0.58553773,-1.0855377,-0.88553774,-0.4855377,-2.1855378,-0.4855377,-0.7855377,-0.4855377,-1.2855377,0.41446227,-0.28553772,-1.8855377,-4.4855375,0.5144623,1.6144623,-0.6855377,0.61446226,-0.3855377,0.41446227,0.31446227,-2.2855377,-2.1855378,0.61446226,-0.4855377,0.5144623,0.11446228,6.414462,12.614462,9.814463,10.114462,10.214462,9.314463,8.214462,9.114462,8.514462,8.114462,7.2144623,6.0144625,4.414462,4.7144623,3.1144624,3.5144622,2.8144622,2.0144622,2.2144623,1.7144623,-1.0855377
5.1144624,6.2144623,4.914462,5.2144623,5.314462,5.6144624,6.914462,4.814462,8.114462,8.014462,2.8144622,0.01446228,0.8144623,1.9144623,1.9144623,1.3144623,1.8144623,-0.3855377,-1.5855377,-1.6855377,-2.2855377,-2.7855377,-2.8855376,-4.3855376,-5.7855377,-3.6855378,-1.5855377,-2.0855377,-1.4855378,-0.28553772,-0.28553772,-1.4855378,-1.3855377,-3.2855377,-3.8855376,-2.7855377,2.1144624,2.0144622,4.814462,14.014462,11.014462,10.314463,9.114462,8.214462,9.014462,8.814463,8.414462,7.814462,6.814462,5.314462,4.6144624,3.7144623,1.3144623,0.91446227,0.7144623,0.7144623,1.0144622,0.01446228,-0.58553773
5.1144624,4.914462,4.914462,4.414462,4.5144625,5.6144624,5.5144625,6.1144624,7.0144625,7.5144625,4.0144625,0.91446227,1.8144623,0.5144623,0.61446226,1.2144623,-0.28553772,-0.18553773,-0.4855377,-2.4855378,-2.7855377,-3.6855378,-2.6855378,-4.2855377,-4.9855375,-9.185537,-5.685538,-5.085538,-1.7855377,-0.18553773,1.6144623,-0.3855377,-0.88553774,-4.685538,-2.5855377,-2.1855378,3.8144622,3.4144623,5.414462,12.214462,11.514462,10.114462,9.014462,9.414462,9.414462,9.014462,8.514462,9.014462,7.7144623,7.0144625,4.5144625,3.9144623,2.1144624,1.4144623,3.4144623,1.8144623,-0.08553772,-0.18553773,-0.4855377
4.7144623,4.6144624,5.2144623,4.914462,4.814462,4.6144624,5.414462,5.814462,5.6144624,4.6144624,3.0144622,0.11446228,-0.28553772,0.7144623,-0.4855377,-1.2855377,-3.2855377,-4.8855376,-4.2855377,-1.2855377,-2.4855378,-2.3855376,-4.085538,-2.9855378,-3.4855378,-6.7855377,-0.9855377,-0.18553773,-0.4855377,0.31446227,0.61446226,3.4144623,1.9144623,3.4144623,2.5144622,-0.9855377,2.1144624,1.8144623,8.414462,11.414462,11.014462,9.814463,10.414462,9.814463,9.814463,11.014462,10.014462,9.614462,8.514462,8.014462,6.814462,6.0144625,3.0144622,3.0144622,1.4144623,1.6144623,1.5144622,0.91446227,1.9144623
5.2144623,5.6144624,4.314462,4.314462,3.9144623,3.9144623,4.2144623,4.2144623,4.2144623,4.2144623,1.4144623,0.7144623,0.21446228,0.61446226,1.3144623,1.6144623,1.7144623,-4.685538,-3.3855376,-5.085538,-4.085538,-2.4855378,-2.4855378,-2.2855377,-4.085538,-5.185538,-6.3855376,-2.3855376,-0.7855377,1.7144623,1.1144623,2.1144624,7.0144625,3.6144624,0.7144623,0.7144623,2.2144623,6.1144624,2.9144623,10.914462,9.414462,8.914462,9.814463,9.614462,10.614462,11.814463,11.814463,11.014462,10.814463,9.914462,8.214462,6.914462,6.1144624,4.814462,2.5144622,1.5144622,-0.4855377,0.01446228,1.2144623
5.314462,5.1144624,5.314462,5.1144624,4.814462,3.8144622,3.5144622,3.3144622,2.3144622,2.0144622,-0.28553772,-0.4855377,-0.88553774,-0.58553773,-0.28553772,1.8144623,1.9144623,2.1144624,-0.28553772,-0.88553774,-2.1855378,-1.3855377,-1.1855377,-0.58553773,0.8144623,-0.28553772,-0.3855377,-0.58553773,-0.28553772,-0.18553773,6.814462,6.414462,5.5144625,5.0144625,2.9144623,1.0144622,7.314462,9.514462,5.814462,10.314463,9.114462,9.114462,9.014462,10.114462,10.514462,11.714462,11.214462,11.114462,10.814463,12.914462,10.414462,9.214462,9.714462,6.6144624,4.1144624,2.8144622,3.3144622,0.5144623,0.21446228
5.1144624,4.914462,4.914462,4.6144624,4.814462,4.1144624,3.7144623,2.6144624,2.1144624,1.9144623,2.0144622,-0.9855377,-0.58553773,-2.8855376,-0.88553774,-0.88553774,2.9144623,1.3144623,0.8144623,0.31446227,-0.9855377,0.11446228,2.0144622,1.6144623,3.4144623,2.9144623,1.6144623,0.91446227,-0.58553773,1.5144622,3.3144622,4.914462,3.5144622,2.8144622,1.2144623,0.5144623,2.8144622,4.314462,1.8144623,9.414462,9.114462,8.914462,9.114462,9.714462,10.714462,12.614462,12.114462,12.314463,10.714462,12.314463,8.814463,10.414462,10.114462,5.814462,4.2144623,2.3144622,1.3144623,0.11446228,2.1144624
7.2144623,6.1144624,5.1144624,4.7144623,4.414462,4.1144624,3.1144624,2.3144622,1.3144623,1.7144623,0.7144623,1.4144623,-0.08553772,-0.18553773,0.7144623,1.6144623,0.91446227,3.0144622,2.6144624,-0.28553772,0.91446227,2.3144622,4.7144623,4.314462,3.0144622,5.814462,7.814462,7.414462,2.4144623,0.11446228,1.5144622,2.9144623,2.9144623,2.6144624,3.5144622,2.1144624,-0.08553772,4.0144625,6.914462,6.914462,8.414462,8.014462,8.614462,8.614462,10.514462,12.014462,12.314463,12.014462,10.114462,11.914462,9.014462,11.714462,8.214462,6.7144623,4.1144624,3.2144623,1.9144623,3.1144624,2.8144622
6.414462,6.414462,6.314462,5.1144624,4.314462,3.9144623,3.1144624,2.4144623,2.2144623,2.3144622,1.4144623,0.41446227,0.5144623,-0.7855377,1.3144623,2.1144624,2.5144622,2.3144622,3.9144623,2.0144622,4.814462,7.2144623,5.814462,6.7144623,5.5144625,5.5144625,8.214462,6.814462,3.5144622,4.314462,2.5144622,2.0144622,4.2144623,3.1144624,4.5144625,0.01446228,1.5144622,2.6144624,4.5144625,5.914462,7.7144623,7.414462,7.814462,8.514462,10.214462,11.314463,11.714462,12.114462,10.814463,11.514462,11.514462,9.414462,11.414462,8.114462,4.0144625,2.3144622,0.8144623,1.4144623,2.1144624
7.1144624,6.6144624,5.814462,5.414462,4.914462,4.2144623,3.2144623,1.9144623,1.4144623,1.4144623,1.0144622,0.61446226,0.7144623,1.0144622,1.8144623,1.1144623,2.1144624,-0.18553773,-1.5855377,7.414462,3.6144624,4.814462,5.0144625,4.6144624,4.1144624,6.5144625,4.5144625,6.814462,7.5144625,0.41446227,3.9144623,2.8144622,3.1144624,3.1144624,3.0144622,2.4144623,2.0144622,4.2144623,3.9144623,6.314462,7.6144624,6.814462,7.5144625,7.2144623,8.614462,11.914462,12.114462,12.014462,11.114462,12.114462,13.014462,14.814463,10.614462,8.814463,5.814462,2.6144624,0.5144623,1.1144623,1.0144622
6.814462,6.2144623,5.6144624,5.7144623,5.314462,4.5144625,3.5144622,3.0144622,3.2144623,3.1144624,2.8144622,3.9144623,2.7144623,3.0144622,0.7144623,2.4144623,4.6144624,2.7144623,0.91446227,8.114462,10.114462,7.2144623,6.814462,7.414462,5.914462,6.814462,3.0144622,2.8144622,9.514462,4.5144625,0.11446228,0.01446228,4.1144624,3.6144624,5.814462,3.3144622,3.4144623,-0.58553773,3.5144622,3.8144622,7.5144625,7.1144624,5.914462,6.5144625,7.414462,9.414462,11.514462,11.514462,11.214462,11.814463,14.314463,15.914462,13.414462,12.114462,9.514462,4.914462,2.1144624,3.6144624,2.9144623
7.0144625,6.314462,5.7144623,5.314462,5.1144624,4.7144623,4.414462,4.1144624,3.3144622,2.7144623,2.9144623,3.3144622,2.6144624,1.5144622,0.21446228,0.11446228,2.8144622,2.4144623,6.2144623,6.1144624,9.014462,7.2144623,5.7144623,5.7144623,6.414462,6.6144624,1.0144622,3.8144622,7.914462,4.2144623,5.414462,5.0144625,4.914462,0.61446226,2.6144624,4.0144625,0.5144623,0.31446227,2.9144623,5.0144625,8.014462,7.914462,6.2144623,5.914462,5.414462,6.2144623,11.614462,11.714462,12.214462,12.214462,13.314463,14.014462,14.114462,11.814463,10.314463,9.214462,8.014462,6.0144625,4.6144624
6.914462,7.2144623,7.0144625,6.2144623,5.814462,5.914462,5.7144623,5.314462,3.5144622,2.3144622,1.8144623,1.4144623,1.8144623,0.21446228,-1.8855377,0.7144623,5.814462,6.2144623,7.0144625,7.0144625,7.6144624,6.5144625,4.6144624,4.0144625,5.2144623,6.1144624,5.7144623,4.814462,5.914462,6.414462,5.0144625,3.1144624,2.6144624,2.2144623,0.61446226,1.4144623,1.4144623,1.7144623,4.0144625,2.5144622,6.414462,8.914462,9.514462,7.5144625,8.414462,6.414462,6.7144623,11.314463,11.014462,12.214462,12.314463,12.914462,13.814463,11.714462,11.514462,10.614462,9.114462,8.314463,8.014462
6.7144623,6.7144623,6.814462,6.6144624,6.314462,6.1144624,5.7144623,5.2144623,4.2144623,2.4144623,1.2144623,0.11446228,0.5144623,-0.4855377,-0.28553772,1.8144623,5.6144624,7.2144623,5.314462,5.7144623,6.414462,7.1144624,3.8144622,3.5144622,3.5144622,4.6144624,4.914462,4.414462,3.0144622,4.414462,4.2144623,3.8144622,6.7144623,3.4144623,-0.58553773,4.0144625,1.7144623,2.2144623,3.0144622,1.1144623,6.2144623,9.414462,10.514462,9.314463,8.814463,7.414462,6.7144623,6.6144624,10.814463,13.214462,13.514462,13.314463,13.314463,11.514462,10.714462,10.314463,9.914462,10.214462,9.714462
6.2144623,6.814462,7.5144625,7.6144624,7.314462,6.814462,6.6144624,5.6144624,4.414462,2.0144622,0.5144623,-1.1855377,-0.6855377,-1.4855378,-0.28553772,1.7144623,0.31446227,2.9144623,4.314462,3.4144623,5.7144623,5.414462,3.7144623,2.5144622,2.8144622,1.5144622,2.1144624,2.4144623,3.9144623,3.3144622,4.914462,4.2144623,2.2144623,3.6144624,5.0144625,0.31446227,2.6144624,3.0144622,3.3144622,4.0144625,5.314462,10.614462,9.614462,8.414462,7.6144624,7.1144624,6.2144623,3.1144624,6.5144625,10.614462,14.314463,12.914462,12.614462,11.114462,9.614462,9.414462,8.314463,8.214462,8.714462
6.6144624,7.0144625,7.5144625,7.814462,7.814462,7.2144623,6.6144624,5.414462,2.6144624,0.01446228,-2.3855376,-2.2855377,-1.2855377,-1.0855377,1.4144623,-1.7855377,-0.4855377,0.41446227,3.8144622,3.7144623,2.6144624,4.6144624,2.5144622,-0.88553774,-1.0855377,0.61446226,2.0144622,1.4144623,1.4144623,2.3144622,3.5144622,3.4144623,1.0144622,3.4144623,5.414462,1.4144623,2.6144624,2.9144623,6.1144624,7.0144625,7.1144624,10.714462,10.114462,8.314463,6.7144623,7.7144623,7.314462,0.11446228,-1.1855377,5.7144623,14.014462,11.714462,11.414462,11.614462,9.714462,8.814463,9.014462,8.114462,7.5144625
