nws-json/uv_20190820_18.f000.json
{"header": { "discipline":0, "disciplineName":"Meteorological products", "gribEdition":2, "gribLength":55102, "center":7, "centerName":"US National Weather Service - NCEP(WMC)", "subcenter":0, "refTime":"2019-08-20T18:00:00.000Z", "significanceOfRT":1, "significanceOfRTName":"Start of forecast", "productStatus":0, "productStatusName":"Operational products", "productType":1, "productTypeName":"Forecast products", "productDefinitionTemplate":0, "productDefinitionTemplateName":"Analysis/forecast at horizontal level/layer at a point in time", "parameterCategory":2, "parameterCategoryName":"Momentum", "parameterNumber":2, "parameterNumberName":"U-component_of_wind", "parameterUnit":"m.s-1", "genProcessType":2, "genProcessTypeName":"Forecast", "forecastTime":0, "surface1Type":220, "surface1TypeName":"Planetary Boundary Layer", "surface1Value":0.0, "surface2Type":255, "surface2TypeName":"Missing", "surface2Value":0.0, "gridDefinitionTemplate":0, "gridDefinitionTemplateName":"Latitude_Longitude", "numberPoints":65160, "shape":6, "shapeName":"Earth spherical with radius of 6,371,229.0 m", "gridUnits":"degrees", "resolution":48, "winds":"true", "scanMode":0, "nx":360, "ny":181, "basicAngle":0, "lo1":0.0, "la1":90.0, "lo2":359.0, "la2":-90.0, "dx":1.0, "dy":1.0 }, "data":
[rows 130 to 155 of 181, columns 59 to 117 of 360]
9.412622,9.412622,9.212622,9.112622,8.912622,10.412622,8.912622,8.012622,8.612622,9.212622,9.312622,9.212622,9.912622,10.112622,11.012622,11.612622,11.912622,12.012622,12.512622,13.112622,13.412622,13.812622,14.312622,13.912622,13.812622,13.712622,13.212622,13.212622,13.412622,12.912622,12.612622,10.812622,11.812622,13.012622,14.112622,14.312622,13.812622,16.212622,14.512622,11.212622,12.312622,11.412622,7.212622,8.712622,15.012622,12.212622,10.912622,10.412622,10.212622,9.812622,10.112622,9.312622,10.112622,10.512622,11.212622,10.712622,11.812622,11.112622,10.012622
10.812622,10.812622,10.712622,11.012622,10.512622,10.712622,11.612622,10.812622,10.812622,11.612622,11.212622,11.112622,11.612622,11.512622,12.112622,12.612622,12.912622,13.112622,13.312622,14.012622,14.712622,14.812622,15.612622,15.012622,14.812622,14.812622,14.212622,13.912622,14.212622,13.612622,12.212622,12.212622,12.312622,12.112622,13.612622,13.812622,15.312622,13.812622,17.112621,13.212622,12.612622,10.312622,12.212622,12.612622,7.6126223,14.112622,12.012622,12.012622,11.012622,11.512622,12.012622,12.412622,10.912622,11.312622,11.812622,12.112622,13.812622,12.812622,12.312622
11.212622,11.312622,11.512622,12.112622,12.712622,12.612622,13.012622,13.312622,13.612622,13.312622,13.112622,12.612622,13.412622,13.112622,13.312622,13.912622,14.312622,14.612622,14.612622,15.312622,15.712622,15.912622,15.912622,15.712622,15.412622,15.312622,15.112622,14.512622,15.612622,15.312622,15.012622,14.212622,14.112622,14.912622,14.512622,14.612622,12.812622,14.412622,16.412622,15.212622,13.512622,14.812622,12.112622,11.512622,13.312622,12.812622,13.112622,14.412622,15.712622,15.212622,14.912622,14.712622,12.912622,12.712622,13.512622,13.812622,14.712622,14.712622,14.712622
10.912622,11.412622,11.812622,13.012622,14.012622,14.412622,14.012622,14.212622,14.412622,14.312622,13.312622,14.112622,14.412622,14.912622,15.312622,15.912622,16.312622,16.612621,17.012623,17.512623,18.112621,17.812622,17.212622,17.812622,17.512623,16.912622,16.812622,17.812622,16.812622,16.312622,15.912622,16.012623,14.512622,16.412622,15.312622,15.412622,13.812622,13.512622,16.512623,15.112622,12.712622,13.112622,11.812622,9.312622,11.612622,12.412622,13.412622,13.612622,15.312622,17.112621,15.812622,15.812622,15.812622,14.312622,16.112621,16.412622,16.712622,16.612621,16.212622
10.212622,11.412622,12.412622,13.612622,13.212622,13.712622,14.012622,14.712622,14.212622,14.212622,14.312622,15.512622,15.812622,16.512623,17.112621,17.712622,17.912622,18.112621,19.012623,19.812622,19.912622,19.212622,18.812622,18.812622,18.312622,19.212622,19.812622,18.412622,19.112621,18.312622,17.312622,17.012623,16.912622,15.712622,16.012623,17.312622,17.312622,14.512622,15.712622,15.612622,13.412622,12.012622,13.012622,10.112622,10.312622,10.712622,13.812622,13.212622,15.712622,16.212622,16.512623,16.112621,16.412622,16.912622,16.912622,17.212622,16.812622,16.512623,16.212622
10.112622,10.912622,12.112622,12.512622,11.712622,11.712622,13.512622,14.012622,14.212622,14.612622,15.312622,16.312622,17.312622,18.112621,18.212622,18.812622,19.112621,19.712622,20.412622,20.612621,20.512623,19.912622,19.612621,19.812622,19.712622,19.712622,20.812622,22.312622,21.512623,20.112621,18.912622,18.812622,18.112621,17.212622,17.812622,18.112621,19.212622,17.412622,16.612621,15.312622,13.012622,11.712622,9.612622,11.312622,6.812622,7.1126223,7.212622,13.012622,14.112622,15.612622,16.812622,16.712622,15.812622,15.812622,15.812622,16.012623,15.112622,14.912622,14.312622
10.912622,12.412622,10.712622,10.412622,12.712622,13.412622,14.612622,15.412622,15.612622,16.512623,16.812622,17.112621,18.712622,19.112621,19.212622,19.312622,19.812622,20.112621,20.612621,20.712622,20.712622,20.712622,20.112621,20.612621,21.112621,20.112621,20.312622,21.412622,22.412622,21.412622,20.212622,19.112621,19.712622,19.112621,18.412622,20.312622,19.812622,20.112621,18.812622,15.812622,12.412622,11.212622,10.012622,6.312622,4.6126223,3.912622,0.21262208,-2.7873778,2.812622,11.412622,11.112622,10.112622,9.412622,5.1126223,-4.287378,-9.287378,-7.3873777,-4.087378,-0.18737793
11.512622,14.512622,12.512622,15.112622,15.712622,15.812622,16.012623,16.912622,17.312622,17.912622,18.412622,17.812622,19.312622,19.312622,19.512623,19.412622,20.212622,20.712622,21.212622,21.212622,21.312622,21.512623,21.912622,21.512623,21.612621,21.912622,22.112621,23.412622,21.812622,20.912622,20.412622,18.912622,19.312622,19.612621,20.612621,21.612621,20.412622,19.612621,19.212622,16.212622,17.012623,10.712622,6.012622,4.6126223,5.212622,3.312622,1.5126221,-3.687378,-5.087378,-7.8873777,-9.487378,-8.587378,-9.687378,-7.187378,-5.187378,-3.387378,-3.487378,-5.687378,-4.787378
12.312622,13.312622,16.112621,17.112621,17.312622,17.212622,17.012623,17.212622,18.012623,18.712622,19.112621,19.612621,19.912622,19.912622,20.512623,20.912622,21.512623,22.312622,21.512623,21.512623,21.812622,23.612621,23.112621,22.512623,19.612621,24.912622,22.912622,23.312622,23.012623,22.612621,20.112621,17.912622,18.912622,20.212622,21.912622,21.712622,20.212622,18.812622,18.312622,17.712622,15.012622,8.912622,4.712622,2.012622,1.612622,0.21262208,-1.1873779,-3.487378,-2.587378,-3.187378,-4.3873777,-5.087378,-6.487378,-7.187378,-8.187378,-8.287378,-6.3873777,-4.187378,-1.287378
12.912622,13.812622,16.112621,17.812622,18.612621,18.712622,18.512623,18.312622,18.512623,18.712622,22.412622,20.712622,21.112621,20.412622,21.812622,22.612621,22.612621,22.712622,22.712622,21.312622,21.412622,23.412622,19.712622,22.812622,23.512623,24.112621,22.412622,22.312622,21.812622,19.312622,17.412622,16.412622,16.612621,16.412622,16.212622,14.212622,21.812622,15.212622,15.612622,18.712622,14.712622,8.512622,5.412622,1.4126221,2.7126222,1.8126221,1.8126221,0.0126220705,-3.2873778,-5.3873777,-8.887378,-9.087378,-8.487378,-6.987378,-6.587378,-4.8873777,-3.687378,-1.287378,2.812622
12.712622,15.212622,16.212622,17.712622,18.712622,18.812622,19.212622,18.812622,19.112621,20.212622,20.412622,22.912622,22.012623,22.212622,23.112621,22.912622,23.712622,22.512623,23.112621,20.812622,20.612621,23.912622,25.312622,23.212622,22.112621,21.912622,20.912622,20.712622,20.112621,22.612621,13.912622,12.712622,13.712622,13.412622,10.512622,4.312622,4.512622,6.712622,11.512622,14.812622,12.812622,8.612622,7.012622,4.1126223,3.812622,2.412622,1.4126221,-0.5873779,-2.7873778,-3.887378,-4.487378,-3.987378,-3.487378,-3.387378,-2.7873778,-1.0873779,0.9126221,2.7126222,4.812622
13.012622,15.112622,14.812622,16.712622,17.612621,18.112621,18.312622,18.612621,19.312622,19.912622,21.012623,21.412622,21.412622,22.212622,23.412622,21.512623,22.512623,17.812622,20.212622,22.812622,24.412622,24.712622,24.112621,22.312622,21.512623,20.812622,19.812622,19.112621,18.112621,16.912622,9.912622,9.712622,10.912622,10.912622,9.812622,8.212622,4.6126223,4.912622,4.712622,9.012622,9.712622,7.412622,5.212622,3.7126222,1.9126221,1.712622,0.9126221,0.0126220705,-0.98737794,-1.0873779,-0.5873779,0.0126220705,0.0126220705,0.51262206,1.212622,1.712622,3.112622,5.812622,8.312622
12.112622,13.012622,13.912622,15.812622,15.212622,16.212622,16.212622,16.812622,17.812622,17.512623,19.112621,19.512623,20.512623,19.312622,20.112621,16.912622,19.312622,19.712622,22.212622,22.512623,23.312622,23.312622,22.812622,21.712622,20.712622,19.312622,18.612621,17.412622,14.012622,6.012622,7.512622,9.112622,10.712622,10.812622,10.012622,8.812622,7.812622,7.1126223,6.412622,6.712622,6.1126223,8.112622,6.1126223,3.7126222,3.012622,2.412622,1.112622,0.9126221,0.9126221,2.112622,2.2126222,2.412622,2.912622,4.712622,4.012622,4.312622,6.012622,8.012622,10.112622
9.912622,10.012622,11.212622,12.012622,13.512622,13.912622,14.312622,15.212622,15.612622,16.912622,17.512623,18.212622,17.412622,13.412622,14.112622,16.012623,18.012623,17.712622,18.912622,20.612621,22.312622,22.912622,21.112621,18.412622,14.512622,16.912622,17.312622,15.512622,5.312622,4.212622,6.1126223,9.912622,11.312622,11.312622,11.212622,11.012622,11.212622,9.612622,7.1126223,6.6126223,7.812622,7.912622,6.212622,5.6126223,3.912622,3.112622,2.7126222,0.8126221,2.412622,4.012622,4.412622,4.312622,5.1126223,5.712622,6.712622,6.6126223,8.812622,10.412622,11.612622
7.012622,7.6126223,8.812622,9.412622,10.512622,12.312622,13.312622,13.912622,14.212622,15.612622,16.012623,11.112622,11.612622,14.212622,15.312622,14.612622,14.312622,14.412622,14.812622,17.112621,13.312622,11.712622,11.212622,10.312622,13.012622,15.612622,14.712622,5.712622,1.612622,4.012622,8.012622,9.512622,10.312622,10.912622,11.212622,11.112622,11.612622,11.112622,9.812622,7.012622,7.712622,6.312622,7.6126223,7.012622,5.6126223,4.512622,3.812622,3.812622,5.512622,6.312622,6.712622,6.1126223,4.912622,6.412622,8.512622,9.412622,10.712622,11.912622,13.512622
3.412622,5.712622,7.1126223,8.312622,9.512622,11.012622,11.812622,11.712622,13.212622,9.012622,6.912622,10.212622,12.012622,12.512622,12.912622,12.012622,10.712622,9.312622,9.212622,5.412622,-0.18737793,7.712622,10.512622,11.312622,13.012622,10.112622,-1.4873779,0.0126220705,2.512622,6.312622,8.912622,9.912622,10.912622,11.712622,11.812622,12.112622,11.612622,12.812622,12.012622,11.012622,10.212622,10.612622,6.6126223,7.712622,8.812622,6.512622,6.712622,5.212622,6.212622,7.012622,8.912622,8.212622,4.812622,8.012622,9.412622,11.712622,13.312622,13.612622,15.212622
3.912622,6.312622,5.912622,6.6126223,8.612622,9.312622,10.512622,8.112622,1.212622,3.512622,8.412622,8.712622,9.812622,10.712622,10.212622,9.512622,7.712622,6.912622,4.812622,2.612622,-0.78737795,-2.687378,-1.6873779,-1.4873779,-1.9873779,-1.0873779,1.212622,4.6126223,7.912622,10.612622,12.312622,13.212622,13.712622,13.512622,13.412622,13.112622,13.012622,12.212622,13.512622,13.612622,12.012622,11.512622,9.512622,10.012622,7.512622,8.212622,6.512622,7.012622,7.412622,7.812622,9.412622,10.112622,8.312622,9.312622,12.612622,13.812622,14.912622,15.412622,16.812622
2.7126222,2.7126222,4.312622,6.212622,6.6126223,8.812622,0.11262207,-1.9873779,1.8126221,5.212622,5.6126223,5.812622,7.412622,7.212622,7.6126223,7.912622,7.412622,7.912622,7.212622,5.712622,4.312622,3.912622,5.012622,6.412622,8.012622,10.212622,12.912622,14.712622,15.112622,15.112622,15.112622,15.312622,15.512622,15.712622,15.812622,16.012623,16.712622,17.312622,16.812622,16.512623,15.112622,13.112622,11.412622,12.412622,8.512622,8.012622,6.212622,7.512622,7.912622,9.212622,11.212622,11.412622,11.112622,12.512622,14.612622,16.212622,17.112621,17.612621,18.212622
0.71262205,1.4126221,2.612622,3.912622,0.9126221,-2.887378,-2.387378,0.6126221,1.9126221,2.512622,3.812622,5.6126223,5.912622,5.912622,6.1126223,5.712622,7.412622,9.112622,9.312622,9.912622,9.212622,9.912622,10.112622,10.512622,10.912622,11.912622,12.812622,13.912622,14.312622,14.512622,14.912622,15.812622,16.312622,17.412622,18.712622,20.512623,22.112621,22.712622,21.912622,19.212622,17.412622,14.612622,13.112622,12.512622,7.712622,6.812622,6.712622,5.712622,9.012622,10.012622,11.812622,13.412622,14.212622,14.612622,16.812622,18.012623,18.912622,19.712622,20.612621
-0.78737795,-1.387378,-1.1873779,-3.087378,-3.587378,-2.087378,-0.38737792,-0.38737792,0.21262208,1.712622,3.612622,4.412622,5.212622,5.212622,2.912622,4.012622,8.012622,8.912622,9.512622,10.612622,10.912622,11.212622,11.912622,12.812622,13.312622,14.012622,14.612622,14.612622,14.112622,13.112622,12.712622,12.012622,13.012622,15.612622,18.612621,22.612621,22.012623,25.712622,24.012623,18.612621,14.812622,13.312622,11.912622,5.812622,4.012622,3.612622,2.912622,4.512622,5.912622,7.6126223,11.112622,13.912622,15.812622,17.312622,19.312622,19.112621,21.212622,22.512623,22.712622
-4.687378,-6.3873777,-4.787378,-4.587378,-2.7873778,-2.887378,-2.487378,-1.6873779,0.31262207,1.4126221,1.5126221,4.412622,4.412622,6.012622,6.012622,7.012622,8.312622,8.612622,9.512622,10.412622,11.212622,12.112622,12.712622,13.012622,13.412622,13.712622,14.112622,13.412622,11.812622,9.412622,8.412622,7.412622,8.012622,8.012622,5.012622,-0.6873779,-3.587378,-11.787378,-9.887378,-3.487378,1.712622,4.012622,-0.5873779,-4.587378,-3.587378,-3.487378,-1.387378,1.712622,5.812622,8.212622,11.712622,14.812622,17.012623,19.812622,21.812622,22.612621,23.412622,24.012623,24.112621
-8.987378,-7.687378,-6.587378,-5.587378,-4.487378,-2.387378,-1.387378,0.41262206,1.712622,2.612622,3.7126222,4.412622,4.812622,5.812622,7.212622,7.6126223,7.512622,8.312622,8.512622,9.812622,10.412622,11.112622,11.612622,11.312622,10.612622,9.012622,6.212622,4.012622,3.112622,1.8126221,1.712622,0.9126221,0.21262208,-1.0873779,-3.7873778,-8.087378,-16.287378,-21.287378,-20.487377,-19.387379,-18.087378,-18.487377,-15.287378,-11.187378,-6.587378,-3.687378,-3.087378,1.9126221,2.412622,7.212622,13.112622,16.912622,20.012623,21.812622,23.312622,23.712622,22.512623,21.312622,20.612621
-9.087378,-7.587378,-5.187378,-2.887378,-1.6873779,-0.38737792,0.8126221,2.112622,2.912622,4.012622,4.512622,4.812622,5.512622,7.212622,7.412622,7.6126223,7.212622,8.512622,8.912622,9.312622,9.512622,9.612622,8.312622,3.612622,-0.78737795,-2.987378,-4.487378,-5.287378,-4.487378,-3.2873778,-2.087378,-4.8873777,-3.187378,-5.987378,-6.687378,-9.087378,-11.287378,-12.787378,-14.387378,-14.587378,-13.987378,-12.687378,-10.287378,-7.8873777,-6.787378,-5.8873777,-2.7873778,0.71262205,3.612622,8.212622,12.812622,17.812622,21.512623,22.112621,20.312622,17.012623,14.612622,14.312622,12.112622
-6.487378,-3.487378,-2.187378,-1.5873779,-1.0873779,1.0126221,1.8126221,2.412622,3.612622,3.512622,4.1126223,4.812622,5.812622,6.512622,7.412622,6.912622,7.312622,8.012622,7.712622,7.212622,6.212622,4.212622,0.21262208,-2.7873778,-4.287378,-5.487378,-6.687378,-7.8873777,-9.587378,-10.687378,-10.987378,-10.687378,-11.387378,-11.287378,-11.787378,-11.987378,-12.187378,-12.887378,-12.387378,-12.287378,-11.687378,-10.387378,-10.287378,-8.387378,-5.987378,-4.687378,-2.687378,-0.6873779,2.112622,4.012622,2.012622,2.2126222,-0.6873779,0.9126221,3.7126222,4.312622,4.012622,5.212622,6.212622
-3.7873778,-3.2873778,-2.187378,-0.98737794,-0.08737793,0.51262206,0.21262208,-0.18737793,0.71262205,1.8126221,1.9126221,2.312622,2.612622,3.2126222,3.012622,3.912622,4.312622,3.912622,3.512622,1.612622,0.11262207,-1.387378,-3.387378,-4.587378,-6.587378,-7.187378,-8.887378,-9.787378,-11.687378,-12.687378,-12.787378,-12.887378,-12.787378,-12.687378,-14.487378,-15.187378,-15.487378,-15.387378,-15.387378,-15.087378,-14.487378,-14.287378,-13.387378,-12.087378,-9.987378,-7.087378,-4.187378,-2.7873778,-3.587378,-5.487378,-9.887378,-11.687378,-13.487378,-14.487378,-12.787378,-10.587378,-6.087378,-2.087378,-0.48737794
-5.287378,-5.587378,-5.587378,-5.687378,-5.587378,-5.587378,-5.287378,-4.3873777,-2.887378,-1.5873779,-0.08737793,0.8126221,1.3126221,1.4126221,1.5126221,2.112622,1.8126221,-0.48737794,-1.387378,-2.687378,-2.987378,-3.587378,-3.7873778,-7.187378,-8.787378,-10.287378,-11.387378,-13.187378,-14.887378,-15.387378,-15.287378,-16.087378,-16.387379,-16.487377,-16.687378,-16.387379,-17.887379,-18.287378,-17.887379,-17.587378,-16.987377,-17.887379,-17.687378,-16.887379,-16.387379,-15.587378,-14.887378,-13.287378,-12.387378,-10.287378,-12.887378,-19.887379,-21.087378,-20.187378,-17.587378,-14.187378,-12.287378,-11.387378,-11.287378
