nws-json/uv_20190820_06.f000.json
{"header": { "discipline":0, "disciplineName":"Meteorological products", "gribEdition":2, "gribLength":55508, "center":7, "centerName":"US National Weather Service - NCEP(WMC)", "subcenter":0, "refTime":"2019-08-20T06:00:00.000Z", "significanceOfRT":1, "significanceOfRTName":"Start of forecast", "productStatus":0, "productStatusName":"Operational products", "productType":1, "productTypeName":"Forecast products", "productDefinitionTemplate":0, "productDefinitionTemplateName":"Analysis/forecast at horizontal level/layer at a point in time", "parameterCategory":2, "parameterCategoryName":"Momentum", "parameterNumber":3, "parameterNumberName":"V-component_of_wind", "parameterUnit":"m.s-1", "genProcessType":2, "genProcessTypeName":"Forecast", "forecastTime":0, "surface1Type":220, "surface1TypeName":"Planetary Boundary Layer", "surface1Value":0.0, "surface2Type":255, "surface2TypeName":"Missing", "surface2Value":0.0, "gridDefinitionTemplate":0, "gridDefinitionTemplateName":"Latitude_Longitude", "numberPoints":65160, "shape":6, "shapeName":"Earth spherical with radius of 6,371,229.0 m", "gridUnits":"degrees", "resolution":48, "winds":"true", "scanMode":0, "nx":360, "ny":181, "basicAngle":0, "lo1":0.0, "la1":90.0, "lo2":359.0, "la2":-90.0, "dx":1.0, "dy":1.0 }, "data":
[rows 130 to 155 of 181, columns 295 to 353 of 360]
-4.685538,-2.5855377,-3.2855377,-3.8855376,-1.9855378,0.61446226,0.91446227,3.4144623,5.2144623,7.1144624,8.114462,8.114462,7.1144624,5.914462,5.7144623,6.2144623,6.914462,6.1144624,5.814462,4.814462,4.414462,2.6144624,3.0144622,3.1144624,3.2144623,3.3144622,3.2144623,2.5144622,2.0144622,1.9144623,1.6144623,2.4144623,2.5144622,2.8144622,4.2144623,5.814462,6.414462,8.514462,9.714462,11.614462,14.614462,17.814463,19.114462,15.314463,-9.985538,-12.685537,-12.485538,-11.285538,-13.785538,-11.885538,-8.485538,-25.685537,-25.785538,-24.885538,-24.385538,-22.885538,-20.485538,-18.485538,-17.485538
-3.3855376,-2.8855376,-2.5855377,-2.3855376,-2.3855376,-0.6855377,0.5144623,3.4144623,5.814462,7.5144625,8.314463,8.214462,7.5144625,6.6144624,6.314462,6.1144624,6.1144624,6.2144623,5.914462,5.314462,4.914462,4.6144624,4.2144623,4.0144625,3.0144622,2.5144622,2.7144623,2.5144622,2.1144624,0.8144623,1.4144623,1.1144623,1.1144623,1.5144622,1.7144623,2.7144623,4.0144625,6.7144623,8.414462,10.914462,14.314463,18.514462,21.714462,24.614462,-4.4855375,-9.585538,-13.085538,-12.285538,-13.485538,-14.885538,-11.585538,-13.685537,-25.485538,-25.985538,-25.885538,-24.985538,-23.585537,-21.585537,-19.485538
3.7144623,-2.1855378,-3.5855377,-3.7855377,-0.18553773,2.2144623,5.1144624,5.0144625,5.814462,7.7144623,8.614462,8.814463,8.014462,7.314462,7.314462,6.7144623,6.6144624,6.314462,6.1144624,6.0144625,5.7144623,5.414462,5.1144624,4.5144625,4.2144623,3.6144624,3.5144622,3.4144623,1.9144623,0.8144623,-0.58553773,-0.9855377,-0.7855377,-0.18553773,0.11446228,0.8144623,2.0144622,4.0144625,6.7144623,8.814463,11.614462,14.314463,16.714462,19.514462,21.014462,4.414462,-9.785538,-11.885538,-11.285538,-14.985538,-13.785538,-17.085537,-18.785538,-19.485538,-24.685537,-23.385538,-24.085537,-23.585537,-21.585537
2.1144624,4.314462,0.31446227,-1.4855378,1.0144622,2.3144622,3.3144622,5.914462,7.2144623,8.614462,9.014462,8.914462,8.314463,7.1144624,6.914462,7.2144623,6.7144623,7.0144625,6.2144623,5.414462,5.6144624,5.0144625,5.1144624,5.1144624,5.0144625,4.5144625,4.314462,4.1144624,4.0144625,2.7144623,0.41446227,-2.0855377,-3.8855376,-3.3855376,-2.8855376,-2.2855377,-1.3855377,0.5144623,3.4144623,6.2144623,8.014462,10.214462,11.814463,13.114462,15.614462,18.314463,11.514462,6.0144625,0.8144623,-0.4855377,-12.785538,-15.985538,-23.785538,-23.885538,-20.585537,-23.385538,-22.485538,-21.785538,-21.385538
2.6144624,2.8144622,2.2144623,1.8144623,2.7144623,3.8144622,4.814462,7.414462,8.214462,7.914462,8.514462,8.914462,9.214462,8.014462,6.914462,7.814462,7.1144624,7.814462,8.714462,8.614462,7.314462,7.7144623,6.0144625,6.1144624,6.414462,5.814462,5.2144623,4.314462,3.4144623,2.1144624,1.7144623,0.11446228,-1.9855378,-5.9855375,-5.7855377,-4.585538,-3.7855377,-2.1855378,0.61446226,2.8144622,4.914462,6.314462,7.7144623,8.814463,9.514462,9.614462,10.614462,9.914462,8.814463,5.914462,4.7144623,3.7144623,-8.185537,-15.485538,-17.985538,-20.785538,-22.885538,-21.485538,-20.985538
2.1144624,2.2144623,2.0144622,2.4144623,3.3144622,3.9144623,5.1144624,7.1144624,9.014462,10.014462,10.314463,9.914462,9.314463,9.514462,9.714462,9.514462,9.514462,9.814463,9.414462,11.014462,11.114462,11.814463,11.414462,12.114462,10.914462,7.6144624,7.7144623,9.214462,8.414462,2.7144623,0.41446227,-0.9855377,-1.2855377,-4.8855376,-8.385538,-9.385538,-7.4855375,-4.9855375,-2.6855378,-0.7855377,1.1144623,3.1144624,4.314462,5.414462,6.6144624,6.814462,6.314462,4.914462,4.2144623,3.2144623,4.314462,2.6144624,3.8144622,2.3144622,0.7144623,-0.4855377,-3.2855377,-2.6855378,-3.4855378
1.7144623,2.1144624,2.2144623,2.6144624,3.5144622,4.914462,5.7144623,6.914462,8.714462,10.014462,10.814463,10.614462,9.814463,9.414462,9.514462,10.114462,10.214462,10.514462,11.114462,11.414462,12.014462,12.414462,12.314463,12.814463,13.714462,13.914462,13.414462,12.714462,9.814463,8.814463,4.914462,0.11446228,-2.1855378,-2.7855377,-8.085538,-13.185537,-12.185537,-8.385538,-6.085538,-4.3855376,-2.5855377,-0.18553773,1.2144623,2.3144622,4.2144623,4.6144624,3.8144622,2.8144622,1.0144622,0.8144623,0.21446228,0.41446227,0.61446226,1.0144622,-0.4855377,-0.4855377,-0.7855377,-2.3855376,-2.4855378
2.1144624,1.8144623,2.5144622,3.5144622,3.3144622,4.814462,4.914462,6.1144624,7.5144625,8.914462,9.614462,10.014462,9.914462,10.014462,10.214462,10.414462,10.914462,11.214462,11.514462,11.914462,12.114462,12.314463,12.814463,13.614462,14.314463,14.914462,15.414462,15.014462,13.914462,12.614462,7.814462,6.7144623,-5.2855377,-4.4855375,-6.185538,-14.485538,-14.785538,-11.985538,-8.285538,-6.185538,-6.3855376,-3.6855378,-2.3855376,-1.5855377,0.21446228,0.41446227,1.3144623,1.0144622,-0.18553773,-0.3855377,-1.1855377,-0.6855377,-1.4855378,-1.5855377,-2.5855377,-2.6855378,-3.6855378,-4.8855376,-4.085538
0.8144623,2.3144622,3.0144622,3.6144624,3.0144622,4.314462,6.414462,6.2144623,7.414462,7.5144625,8.214462,8.514462,8.414462,8.914462,9.914462,10.814463,11.614462,12.114462,12.814463,13.014462,12.814463,12.914462,13.314463,14.214462,14.914462,15.714462,16.114462,16.214462,15.614462,14.514462,11.214462,3.6144624,5.914462,-2.3855376,-8.885538,-10.985538,-16.985538,-15.485538,-11.685537,-8.885538,-6.7855377,-7.4855375,-5.085538,-3.7855377,-3.2855377,-3.2855377,-3.2855377,-2.6855378,-2.7855377,-2.2855377,-2.4855378,-2.8855376,-2.3855376,-2.9855378,-2.3855376,-2.8855376,-3.6855378,-4.085538,-4.2855377
-0.28553772,0.31446227,1.1144623,2.3144622,2.8144622,4.1144624,4.5144625,5.7144623,6.5144625,6.5144625,6.6144624,6.5144625,7.1144624,7.814462,8.814463,10.214462,11.414462,12.214462,12.714462,12.714462,12.914462,13.614462,14.514462,15.614462,16.514462,17.214462,17.514462,16.814463,16.514462,16.114462,15.514462,7.6144624,3.4144623,-2.5855377,-6.3855376,-6.8855376,-13.485538,-17.985538,-15.685537,-12.585538,-10.085538,-8.085538,-8.485538,-6.085538,-5.8855376,-5.685538,-5.8855376,-5.4855375,-5.185538,-5.085538,-4.2855377,-2.8855376,-2.0855377,-1.4855378,-0.7855377,-2.2855377,-3.0855377,-3.0855377,-3.7855377
-0.18553773,0.41446227,1.2144623,2.8144622,3.7144623,3.6144624,4.814462,5.7144623,6.414462,6.914462,7.414462,7.5144625,7.414462,7.914462,8.914462,10.214462,11.614462,11.814463,12.414462,12.414462,12.814463,13.714462,14.714462,16.014462,17.114462,18.014462,18.814463,19.214462,18.514462,18.014462,14.614462,12.714462,6.5144625,-1.8855377,-6.3855376,-7.8855376,-6.2855377,-13.285538,-16.585537,-15.285538,-11.985538,-10.385538,-9.185537,-9.085538,-7.4855375,-7.585538,-7.585538,-7.185538,-6.685538,-6.2855377,-6.2855377,-5.7855377,-5.2855377,-4.9855375,-5.3855376,-5.685538,-5.8855376,-5.685538,-5.2855377
-0.4855377,0.7144623,1.9144623,3.6144624,5.5144625,6.5144625,4.6144624,3.6144624,6.5144625,6.314462,6.314462,6.7144623,7.0144625,7.814462,9.014462,9.914462,11.514462,12.514462,13.114462,13.214462,13.514462,14.314463,15.514462,16.414463,17.414463,18.214462,18.814463,19.514462,19.414463,21.814463,17.314463,12.414462,4.414462,-1.2855377,-3.7855377,-6.685538,-6.585538,-5.2855377,-13.685537,-14.985538,-14.485538,-12.985538,-11.485538,-11.285538,-10.185537,-9.785538,-9.285538,-8.785538,-8.185537,-7.685538,-6.3855376,-5.4855375,-4.8855376,-4.2855377,-4.185538,-5.3855376,-6.7855377,-7.3855376,-6.9855375
-2.1855378,3.4144623,4.414462,5.0144625,6.2144623,5.7144623,5.5144625,7.0144625,7.2144623,6.5144625,5.7144623,5.5144625,5.814462,5.814462,7.2144623,9.014462,10.714462,12.014462,12.614462,13.514462,13.914462,14.714462,15.714462,16.614462,17.514462,18.414463,19.314463,19.814463,17.514462,15.814463,19.814463,21.814463,19.914463,6.814462,-0.4855377,-3.4855378,-3.2855377,-4.085538,-4.085538,-5.3855376,-13.785538,-13.885538,-13.185537,-12.585538,-11.885538,-10.985538,-10.585538,-9.785538,-8.485538,-7.2855377,-5.9855375,-4.8855376,-4.185538,-3.8855376,-2.7855377,-0.4855377,-7.3855376,-9.285538,-8.885538
1.1144623,1.8144623,2.3144622,5.414462,7.1144624,6.914462,7.0144625,6.7144623,6.914462,6.2144623,4.914462,5.2144623,4.1144624,3.7144623,4.2144623,5.814462,8.114462,10.214462,11.514462,12.114462,12.914462,14.114462,14.714462,15.914462,16.714462,17.814463,19.514462,21.414463,12.614462,14.814463,19.414463,19.514462,19.314463,19.114462,13.114462,2.9144623,-0.6855377,-2.4855378,-3.1855378,-3.9855378,-3.3855376,-10.885538,-12.485538,-12.085538,-11.885538,-11.585538,-10.785538,-9.585538,-8.385538,-7.4855375,-6.2855377,-5.3855376,-4.2855377,-3.0855377,-1.5855377,-0.7855377,-2.3855376,-9.985538,-10.785538
1.2144623,3.8144622,4.6144624,6.914462,7.2144623,8.714462,9.014462,9.414462,9.514462,9.114462,8.314463,6.7144623,5.414462,4.414462,2.8144622,3.3144622,5.1144624,7.914462,9.814463,10.914462,11.514462,12.614462,13.314463,14.014462,15.214462,16.014462,16.814463,18.914463,7.414462,8.414462,20.514462,17.414463,17.714462,18.014462,18.314463,17.014462,8.714462,0.8144623,-2.4855378,-2.0855377,-0.58553773,-4.185538,-6.3855376,-10.585538,-10.885538,-10.685537,-10.485538,-10.185537,-9.085538,-8.385538,-7.7855377,-6.4855375,-5.585538,-4.8855376,-4.585538,-1.5855377,-2.1855378,-5.4855375,-11.285538
0.91446227,4.0144625,5.5144625,7.1144624,8.814463,8.814463,9.614462,9.414462,9.214462,8.714462,8.414462,8.414462,7.5144625,5.2144623,3.1144624,2.4144623,2.9144623,5.2144623,7.6144624,9.114462,10.214462,11.014462,11.614462,12.114462,13.114462,14.014462,14.014462,12.714462,10.114462,9.314463,15.014462,15.714462,15.614462,15.514462,14.914462,13.114462,13.014462,12.714462,11.014462,2.7144623,-0.4855377,-0.58553773,-1.1855377,-7.185538,-9.785538,-10.185537,-9.785538,-9.785538,-9.585538,-9.685537,-9.685537,-9.285538,-8.285538,-8.685537,-6.085538,-5.2855377,-4.7855377,-5.185538,-4.685538
3.5144622,3.8144622,4.7144623,6.6144624,7.914462,8.614462,9.814463,10.914462,10.514462,9.314463,7.2144623,6.2144623,6.1144624,7.814462,5.5144625,1.8144623,0.61446226,2.7144623,5.314462,7.414462,9.214462,9.914462,10.914462,11.714462,12.014462,12.414462,12.614462,12.714462,13.114462,12.914462,12.914462,13.214462,13.514462,13.614462,13.514462,11.614462,10.614462,9.914462,9.814463,9.114462,8.814463,8.414462,4.814462,-4.085538,-4.8855376,-6.185538,-6.8855376,-7.7855377,-9.685537,-10.085538,-10.085538,-9.885538,-10.485538,-10.285538,-8.085538,-7.585538,-5.3855376,-4.3855376,-3.2855377
3.6144624,3.9144623,6.2144623,7.6144624,8.014462,8.514462,10.014462,10.114462,8.514462,7.414462,6.814462,5.5144625,4.7144623,5.914462,6.814462,4.814462,-0.18553773,0.61446226,3.5144622,5.7144623,7.814462,8.914462,10.014462,10.114462,9.814463,10.714462,10.914462,9.614462,10.814463,11.414462,11.914462,11.814463,10.814463,10.114462,10.414462,9.914462,9.714462,10.014462,10.214462,5.5144625,5.2144623,4.5144625,4.2144623,4.314462,3.5144622,-4.3855376,-6.7855377,-7.3855376,-6.8855376,-7.8855376,-8.985538,-10.285538,-9.485538,-8.085538,-8.685537,-5.8855376,-3.1855378,-6.185538,-4.2855377
4.0144625,5.914462,7.314462,8.014462,7.5144625,7.414462,7.914462,9.214462,9.314463,8.814463,7.1144624,7.0144625,5.814462,5.314462,5.1144624,4.5144625,-0.28553772,-0.4855377,1.9144623,3.6144624,5.1144624,5.6144624,6.414462,6.814462,6.914462,8.514462,8.614462,6.6144624,6.5144625,5.914462,7.5144625,8.514462,8.514462,8.014462,8.214462,6.5144625,6.0144625,6.7144623,7.5144625,6.6144624,7.0144625,6.0144625,5.0144625,4.414462,3.9144623,3.7144623,1.5144622,-1.8855377,-7.585538,-8.085538,-8.785538,-9.485538,-10.385538,-9.985538,-5.7855377,-2.8855376,-1.9855378,-1.9855378,-1.4855378
3.9144623,6.2144623,7.5144625,9.214462,9.114462,8.714462,9.014462,9.014462,11.614462,10.114462,7.2144623,6.814462,5.414462,4.6144624,3.5144622,2.7144623,-1.7855377,-1.3855377,1.4144623,1.9144623,2.2144623,3.2144623,3.7144623,4.2144623,4.6144624,4.814462,5.1144624,5.814462,6.5144625,6.7144623,6.5144625,6.6144624,7.7144623,8.714462,8.614462,8.214462,6.814462,5.314462,4.2144623,4.914462,5.6144624,3.7144623,2.7144623,3.1144624,3.6144624,3.9144623,4.6144624,4.0144625,-4.7855377,-8.985538,-12.085538,-11.785538,-10.585538,-8.185537,-5.585538,-3.9855378,-2.8855376,-1.9855378,-1.6855377
4.6144624,5.314462,6.914462,8.114462,8.614462,8.414462,8.714462,9.614462,10.014462,9.614462,5.5144625,3.8144622,2.5144622,3.5144622,1.4144623,1.2144623,-1.1855377,-0.9855377,-0.28553772,1.3144623,1.5144622,2.3144622,3.8144622,4.314462,4.914462,7.5144625,7.5144625,7.7144623,8.214462,8.014462,7.7144623,7.5144625,6.7144623,7.6144624,7.6144624,7.1144624,6.0144625,5.914462,4.814462,4.414462,3.4144623,3.6144624,2.6144624,1.0144622,1.1144623,1.2144623,2.5144622,2.9144623,1.1144623,-3.6855378,-9.485538,-8.885538,-7.3855376,-5.8855376,-4.7855377,-3.8855376,-2.8855376,-2.3855376,-1.7855377
5.6144624,6.5144625,6.914462,7.314462,7.914462,8.314463,9.414462,11.014462,10.314463,7.1144624,2.7144623,1.1144623,1.2144623,1.9144623,2.8144622,4.414462,3.8144622,2.5144622,1.9144623,3.0144622,3.7144623,5.1144624,5.2144623,5.7144623,7.0144625,8.314463,9.714462,11.214462,10.814463,10.514462,10.714462,9.514462,8.814463,6.914462,5.414462,5.7144623,5.914462,5.2144623,3.8144622,3.1144624,3.3144622,2.2144623,2.1144624,3.6144624,0.41446227,-0.7855377,-0.9855377,-2.0855377,-2.8855376,-4.085538,-5.585538,-6.3855376,-5.9855375,-5.585538,-4.4855375,-3.8855376,-2.9855378,-2.0855377,-1.3855377
5.414462,6.0144625,7.2144623,8.514462,8.914462,9.714462,8.114462,4.414462,6.5144625,3.9144623,2.5144622,1.7144623,1.8144623,2.5144622,4.1144624,4.414462,5.0144625,5.314462,6.2144623,5.914462,7.314462,8.114462,7.5144625,7.414462,9.514462,10.614462,11.414462,11.614462,11.614462,11.814463,11.614462,10.114462,9.914462,8.014462,7.7144623,5.314462,3.8144622,4.0144625,3.7144623,3.0144622,1.5144622,1.4144623,2.2144623,1.9144623,1.7144623,2.1144624,2.2144623,-3.3855376,-4.2855377,-4.9855375,-5.3855376,-5.685538,-5.7855377,-5.4855375,-4.585538,-3.6855378,-3.1855378,-2.3855376,-1.5855377
6.2144623,7.2144623,9.614462,11.214462,10.914462,7.0144625,4.2144623,3.8144622,1.4144623,1.2144623,-1.8855377,-0.7855377,1.5144622,2.4144623,3.8144622,5.7144623,6.1144624,6.1144624,6.314462,7.6144624,7.914462,7.2144623,8.614462,8.914462,9.914462,11.014462,11.114462,12.114462,12.814463,13.514462,13.414462,12.714462,11.714462,11.214462,9.214462,7.914462,5.7144623,4.0144625,2.4144623,2.0144622,0.91446227,0.41446227,0.61446226,0.5144623,0.21446228,0.41446227,-0.3855377,-1.7855377,-3.3855376,-3.6855378,-4.2855377,-4.685538,-4.2855377,-4.185538,-3.9855378,-3.5855377,-3.0855377,-2.0855377,-1.4855378
7.6144624,11.014462,9.914462,0.11446228,4.6144624,1.9144623,0.21446228,2.3144622,0.91446227,2.0144622,3.1144624,5.7144623,7.6144624,6.914462,6.5144625,6.2144623,5.914462,6.1144624,6.914462,6.7144623,7.5144625,8.214462,8.914462,9.814463,9.914462,9.914462,10.514462,10.714462,11.314463,11.514462,11.314463,10.614462,9.814463,9.814463,9.114462,8.414462,6.0144625,3.7144623,2.7144623,2.3144622,1.6144623,0.5144623,-0.08553772,-0.7855377,0.01446228,-0.08553772,-0.7855377,-0.58553773,-2.4855378,-3.5855377,-3.9855378,-3.7855377,-3.8855376,-3.8855376,-3.6855378,-3.0855377,-2.6855378,-2.2855377,-1.5855377
5.1144624,2.6144624,1.7144623,-1.5855377,-0.4855377,1.3144623,0.91446227,2.2144623,4.814462,6.5144625,6.414462,6.7144623,6.5144625,6.414462,5.1144624,5.1144624,4.914462,5.2144623,6.314462,6.7144623,7.1144624,7.814462,8.614462,8.114462,8.414462,7.1144624,7.5144625,7.414462,8.314463,7.814462,7.914462,7.814462,7.2144623,7.0144625,6.814462,6.314462,6.314462,4.1144624,3.4144623,2.3144622,1.8144623,1.1144623,-0.3855377,-1.4855378,-1.9855378,-2.1855378,-1.6855377,-1.5855377,-2.1855378,-2.6855378,-3.3855376,-3.7855377,-3.4855378,-3.0855377,-2.8855376,-2.8855376,-2.7855377,-2.3855376,-1.3855377
