nws-json/uv_20190823_00.f000.json
{"header": { "discipline":0, "disciplineName":"Meteorological products", "gribEdition":2, "gribLength":55391, "center":7, "centerName":"US National Weather Service - NCEP(WMC)", "subcenter":0, "refTime":"2019-08-23T00:00:00.000Z", "significanceOfRT":1, "significanceOfRTName":"Start of forecast", "productStatus":0, "productStatusName":"Operational products", "productType":1, "productTypeName":"Forecast products", "productDefinitionTemplate":0, "productDefinitionTemplateName":"Analysis/forecast at horizontal level/layer at a point in time", "parameterCategory":2, "parameterCategoryName":"Momentum", "parameterNumber":3, "parameterNumberName":"V-component_of_wind", "parameterUnit":"m.s-1", "genProcessType":2, "genProcessTypeName":"Forecast", "forecastTime":0, "surface1Type":220, "surface1TypeName":"Planetary Boundary Layer", "surface1Value":0.0, "surface2Type":255, "surface2TypeName":"Missing", "surface2Value":0.0, "gridDefinitionTemplate":0, "gridDefinitionTemplateName":"Latitude_Longitude", "numberPoints":65160, "shape":6, "shapeName":"Earth spherical with radius of 6,371,229.0 m", "gridUnits":"degrees", "resolution":48, "winds":"true", "scanMode":0, "nx":360, "ny":181, "basicAngle":0, "lo1":0.0, "la1":90.0, "lo2":359.0, "la2":-90.0, "dx":1.0, "dy":1.0 }, "data":
[rows 78 to 103 of 181, columns 240 to 299 of 360]
3.830377,2.330377,6.6303773,5.6303773,5.1303773,5.730377,7.1303773,9.130377,11.630377,11.930377,10.730377,10.230377,9.330378,8.230377,7.830377,5.930377,1.8303772,0.1303772,-0.7696228,-1.5696228,-1.0696228,-1.1696228,-0.9696228,-2.4696229,-1.7696228,-0.5696228,-0.4696228,-0.16962281,1.1303772,1.8303772,2.0303771,3.1303773,3.9303772,0.3303772,-1.8696228,-3.2696228,-2.4696229,-3.2696228,-4.669623,-4.669623,-5.069623,-5.269623,-6.069623,-7.069623,-7.769623,-7.569623,-7.4696226,-7.9696226,-5.069623,-4.669623,-0.6696228,-0.2696228,0.6303772,0.7303772,0.3303772,-0.3696228,-0.16962281,0.6303772,0.9303772,1.4303772
6.830377,5.930377,6.5303774,6.430377,6.5303774,7.330377,8.530377,10.030377,10.930377,10.730377,10.230377,9.830378,8.630377,7.930377,7.0303774,5.430377,3.830377,2.0303771,-0.16962281,-0.3696228,-0.4696228,-2.0696228,-3.4696229,-3.3696227,-3.169623,-1.1696228,-2.669623,-0.0696228,-0.4696228,0.3303772,1.2303772,0.8303772,1.4303772,-4.169623,-3.7696228,3.5303771,-2.0696228,-1.5696228,-2.8696227,-4.669623,-5.669623,-6.169623,-6.4696226,-7.069623,-7.269623,-8.969623,-0.7696228,-2.3696227,-5.269623,-6.8696227,1.7303772,2.7303772,0.9303772,-0.6696228,-0.6696228,-2.4696229,-1.1696228,-0.5696228,2.1303773,1.3303772
8.030377,7.5303774,7.730377,6.930377,6.730377,7.5303774,8.730377,9.630377,10.530377,10.730377,9.630377,8.030377,7.5303774,6.830377,6.430377,4.930377,4.230377,3.7303772,2.330377,0.3303772,-0.5696228,-1.0696228,-0.8696228,-2.669623,-2.9696229,0.1303772,2.6303773,-0.0696228,-1.4696229,0.2303772,0.8303772,0.4303772,1.6303772,1.5303771,4.930377,2.4303772,-1.4696229,-2.169623,-3.2696228,-3.3696227,-5.4696226,-7.4696226,-8.169622,-7.569623,-4.4696226,-3.9696229,-0.2696228,-0.6696228,-0.6696228,-0.16962281,3.1303773,1.5303771,1.0303771,0.6303772,0.9303772,-1.6696228,-1.4696229,-1.9696229,0.1303772,0.1303772
6.830377,7.330377,6.5303774,7.230377,7.0303774,7.430377,8.530377,10.030377,9.430377,8.830378,8.430377,7.430377,6.730377,6.0303774,5.230377,5.230377,5.6303773,3.830377,2.5303771,0.9303772,0.4303772,0.3303772,-0.6696228,-0.2696228,-0.9696228,0.1303772,0.8303772,0.5303772,-0.5696228,0.2303772,0.8303772,0.3303772,0.6303772,1.3303772,2.0303771,2.1303773,3.5303771,-0.5696228,-1.9696229,-2.169623,-3.3696227,-6.169623,-2.2696228,-5.8696227,-1.9696229,-3.4696229,-0.9696228,-0.5696228,-0.9696228,1.1303772,-0.6696228,-0.16962281,0.5303772,0.030377198,-0.5696228,-0.6696228,-2.5696228,-5.4696226,-0.2696228,-0.6696228
5.330377,6.0303774,6.930377,6.6303773,7.230377,7.930377,9.130377,8.930377,8.630377,7.730377,7.1303773,7.230377,6.1303773,6.430377,5.5303774,5.5303774,5.330377,4.5303774,3.330377,2.5303771,2.330377,1.9303772,1.8303772,0.9303772,1.6303772,2.0303771,1.8303772,0.1303772,-0.16962281,-0.7696228,-0.3696228,-0.0696228,0.3303772,0.4303772,0.7303772,1.0303771,3.0303771,2.6303773,4.5303774,2.330377,-0.8696228,0.8303772,-0.16962281,-4.069623,-1.0696228,-2.169623,-0.9696228,1.3303772,1.4303772,-0.2696228,0.9303772,0.4303772,-0.16962281,0.030377198,1.2303772,1.8303772,1.6303772,0.7303772,-3.0696228,-0.9696228
5.430377,5.730377,6.5303774,7.330377,7.230377,8.330378,8.230377,8.730377,8.330378,7.330377,6.230377,6.1303773,5.6303773,5.6303773,5.6303773,5.730377,5.5303774,5.1303773,4.5303774,4.230377,4.6303773,4.330377,3.2303772,4.1303773,4.930377,4.430377,2.830377,1.6303772,0.9303772,0.2303772,0.8303772,-0.0696228,0.1303772,-0.0696228,-0.0696228,0.2303772,2.7303772,3.830377,4.230377,2.4303772,0.2303772,0.030377198,-1.5696228,0.5303772,-0.9696228,0.1303772,-1.4696229,-1.6696228,0.6303772,1.4303772,0.6303772,0.7303772,0.3303772,-0.4696228,0.1303772,-0.4696228,-0.6696228,-1.1696228,-4.169623,-1.5696228
4.830377,5.830377,5.930377,6.6303773,8.230377,8.430377,8.530377,8.430377,7.5303774,7.1303773,6.0303774,6.330377,6.0303774,6.330377,6.1303773,6.5303774,6.230377,5.930377,6.230377,5.730377,6.0303774,5.830377,6.0303774,5.830377,5.230377,4.930377,5.0303774,5.330377,5.0303774,5.6303773,5.1303773,3.4303772,2.4303772,2.0303771,1.4303772,2.5303771,2.330377,2.4303772,2.9303772,1.4303772,-0.16962281,-0.9696228,-0.3696228,0.8303772,-0.5696228,-1.3696228,0.030377198,0.9303772,0.6303772,0.9303772,1.7303772,0.9303772,0.1303772,0.2303772,0.9303772,0.4303772,-0.4696228,-0.4696228,-0.0696228,0.8303772
4.930377,4.830377,5.6303773,6.230377,6.730377,7.5303774,7.6303773,7.230377,6.730377,6.430377,5.5303774,5.5303774,6.0303774,6.730377,6.330377,6.330377,6.5303774,6.1303773,6.6303773,6.730377,6.730377,6.830377,6.430377,6.330377,6.730377,6.930377,7.230377,6.830377,6.830377,6.6303773,6.430377,5.6303773,5.330377,4.6303773,5.1303773,4.5303774,3.6303773,4.330377,3.4303772,2.0303771,0.7303772,0.030377198,-0.5696228,0.6303772,-1.1696228,-0.9696228,0.7303772,-1.1696228,1.4303772,1.9303772,2.5303771,5.830377,0.8303772,0.6303772,0.4303772,0.1303772,-0.3696228,-1.2696228,-0.7696228,3.4303772
4.430377,4.930377,5.0303774,5.6303773,5.930377,6.730377,6.1303773,6.430377,6.330377,6.430377,5.930377,4.6303773,5.330377,5.430377,5.930377,5.930377,6.330377,6.330377,6.830377,6.5303774,6.830377,6.5303774,6.830377,6.6303773,6.430377,6.6303773,6.5303774,7.230377,7.0303774,6.230377,6.730377,7.330377,7.730377,8.530377,6.5303774,6.1303773,5.330377,4.730377,3.830377,2.7303772,1.6303772,0.8303772,-0.7696228,1.6303772,1.4303772,8.830378,-0.2696228,-0.16962281,1.9303772,3.0303771,0.4303772,0.7303772,0.8303772,-0.3696228,0.5303772,-0.7696228,0.7303772,1.1303772,-0.6696228,2.0303771
4.330377,5.0303774,5.6303773,5.930377,6.0303774,5.230377,5.830377,5.230377,5.730377,4.930377,4.930377,5.5303774,5.6303773,5.830377,6.230377,6.230377,5.830377,6.0303774,6.1303773,6.330377,5.830377,5.430377,5.830377,6.1303773,7.1303773,6.6303773,6.230377,6.230377,6.1303773,5.930377,5.730377,6.230377,8.130377,7.930377,7.0303774,6.330377,5.830377,4.730377,5.0303774,5.1303773,5.330377,3.6303773,-1.0696228,0.1303772,0.4303772,2.4303772,0.9303772,3.1303773,0.6303772,-0.9696228,1.3303772,0.030377198,-0.4696228,0.5303772,-0.0696228,-1.2696228,1.6303772,0.4303772,-0.3696228,1.6303772
4.730377,4.730377,4.5303774,3.830377,4.0303774,3.830377,4.230377,4.1303773,4.5303774,4.830377,5.5303774,6.1303773,6.1303773,5.830377,5.1303773,4.930377,4.930377,5.0303774,5.1303773,5.830377,6.730377,7.0303774,7.5303774,7.930377,7.930377,7.830377,7.730377,7.0303774,5.930377,6.230377,7.730377,7.6303773,9.030377,8.130377,6.830377,6.5303774,5.430377,5.730377,6.730377,6.930377,7.0303774,3.1303773,0.1303772,2.4303772,1.4303772,-0.5696228,1.5303771,0.6303772,1.2303772,2.830377,0.8303772,0.5303772,0.8303772,0.8303772,0.2303772,0.1303772,-0.7696228,-0.9696228,0.4303772,-0.8696228
4.5303774,4.1303773,4.1303773,3.7303772,3.0303771,3.4303772,2.7303772,2.830377,4.1303773,4.5303774,4.730377,5.1303773,5.230377,5.330377,5.230377,4.330377,4.5303774,5.730377,5.830377,6.730377,7.430377,7.830377,8.130377,8.530377,8.130377,7.930377,7.730377,8.930377,8.330378,5.330377,7.930377,7.930377,6.730377,6.6303773,6.1303773,5.6303773,5.730377,7.0303774,7.430377,8.230377,8.130377,-0.7696228,0.2303772,0.2303772,0.6303772,0.8303772,-0.0696228,1.9303772,3.7303772,0.9303772,0.4303772,0.9303772,0.3303772,0.4303772,1.0303771,-1.2696228,0.030377198,0.5303772,0.3303772,-0.4696228
1.8303772,2.0303771,1.6303772,2.0303771,1.9303772,1.5303771,1.5303771,2.7303772,3.1303773,2.7303772,3.2303772,3.6303773,3.7303772,4.1303773,4.230377,4.6303773,5.1303773,4.0303774,3.830377,4.730377,4.830377,5.5303774,6.1303773,5.230377,4.6303773,4.830377,5.1303773,6.230377,7.330377,3.4303772,6.730377,7.6303773,7.330377,7.230377,7.330377,7.830377,7.930377,7.0303774,7.330377,7.830377,2.0303771,0.6303772,1.9303772,3.0303771,2.0303771,1.9303772,4.6303773,1.0303771,1.8303772,0.9303772,1.2303772,0.4303772,-0.0696228,-0.9696228,-1.3696228,0.030377198,2.4303772,1.6303772,0.1303772,-0.3696228
0.3303772,0.3303772,0.3303772,1.0303771,1.0303771,0.8303772,2.4303772,2.9303772,3.2303772,3.4303772,3.1303773,3.0303771,3.2303772,3.2303772,3.5303771,4.1303773,4.730377,3.9303772,2.7303772,2.9303772,3.1303773,3.6303773,4.330377,4.730377,4.1303773,4.0303774,3.830377,4.5303774,5.730377,4.0303774,5.930377,6.0303774,5.830377,5.6303773,6.330377,8.130377,8.430377,8.330378,7.430377,7.330377,0.4303772,-0.3696228,-0.16962281,0.6303772,1.8303772,1.7303772,3.330377,1.3303772,0.7303772,0.030377198,0.5303772,-0.2696228,-0.0696228,0.3303772,-0.0696228,-0.5696228,-0.5696228,-0.7696228,-0.4696228,-0.7696228
0.6303772,0.030377198,-0.0696228,0.4303772,1.3303772,1.1303772,2.7303772,4.1303773,4.230377,4.1303773,3.7303772,2.9303772,3.1303773,3.830377,3.7303772,4.0303774,4.6303773,4.5303774,3.9303772,2.6303773,2.830377,3.330377,3.7303772,3.7303772,4.1303773,4.430377,4.230377,3.7303772,3.7303772,4.230377,4.730377,5.430377,5.330377,5.430377,5.5303774,5.5303774,5.230377,4.930377,5.1303773,3.9303772,3.6303773,0.5303772,0.7303772,0.9303772,0.030377198,0.8303772,1.4303772,4.1303773,1.2303772,0.030377198,-0.0696228,0.2303772,-3.0696228,-1.6696228,-0.5696228,1.3303772,0.4303772,-0.2696228,-2.2696228,1.3303772
3.1303773,2.6303773,2.330377,1.9303772,1.9303772,2.830377,2.9303772,3.2303772,3.5303771,3.2303772,3.1303773,3.2303772,3.4303772,3.5303771,4.0303774,4.5303774,4.830377,5.0303774,4.430377,4.0303774,3.5303771,4.0303774,4.1303773,4.1303773,4.1303773,4.230377,4.430377,4.230377,3.9303772,3.830377,4.230377,4.5303774,4.930377,5.230377,5.1303773,5.330377,4.730377,4.230377,3.7303772,2.4303772,2.0303771,-1.1696228,-0.16962281,0.5303772,0.6303772,0.7303772,0.1303772,0.2303772,1.0303771,0.4303772,0.2303772,0.6303772,-1.4696229,2.2303772,0.1303772,-0.9696228,0.030377198,0.4303772,0.1303772,0.7303772
5.830377,4.830377,4.230377,3.7303772,3.830377,3.9303772,3.7303772,3.1303773,3.5303771,4.1303773,3.7303772,3.0303771,3.5303771,3.830377,4.0303774,3.330377,3.6303773,4.0303774,4.1303773,4.330377,4.0303774,4.330377,4.230377,4.430377,4.430377,4.330377,4.1303773,4.1303773,4.5303774,4.0303774,3.5303771,3.7303772,4.230377,4.830377,4.730377,4.930377,4.430377,4.0303774,4.730377,1.5303771,1.1303772,0.4303772,-0.2696228,-0.8696228,-0.16962281,0.6303772,0.3303772,0.9303772,0.7303772,1.8303772,-0.6696228,-1.4696229,-0.3696228,-0.4696228,0.030377198,-0.6696228,2.7303772,0.2303772,-1.1696228,-0.4696228
4.930377,5.6303773,5.1303773,5.230377,4.330377,4.0303774,3.9303772,3.5303771,3.330377,4.1303773,3.7303772,3.6303773,3.6303773,3.830377,3.330377,2.830377,2.2303772,2.330377,3.2303772,3.330377,3.6303773,3.9303772,4.230377,4.5303774,4.6303773,4.5303774,4.730377,4.5303774,4.730377,4.5303774,4.6303773,4.430377,4.1303773,4.330377,4.330377,4.5303774,4.6303773,5.430377,6.6303773,5.230377,1.4303772,-1.3696228,-0.0696228,-1.2696228,-0.8696228,-1.0696228,-0.0696228,0.030377198,0.2303772,-1.4696229,-0.2696228,-0.6696228,0.3303772,-0.16962281,-2.7696228,0.6303772,-0.2696228,0.2303772,-0.8696228,-0.4696228
3.2303772,4.1303773,4.230377,3.5303771,3.9303772,3.7303772,4.230377,4.0303774,3.6303773,3.6303773,3.830377,3.9303772,2.9303772,2.1303773,2.1303773,1.9303772,2.1303773,2.5303771,2.9303772,3.6303773,3.830377,3.330377,3.7303772,3.9303772,4.5303774,4.830377,4.930377,4.930377,4.730377,4.6303773,4.330377,4.430377,4.5303774,4.230377,4.330377,4.330377,4.5303774,5.230377,5.730377,5.230377,6.0303774,-1.6696228,0.2303772,0.5303772,-0.8696228,-1.5696228,-0.7696228,-0.7696228,-0.7696228,-1.9696229,-0.6696228,0.3303772,-0.0696228,0.1303772,-0.4696228,-3.7696228,-3.9696229,-1.7696228,0.7303772,1.4303772
2.0303771,2.2303772,2.5303771,3.1303773,2.9303772,3.1303773,2.330377,2.4303772,3.5303771,4.0303774,3.5303771,2.6303773,2.330377,2.4303772,1.7303772,1.5303771,1.5303771,1.8303772,2.0303771,2.7303772,3.4303772,3.7303772,3.9303772,4.230377,4.330377,4.330377,4.730377,5.0303774,4.830377,4.5303774,4.430377,4.430377,4.830377,4.830377,5.0303774,5.1303773,5.330377,5.330377,5.230377,5.430377,6.430377,-0.4696228,-1.7696228,-1.1696228,-0.6696228,0.1303772,-0.6696228,-0.4696228,-0.6696228,0.3303772,-0.0696228,-0.5696228,0.2303772,1.8303772,1.2303772,0.6303772,0.4303772,-0.3696228,-0.3696228,0.030377198
2.4303772,0.9303772,1.1303772,1.1303772,1.5303771,0.9303772,1.7303772,1.3303772,1.9303772,2.5303771,2.2303772,2.7303772,2.9303772,2.1303773,1.9303772,1.7303772,1.9303772,1.7303772,2.1303773,2.4303772,3.0303771,3.9303772,4.5303774,4.6303773,4.0303774,4.330377,4.430377,4.0303774,4.230377,4.430377,4.230377,3.9303772,4.1303773,4.6303773,5.1303773,5.430377,5.730377,5.730377,5.730377,5.330377,5.0303774,0.5303772,-1.0696228,0.3303772,1.7303772,-0.0696228,-0.3696228,-0.2696228,-0.2696228,-0.4696228,0.4303772,-0.2696228,-0.2696228,-0.9696228,-0.0696228,0.2303772,0.3303772,-0.6696228,-0.8696228,-1.3696228
1.6303772,0.8303772,0.8303772,1.3303772,1.1303772,1.3303772,1.0303771,1.2303772,1.7303772,1.5303771,2.330377,3.2303772,2.1303773,2.2303772,1.7303772,1.7303772,1.9303772,2.2303772,2.830377,3.330377,3.7303772,4.0303774,4.230377,4.5303774,5.0303774,4.930377,4.230377,4.430377,4.230377,4.0303774,4.0303774,3.830377,3.9303772,4.0303774,4.5303774,5.430377,6.0303774,6.230377,5.830377,5.0303774,5.0303774,4.1303773,0.7303772,-0.2696228,-0.4696228,0.030377198,-0.2696228,-0.16962281,-0.3696228,-1.0696228,-0.2696228,0.6303772,0.2303772,-0.3696228,0.7303772,-0.8696228,-0.4696228,-0.6696228,-0.0696228,-0.2696228
0.9303772,0.5303772,0.1303772,-0.2696228,-0.16962281,0.4303772,0.6303772,0.3303772,0.2303772,1.2303772,1.5303771,1.9303772,2.0303771,1.8303772,1.3303772,1.7303772,1.4303772,1.9303772,2.4303772,2.830377,3.4303772,3.6303773,4.230377,4.5303774,4.330377,4.5303774,4.6303773,4.5303774,4.330377,3.830377,3.5303771,3.830377,4.1303773,4.5303774,4.930377,5.1303773,5.5303774,5.830377,5.830377,5.230377,4.5303774,4.6303773,0.5303772,-0.7696228,-0.16962281,1.1303772,0.1303772,-0.2696228,-0.4696228,-0.2696228,-0.4696228,-0.7696228,0.030377198,0.8303772,0.030377198,1.9303772,-1.0696228,0.2303772,-0.16962281,-0.16962281
1.1303772,0.5303772,0.6303772,0.1303772,-0.2696228,-0.5696228,-1.0696228,-1.5696228,-1.2696228,-0.7696228,0.1303772,0.4303772,0.8303772,0.3303772,1.1303772,1.4303772,2.330377,2.9303772,2.6303773,2.6303773,2.830377,2.7303772,2.9303772,3.7303772,3.9303772,3.9303772,4.1303773,4.6303773,4.6303773,4.230377,3.830377,3.6303773,4.230377,4.730377,5.230377,5.6303773,5.830377,5.930377,6.0303774,5.830377,5.0303774,5.430377,5.230377,-0.16962281,-1.1696228,1.3303772,-0.16962281,1.0303771,0.1303772,0.4303772,-0.5696228,0.030377198,-0.2696228,-0.7696228,0.6303772,1.6303772,1.0303771,1.9303772,-0.2696228,-0.2696228
0.1303772,0.5303772,0.3303772,0.4303772,0.8303772,-0.0696228,-0.2696228,-0.3696228,-1.4696229,-2.169623,-1.7696228,-1.5696228,-1.0696228,-0.5696228,-0.16962281,1.3303772,1.3303772,2.330377,2.6303773,2.5303771,2.1303773,2.830377,3.330377,3.330377,3.2303772,3.1303773,3.2303772,3.7303772,3.830377,3.830377,3.830377,3.6303773,3.7303772,4.330377,4.930377,5.1303773,5.6303773,5.930377,5.830377,5.5303774,5.430377,5.730377,5.230377,1.9303772,-1.8696228,-0.9696228,0.9303772,0.7303772,1.8303772,0.2303772,1.2303772,-0.16962281,0.8303772,1.3303772,1.1303772,1.0303771,2.1303773,3.0303771,5.930377,0.6303772
0.030377198,-0.16962281,-0.5696228,-0.16962281,-0.0696228,-0.16962281,-0.2696228,-0.2696228,-0.6696228,-0.8696228,-1.2696228,-1.2696228,-0.8696228,-0.8696228,-0.6696228,0.030377198,0.030377198,1.3303772,1.5303771,2.4303772,2.330377,2.7303772,3.2303772,3.1303773,2.9303772,3.1303773,3.2303772,3.330377,3.2303772,3.6303773,3.5303771,3.6303773,3.830377,4.330377,4.230377,4.730377,5.230377,5.5303774,6.230377,6.730377,6.430377,5.930377,6.1303773,4.930377,-0.16962281,-2.5696228,-2.2696228,0.1303772,-0.3696228,1.7303772,0.6303772,0.7303772,1.1303772,0.1303772,-0.5696228,1.0303771,0.030377198,2.1303773,3.1303773,0.7303772
