nws-json/uv_20190823_00.f000.json
{"header": { "discipline":0, "disciplineName":"Meteorological products", "gribEdition":2, "gribLength":54602, "center":7, "centerName":"US National Weather Service - NCEP(WMC)", "subcenter":0, "refTime":"2019-08-23T00:00:00.000Z", "significanceOfRT":1, "significanceOfRTName":"Start of forecast", "productStatus":0, "productStatusName":"Operational products", "productType":1, "productTypeName":"Forecast products", "productDefinitionTemplate":0, "productDefinitionTemplateName":"Analysis/forecast at horizontal level/layer at a point in time", "parameterCategory":2, "parameterCategoryName":"Momentum", "parameterNumber":2, "parameterNumberName":"U-component_of_wind", "parameterUnit":"m.s-1", "genProcessType":2, "genProcessTypeName":"Forecast", "forecastTime":0, "surface1Type":220, "surface1TypeName":"Planetary Boundary Layer", "surface1Value":0.0, "surface2Type":255, "surface2TypeName":"Missing", "surface2Value":0.0, "gridDefinitionTemplate":0, "gridDefinitionTemplateName":"Latitude_Longitude", "numberPoints":65160, "shape":6, "shapeName":"Earth spherical with radius of 6,371,229.0 m", "gridUnits":"degrees", "resolution":48, "winds":"true", "scanMode":0, "nx":360, "ny":181, "basicAngle":0, "lo1":0.0, "la1":90.0, "lo2":359.0, "la2":-90.0, "dx":1.0, "dy":1.0 }, "data":
[rows 130 to 155 of 181, columns 0 to 57 of 360]
9.708124,8.508123,8.108124,9.608124,8.908124,7.508124,5.7081237,4.108124,2.4081237,3.0081239,2.7081237,3.3081238,4.2081237,5.008124,6.108124,6.508124,5.508124,4.408124,4.408124,4.108124,4.2081237,3.7081237,2.8081238,3.6081238,4.008124,4.8081236,5.7081237,6.508124,6.608124,7.608124,7.508124,7.608124,7.408124,9.608124,11.008123,9.608124,9.508123,12.208124,12.808124,14.408124,17.008123,19.208124,20.208124,20.108124,19.408123,21.108124,19.008123,21.108124,19.108124,17.308125,16.408123,16.608124,16.408123,17.608124,17.408123,17.608124,18.208124,17.308125
10.808124,12.108124,12.808124,12.308124,10.908124,9.208124,8.508123,7.408124,5.8081236,6.908124,6.3081236,6.3081236,7.008124,6.508124,6.508124,6.108124,6.408124,5.408124,4.7081237,4.8081236,5.008124,5.908124,6.408124,6.508124,6.8081236,7.508124,7.7081237,7.8081236,8.408124,8.908124,9.108124,9.708124,9.908124,10.108124,10.308124,11.108124,12.308124,11.508123,13.808124,13.508123,13.508123,15.708124,19.908123,20.908123,20.108124,20.508123,21.308125,19.208124,20.508123,17.008123,13.708124,15.408124,19.008123,19.608124,18.908123,16.708124,19.408123,19.508123
12.408124,12.408124,12.208124,11.608124,11.308124,10.708124,12.008123,11.408124,10.608124,9.608124,9.708124,10.108124,10.008123,9.708124,8.708124,8.608124,8.308124,7.8081236,7.908124,8.108124,9.008123,9.608124,9.508123,9.708124,10.408124,10.508123,10.608124,10.908124,11.808124,12.508123,11.908124,11.708124,11.408124,11.808124,12.108124,12.108124,11.908124,11.608124,11.908124,13.608124,14.308124,15.408124,19.508123,18.908123,20.708124,21.508123,21.308125,21.308125,19.008123,18.508123,14.008123,14.208124,15.908124,19.308125,21.208124,20.408123,19.408123,21.308125
14.108124,13.908124,13.408124,12.508123,12.108124,11.208124,12.508123,12.508123,12.708124,12.808124,12.708124,11.708124,11.208124,12.108124,11.808124,10.808124,11.408124,11.308124,10.608124,11.808124,12.508123,13.108124,13.708124,13.508123,12.108124,11.408124,12.008123,14.308124,16.008123,16.508123,15.808124,15.008123,14.408124,13.608124,13.908124,13.708124,13.408124,13.508123,13.708124,13.508123,14.008123,14.508123,17.108124,16.408123,19.108124,21.508123,21.208124,22.408123,21.708124,19.708124,21.408123,19.108124,17.908123,18.608124,20.708124,22.208124,21.808125,21.608124
16.008123,16.508123,14.408124,11.208124,11.808124,12.708124,12.908124,13.608124,13.408124,13.808124,14.208124,12.708124,12.908124,13.408124,13.108124,12.408124,10.008123,10.908124,9.908124,10.408124,7.908124,9.208124,9.608124,10.208124,10.608124,13.908124,17.208124,15.708124,15.408124,16.608124,17.608124,18.908123,18.408123,17.508123,16.008123,15.608124,15.408124,15.108124,15.208124,15.108124,15.208124,15.908124,16.008123,16.208124,16.608124,16.408123,18.308125,21.708124,21.908123,23.608124,23.808125,26.208124,23.208124,21.208124,22.708124,22.208124,23.008123,23.308125
17.408123,16.308125,15.308124,16.108124,17.008123,15.208124,12.408124,13.708124,13.708124,14.908124,14.408124,11.608124,12.008123,12.808124,12.308124,9.708124,8.308124,9.708124,9.808124,9.508123,10.308124,10.108124,10.108124,10.108124,11.208124,13.208124,14.208124,14.508123,15.108124,15.808124,16.608124,18.308125,18.208124,19.608124,20.208124,20.108124,18.808125,18.108124,17.308125,16.908123,16.808125,16.508123,17.208124,17.808125,18.508123,19.108124,19.908123,19.208124,19.408123,22.808125,24.408123,25.008123,24.308125,23.308125,22.808125,24.208124,24.808125,23.608124
15.508123,15.408124,15.208124,16.108124,15.108124,14.708124,14.008123,13.708124,13.308124,13.908124,13.308124,8.808124,8.808124,11.108124,11.308124,10.608124,9.808124,12.208124,11.408124,10.908124,10.408124,10.008123,9.808124,10.108124,10.808124,11.708124,12.708124,13.708124,14.708124,16.108124,17.308125,18.308125,18.108124,19.108124,20.108124,21.008123,21.008123,20.908123,19.508123,18.308125,18.708124,18.008123,17.908123,18.208124,18.808125,19.208124,19.708124,19.808125,19.508123,21.508123,23.208124,22.108124,20.708124,23.508123,23.008123,23.908123,24.008123,25.008123
16.508123,16.908123,16.708124,15.108124,15.608124,15.008123,14.308124,13.608124,11.008123,10.208124,10.808124,10.808124,10.908124,12.008123,11.608124,11.708124,10.408124,13.508123,13.508123,12.208124,11.408124,10.808124,11.208124,11.908124,12.708124,13.808124,14.708124,15.808124,16.808125,16.908123,17.408123,18.808125,20.308125,19.508123,19.308125,20.008123,22.108124,23.208124,22.508123,20.508123,19.508123,19.508123,19.508123,19.808125,19.808125,19.508123,19.608124,19.608124,18.608124,19.808125,20.408123,22.508123,22.708124,19.308125,19.808125,21.308125,21.108124,22.308125
16.808125,15.808124,16.608124,16.308125,15.208124,16.308125,16.108124,13.808124,13.608124,13.008123,13.308124,13.108124,12.008123,11.608124,12.308124,14.208124,14.608124,14.108124,13.508123,13.108124,12.108124,11.808124,12.908124,14.008123,14.608124,15.708124,16.608124,17.708124,18.908123,19.908123,19.708124,19.708124,20.208124,21.208124,21.008123,22.008123,21.508123,22.708124,24.608124,24.208124,20.508123,19.408123,20.508123,20.508123,20.708124,20.608124,19.908123,19.808125,18.208124,16.208124,17.108124,17.808125,17.608124,16.908123,16.908123,18.408123,19.808125,21.308125
9.608124,11.108124,16.208124,16.308125,15.908124,15.708124,15.508123,14.808124,14.708124,14.208124,15.308124,14.608124,13.908124,13.208124,12.708124,13.708124,14.108124,13.808124,13.908124,13.708124,13.408124,13.608124,14.408124,15.508123,16.408123,17.608124,18.408123,18.508123,19.008123,19.708124,20.808125,20.308125,20.408123,21.208124,22.108124,22.608124,23.108124,22.708124,21.908123,21.908123,21.208124,22.508123,22.708124,22.108124,21.608124,21.408123,20.908123,20.008123,18.908123,19.808125,19.008123,18.608124,18.808125,13.908124,17.008123,19.908123,21.708124,22.408123
11.108124,14.908124,12.908124,15.608124,16.408123,15.908124,16.208124,16.608124,16.108124,15.808124,17.408123,15.008123,13.908124,15.908124,14.608124,14.108124,15.408124,15.108124,14.908124,15.008123,14.608124,15.908124,16.708124,17.408123,18.108124,18.808125,18.708124,18.608124,18.608124,19.008123,19.408123,19.508123,19.808125,19.708124,20.508123,20.808125,21.608124,21.808125,21.908123,23.408123,24.708124,25.008123,24.808125,24.708124,23.908123,23.108124,22.208124,21.008123,19.908123,18.608124,18.508123,19.008123,18.408123,18.608124,20.108124,20.508123,20.508123,19.608124
13.108124,11.408124,7.8081236,14.708124,8.908124,15.008123,18.408123,16.208124,15.608124,15.908124,15.508123,15.508123,13.608124,14.208124,14.908124,15.108124,15.508123,16.808125,16.708124,16.608124,17.408123,17.908123,18.208124,18.208124,18.208124,18.908123,17.508123,17.008123,17.208124,17.408123,18.308125,19.608124,20.408123,20.808125,21.308125,21.908123,22.408123,23.108124,23.508123,24.408123,25.708124,26.608124,27.208124,26.708124,25.808125,24.608124,22.808125,21.308125,20.008123,18.908123,17.708124,18.208124,18.908123,18.808125,16.908123,16.908123,16.108124,15.308124
12.808124,12.108124,14.408124,14.808124,12.708124,16.108124,18.008123,17.608124,16.008123,15.008123,14.908124,15.108124,14.408124,14.908124,16.708124,17.708124,16.708124,16.908123,17.608124,17.708124,18.908123,18.708124,18.008123,18.308125,17.508123,16.208124,16.108124,16.708124,17.308125,17.308125,17.608124,18.208124,19.708124,19.708124,20.308125,21.208124,21.508123,21.408123,23.108124,22.808125,27.608124,31.608124,30.708124,27.908123,25.708124,24.008123,21.508123,20.608124,19.508123,19.308125,18.808125,18.308125,18.508123,17.908123,18.808125,14.308124,13.808124,13.208124
14.008123,12.108124,13.308124,16.008123,17.908123,16.308125,19.008123,20.008123,15.508123,14.408124,12.808124,13.108124,13.308124,14.308124,15.208124,16.908123,17.508123,17.808125,18.308125,18.508123,18.508123,18.608124,16.108124,16.708124,16.508123,16.008123,16.508123,16.608124,17.008123,17.008123,16.908123,16.408123,16.108124,15.808124,18.808125,18.808125,14.208124,16.808125,19.208124,22.408123,25.908123,22.408123,20.508123,20.008123,20.108124,18.708124,17.508123,16.108124,17.108124,18.308125,17.908123,17.408123,17.308125,15.008123,11.508123,11.208124,10.508123,10.808124
11.608124,13.908124,15.608124,17.108124,17.408123,18.908123,19.308125,16.708124,18.208124,15.708124,14.408124,14.108124,15.108124,15.208124,15.208124,16.008123,17.808125,17.708124,18.008123,18.408123,18.008123,16.208124,14.808124,17.008123,16.608124,16.908123,16.908123,17.308125,16.708124,16.008123,15.508123,14.708124,12.408124,13.108124,9.908124,10.808124,10.708124,11.608124,12.408124,10.608124,9.808124,10.808124,11.308124,12.308124,12.808124,12.208124,12.908124,14.008123,14.308124,15.308124,14.008123,2.1081238,2.3081238,4.508124,6.908124,10.608124,11.208124,12.808124
13.908124,16.708124,17.908123,19.308125,18.808125,18.608124,18.608124,12.708124,13.808124,10.508123,12.808124,13.908124,14.508123,14.708124,14.808124,15.308124,16.408123,16.708124,17.408123,17.308125,14.208124,13.708124,15.408124,15.408124,15.808124,16.508123,16.708124,16.208124,15.108124,13.208124,13.108124,12.908124,11.608124,9.808124,9.008123,9.408124,8.908124,7.2081237,5.508124,2.6081238,-0.8918762,-5.391876,-8.591876,-9.591876,-9.791876,-10.591876,-10.491877,-8.091876,-5.1918764,-2.5918763,-0.19187622,2.1081238,4.7081237,7.008124,9.208124,11.108124,12.808124,13.808124
16.808125,15.308124,15.708124,17.508123,16.408123,14.308124,11.308124,7.7081237,11.308124,12.108124,12.708124,10.708124,11.808124,11.808124,13.508123,14.908124,15.208124,14.508123,13.808124,11.308124,12.708124,13.008123,14.308124,14.008123,13.408124,14.208124,13.708124,13.508123,12.708124,11.908124,10.908124,10.708124,10.108124,9.308124,8.808124,8.008123,8.008123,7.008124,5.508124,3.2081237,0.80812377,-1.2918762,-2.8918762,-3.8918762,-3.8918762,-3.1918762,-2.2918763,-1.4918762,-0.09187622,1.7081238,3.2081237,4.908124,6.8081236,8.608124,10.508123,12.108124,13.508123,14.108124
11.808124,11.108124,11.108124,10.008123,10.708124,7.508124,4.7081237,3.1081238,4.908124,2.5081239,3.7081237,7.2081237,9.708124,10.608124,12.108124,12.408124,9.708124,6.608124,8.708124,10.908124,11.408124,11.708124,11.608124,11.308124,11.708124,11.808124,11.708124,11.308124,11.108124,11.008123,10.608124,10.108124,9.108124,7.908124,7.2081237,7.408124,7.408124,6.508124,6.008124,4.908124,3.3081238,1.8081238,0.80812377,-0.39187622,0.30812377,0.6081238,0.9081238,1.9081237,3.0081239,3.5081239,4.7081237,6.108124,6.408124,4.7081237,4.008124,5.008124,6.008124,7.608124
2.1081238,3.7081237,5.908124,5.8081236,6.7081237,3.2081237,3.2081237,4.7081237,8.208124,10.808124,8.608124,9.208124,5.608124,0.6081238,-2.2918763,-1.7918762,-0.39187622,0.80812377,1.9081237,2.6081238,1.4081237,4.7081237,9.708124,9.608124,9.908124,10.108124,10.708124,10.708124,10.508123,10.508123,9.908124,9.308124,8.708124,8.208124,7.508124,7.408124,7.108124,6.508124,6.508124,5.908124,4.408124,3.1081238,1.8081238,2.2081237,2.2081237,2.5081239,2.3081238,3.6081238,2.1081238,0.80812377,1.0081238,0.20812377,-0.09187622,-0.29187623,-0.4918762,-0.8918762,-2.1918762,-3.4918761
-1.0918763,1.2081238,2.4081237,3.9081237,5.608124,6.908124,5.2081237,5.2081237,3.0081239,-2.4918761,-4.1918764,-4.6918764,-5.091876,-4.2918763,-3.1918762,-2.2918763,-0.69187623,1.0081238,1.9081237,2.8081238,3.6081238,6.2081237,7.8081236,8.808124,10.108124,10.308124,9.408124,10.408124,11.108124,10.508123,10.608124,10.008123,9.508123,9.408124,8.608124,8.608124,7.908124,6.908124,6.7081237,6.108124,3.0081239,2.0081239,3.2081237,3.0081239,2.5081239,3.5081239,-1.3918762,-3.6918762,-2.8918762,-2.6918762,-2.7918763,-1.9918762,-2.2918763,-2.0918763,-2.4918761,-3.5918763,-3.9918761,-3.4918761
-1.8918762,-0.39187622,1.0081238,1.2081238,-0.7918762,-3.9918761,-6.491876,-7.391876,-7.6918764,-8.391876,-7.991876,-6.891876,-5.891876,-4.491876,-3.4918761,-1.9918762,0.10812378,1.3081238,1.9081237,2.0081239,2.9081237,3.6081238,4.408124,6.408124,8.908124,8.808124,9.108124,10.708124,10.408124,10.708124,9.508123,9.108124,8.608124,8.008123,6.8081236,6.8081236,6.508124,6.608124,6.608124,4.408124,-0.69187623,0.80812377,2.6081238,3.0081239,-2.4918761,-3.5918763,-2.9918761,-3.0918763,-3.2918763,-3.6918762,-4.091876,-4.1918764,-4.2918763,-4.491876,-4.991876,-5.1918764,-4.6918764,-4.391876
-12.691876,-12.391876,-11.691876,-11.591876,-11.391876,-11.991877,-11.691876,-10.191876,-8.691876,-7.491876,-6.1918764,-5.7918763,-5.391876,-4.091876,-3.3918762,-3.0918763,-1.8918762,0.00812378,1.7081238,3.1081238,3.8081238,4.8081236,5.8081236,7.108124,7.7081237,8.808124,9.208124,10.308124,11.308124,11.308124,10.508123,9.108124,7.508124,6.108124,4.108124,4.608124,4.508124,5.608124,1.8081238,-1.5918763,-0.09187622,1.0081238,-0.5918762,-3.2918763,-3.6918762,-2.6918762,-5.091876,-6.091876,-5.591876,-5.7918763,-5.091876,-6.2918763,-5.6918764,-5.591876,-6.1918764,-5.491876,-4.091876,-4.891876
-10.891876,-10.991877,-10.791876,-10.491877,-10.491877,-9.491877,-9.491877,-9.891876,-9.591876,-9.191876,-8.491877,-7.091876,-5.1918764,-3.8918762,-2.1918762,-0.5918762,1.0081238,2.3081238,3.2081237,4.108124,4.8081236,4.908124,6.408124,7.2081237,7.008124,7.508124,7.608124,7.2081237,3.5081239,2.9081237,2.0081239,2.0081239,2.6081238,2.9081237,2.7081237,3.5081239,2.9081237,1.2081238,-0.09187622,0.4081238,0.9081238,-3.3918762,-4.391876,-3.7918763,-4.1918764,-4.391876,-5.491876,-5.7918763,-5.7918763,-7.2918763,-4.991876,-5.591876,-6.591876,-7.991876,-6.391876,-5.991876,-6.1918764,-6.7918763
-7.2918763,-8.491877,-8.491877,-8.491877,-8.591876,-8.691876,-8.391876,-8.191876,-7.1918764,-6.6918764,-5.6918764,-4.2918763,-2.7918763,-1.7918762,-0.19187622,1.0081238,2.2081237,2.7081237,3.9081237,4.3081236,3.7081237,3.1081238,2.3081238,1.8081238,1.5081238,0.6081238,-0.09187622,-0.19187622,-0.29187623,-0.09187622,-0.4918762,-0.69187623,-0.5918762,-1.1918762,-2.5918763,-2.5918763,-1.7918762,-0.4918762,-0.39187622,-0.99187624,-3.2918763,-4.2918763,-3.8918762,-3.3918762,-3.7918763,-4.091876,-7.491876,-8.391876,-4.591876,-8.791876,-7.6918764,-6.391876,-8.591876,-7.7918763,-4.991876,-5.2918763,-5.6918764,-6.591876
-4.591876,-5.1918764,-5.591876,-4.6918764,-4.6918764,-4.891876,-4.891876,-4.891876,-4.591876,-4.1918764,-3.3918762,-2.0918763,-0.8918762,-0.19187622,0.6081238,1.5081238,1.3081238,1.4081237,0.80812377,0.10812378,-0.09187622,-0.39187622,-0.8918762,-1.5918763,-2.2918763,-2.5918763,-2.4918761,-2.5918763,-2.5918763,-3.6918762,-3.9918761,-4.091876,-3.7918763,-3.4918761,-2.4918761,-1.8918762,-1.5918763,-2.7918763,-4.491876,-5.391876,-5.7918763,-5.6918764,-6.991876,-6.491876,-5.991876,-5.891876,-6.091876,-5.591876,-5.491876,-9.691876,-10.691876,-11.791876,-12.591876,-11.991877,-9.391876,-9.191876,-9.091876,-9.691876
-3.2918763,-3.3918762,-3.2918763,-3.0918763,-2.8918762,-2.7918763,-2.5918763,-2.2918763,-1.6918762,-1.0918763,-0.39187622,-0.5918762,-0.19187622,0.7081238,0.00812378,0.50812376,-0.09187622,-0.5918762,-1.3918762,-1.2918762,-1.1918762,-2.1918762,-2.7918763,-3.2918763,-3.3918762,-3.5918763,-3.8918762,-4.1918764,-4.991876,-5.391876,-5.6918764,-5.591876,-5.6918764,-5.7918763,-6.091876,-6.591876,-7.391876,-7.391876,-7.591876,-8.291876,-8.991877,-9.091876,-9.891876,-9.191876,-8.591876,-6.7918763,-5.891876,-5.2918763,-4.891876,-3.5918763,-3.9918761,-3.5918763,-3.6918762,-6.891876,-9.191876,-7.7918763,-6.491876,-6.991876
