nws-json/uv_20190820_00.f000.json
{"header": { "discipline":0, "disciplineName":"Meteorological products", "gribEdition":2, "gribLength":55572, "center":7, "centerName":"US National Weather Service - NCEP(WMC)", "subcenter":0, "refTime":"2019-08-20T00:00:00.000Z", "significanceOfRT":1, "significanceOfRTName":"Start of forecast", "productStatus":0, "productStatusName":"Operational products", "productType":1, "productTypeName":"Forecast products", "productDefinitionTemplate":0, "productDefinitionTemplateName":"Analysis/forecast at horizontal level/layer at a point in time", "parameterCategory":2, "parameterCategoryName":"Momentum", "parameterNumber":3, "parameterNumberName":"V-component_of_wind", "parameterUnit":"m.s-1", "genProcessType":2, "genProcessTypeName":"Forecast", "forecastTime":0, "surface1Type":220, "surface1TypeName":"Planetary Boundary Layer", "surface1Value":0.0, "surface2Type":255, "surface2TypeName":"Missing", "surface2Value":0.0, "gridDefinitionTemplate":0, "gridDefinitionTemplateName":"Latitude_Longitude", "numberPoints":65160, "shape":6, "shapeName":"Earth spherical with radius of 6,371,229.0 m", "gridUnits":"degrees", "resolution":48, "winds":"true", "scanMode":0, "nx":360, "ny":181, "basicAngle":0, "lo1":0.0, "la1":90.0, "lo2":359.0, "la2":-90.0, "dx":1.0, "dy":1.0 }, "data":
[rows 52 to 77 of 181, columns 232 to 289 of 360]
-3.8170714,-1.3170716,-2.1170716,-2.1170716,-2.2170715,-0.31707153,3.2829285,-2.1170716,2.0829284,0.5829285,2.0829284,6.0829287,7.9829283,4.6829286,5.4829283,5.4829283,4.1829286,6.0829287,5.1829286,1.8829285,1.8829285,-2.4170716,3.4829285,1.1829284,2.8829284,1.6829284,5.1829286,5.9829283,13.882929,13.182928,8.482928,10.082929,6.8829284,4.0829287,2.9829285,3.0829284,1.7829285,-0.9170715,9.082929,4.4829283,0.78292847,-1.5170715,-0.017071534,0.98292845,-0.21707153,-1.8170716,1.9829285,0.18292847,-1.3170716,-0.71707153,0.8829285,7.3829284,7.2829285,7.4829283,5.1829286,4.8829284,2.1829286,-0.41707152
-0.21707153,-2.1170716,-2.8170714,-2.7170715,-3.2170715,-3.4170716,1.3829285,1.6829284,-0.81707156,1.5829284,4.3829284,6.5829287,8.282928,5.5829287,4.4829283,2.2829285,3.1829286,3.7829285,3.9829285,-0.31707153,2.1829286,0.78292847,0.38292846,5.0829287,7.3829284,5.4829283,19.582928,17.082928,7.2829285,4.2829285,2.8829284,8.482928,5.5829287,0.8829285,0.082928464,-0.51707155,5.1829286,4.7829285,5.0829287,2.0829284,1.1829284,1.1829284,-0.9170715,-2.5170715,-2.2170715,0.98292845,1.1829284,0.38292846,0.68292844,1.0829284,2.2829285,1.3829285,6.4829283,7.8829284,4.7829285,4.7829285,3.8829284,0.98292845
-1.0170715,-1.3170716,-4.0170717,-3.3170714,-3.5170715,-4.2170715,-6.3170714,3.7829285,0.082928464,-2.8170714,5.9829283,5.6829286,4.5829287,4.5829287,5.2829285,3.4829285,3.1829286,0.082928464,2.7829285,0.98292845,-0.41707152,0.8829285,1.9829285,7.4829283,16.382929,13.782928,15.882929,-5.3170714,10.082929,6.7829285,6.6829286,7.2829285,4.1829286,4.7829285,1.4829285,4.3829284,7.2829285,3.6829286,3.0829284,3.1829286,2.0829284,0.5829285,-0.6170715,-2.1170716,1.6829284,2.3829284,1.9829285,5.8829284,1.9829285,5.7829285,1.7829285,1.8829285,7.5829287,6.7829285,2.8829284,3.2829285,4.0829287,3.2829285
-0.41707152,-1.8170716,-2.9170716,-2.3170714,-4.0170717,-5.5170717,-5.5170717,-5.0170717,0.38292846,-3.0170715,6.7829285,5.1829286,1.2829285,4.5829287,5.8829284,3.8829284,1.3829285,0.8829285,0.18292847,1.5829284,0.5829285,1.3829285,11.482928,13.082929,14.382929,9.682928,3.4829285,5.2829285,7.2829285,7.5829287,7.9829283,8.382929,7.4829283,2.7829285,1.3829285,1.7829285,0.98292845,1.0829284,0.68292844,1.0829284,6.0829287,-0.21707153,0.48292845,-2.4170716,0.48292845,-3.0170715,-0.21707153,-0.71707153,0.38292846,2.9829285,3.4829285,4.6829286,6.7829285,5.8829284,4.0829287,4.2829285,2.9829285,2.9829285
-2.1170716,-0.41707152,-0.81707156,-3.7170715,-2.4170716,-3.8170714,-5.2170715,-6.1170716,-3.9170716,-2.1170716,2.2829285,-0.21707153,2.3829284,4.8829284,3.8829284,2.1829286,0.68292844,0.38292846,0.78292847,0.78292847,2.0829284,5.7829285,5.6829286,-4.5170717,1.5829284,8.182928,2.4829285,7.0829287,5.9829283,4.5829287,6.2829285,4.7829285,6.8829284,6.4829283,1.1829284,-0.9170715,0.28292847,2.6829286,2.4829285,3.6829286,-5.3170714,-1.5170715,-1.1170715,-0.81707156,-0.11707153,-1.1170715,5.6829286,5.0829287,5.3829284,2.6829286,5.2829285,4.7829285,3.8829284,2.7829285,3.6829286,3.0829284,3.5829284,3.8829284
-4.5170717,-1.9170716,-2.3170714,-3.5170715,-4.7170715,-5.0170717,-5.7170715,-6.6170716,-6.1170716,-4.8170714,-4.0170717,-0.41707152,2.9829285,2.0829284,2.4829285,1.0829284,-1.9170716,-2.2170715,-2.9170716,-0.017071534,-0.41707152,1.5829284,-0.6170715,-8.717072,7.8829284,7.7829285,6.0829287,6.5829287,6.0829287,4.1829286,4.3829284,3.6829286,3.3829284,1.7829285,7.0829287,1.3829285,4.7829285,3.2829285,0.78292847,1.2829285,4.9829283,1.1829284,1.1829284,-0.31707153,-0.6170715,4.3829284,4.9829283,4.1829286,4.6829286,4.5829287,3.9829285,3.8829284,4.2829285,3.0829284,1.9829285,2.5829284,2.8829284,3.3829284
-3.8170714,-3.2170715,-2.7170715,-4.1170716,-4.7170715,-5.9170713,-5.4170713,-7.9170713,-8.117071,-6.8170714,-7.4170713,-7.4170713,0.082928464,3.9829285,2.1829286,0.5829285,-1.8170716,-2.9170716,-3.2170715,-2.2170715,-1.8170716,3.0829284,0.38292846,-0.41707152,5.6829286,6.9829283,5.9829283,5.1829286,4.0829287,3.8829284,2.4829285,2.3829284,2.5829284,1.9829285,0.18292847,1.6829284,-0.017071534,-1.5170715,0.48292845,4.6829286,0.18292847,6.4829283,2.7829285,1.0829284,0.98292845,8.382929,5.1829286,5.9829283,4.9829283,4.1829286,3.7829285,3.9829285,2.8829284,1.8829285,1.7829285,1.7829285,1.9829285,2.2829285
-2.3170714,-3.1170716,-3.8170714,-3.0170715,-4.9170713,-5.5170717,-6.8170714,-9.117071,-8.717072,-9.217072,-9.417071,-10.617071,-0.9170715,-0.017071534,1.5829284,0.68292844,-2.3170714,-5.9170713,-2.3170714,-1.2170715,-3.0170715,-2.0170715,2.5829284,1.0829284,3.5829284,6.8829284,6.4829283,4.3829284,3.4829285,3.6829286,2.4829285,2.9829285,3.5829284,5.6829286,0.68292844,6.1829286,6.1829286,2.2829285,1.0829284,0.28292847,1.6829284,3.6829286,4.3829284,3.1829286,3.0829284,7.0829287,0.98292845,5.1829286,3.9829285,4.4829283,3.6829286,2.1829286,1.8829285,1.4829285,0.98292845,2.0829284,2.5829284,2.4829285
-3.3170714,-3.9170716,-4.2170715,-3.6170716,-5.0170717,-5.9170713,-7.3170714,-7.8170714,-8.517072,-9.117071,-9.417071,-9.917071,-9.917071,-2.2170715,0.38292846,1.7829285,-3.4170716,-3.3170714,-2.7170715,-1.2170715,0.68292844,-2.0170715,0.98292845,1.9829285,2.0829284,2.0829284,5.3829284,5.0829287,4.2829285,3.2829285,3.5829284,5.8829284,4.7829285,5.1829286,3.6829286,2.6829286,5.0829287,1.6829284,-0.11707153,-1.2170715,2.0829284,3.8829284,3.2829285,1.9829285,4.2829285,1.5829284,-2.1170716,3.5829284,4.8829284,2.5829284,1.2829285,1.5829284,1.2829285,0.8829285,1.2829285,1.3829285,1.6829284,1.8829285
-4.0170717,-4.4170713,-4.2170715,-4.7170715,-5.2170715,-5.7170715,-6.8170714,-7.0170717,-8.117071,-9.817072,-11.917071,-10.217072,-9.017072,-4.7170715,2.3829284,3.1829286,1.8829285,-2.2170715,-2.9170716,-1.3170716,-0.6170715,-4.3170714,1.0829284,1.0829284,0.68292844,2.9829285,6.5829287,4.5829287,3.9829285,3.1829286,5.3829284,6.4829283,7.3829284,6.4829283,5.7829285,3.1829286,3.9829285,1.7829285,3.8829284,4.4829283,2.9829285,0.18292847,-0.017071534,2.1829286,0.48292845,-2.5170715,3.9829285,1.6829284,2.2829285,2.3829284,2.2829285,4.1829286,2.8829284,1.7829285,2.2829285,1.9829285,2.3829284,2.8829284
-4.2170715,-4.0170717,-4.4170713,-4.4170713,-5.1170716,-5.7170715,-6.4170713,-7.5170717,-8.917071,-9.717072,-9.017072,-8.417071,-8.017072,-1.0170715,-7.1170716,-1.2170715,2.1829286,-1.6170715,-4.4170713,-2.2170715,-5.1170716,0.38292846,0.082928464,2.0829284,-0.41707152,1.3829285,1.3829285,3.4829285,3.4829285,4.2829285,7.3829284,7.1829286,6.0829287,4.9829283,4.0829287,4.6829286,2.5829284,3.1829286,3.6829286,0.38292846,-2.3170714,-1.3170716,1.8829285,1.4829285,0.082928464,-3.8170714,-1.1170715,0.18292847,-0.31707153,1.3829285,3.3829284,5.0829287,3.0829284,2.2829285,1.4829285,2.0829284,2.5829284,3.1829286
-3.7170715,-3.6170716,-3.7170715,-4.2170715,-4.7170715,-6.1170716,-6.8170714,-7.7170715,-8.217072,-8.317072,-7.5170717,-8.117071,-8.517072,-9.217072,-3.5170715,-6.8170714,-1.0170715,-0.51707155,1.0829284,-2.7170715,0.48292845,-1.8170716,-1.2170715,-2.7170715,-2.0170715,1.6829284,-2.6170716,2.0829284,4.5829287,4.6829286,6.6829286,5.7829285,4.9829283,4.4829283,4.2829285,3.3829284,1.7829285,-3.5170715,-0.11707153,1.0829284,-0.51707155,-1.7170715,0.38292846,-1.5170715,-1.3170716,-4.0170717,-3.1170716,-0.6170715,0.68292844,1.8829285,3.1829286,3.7829285,3.1829286,2.3829284,1.9829285,1.0829284,1.5829284,1.4829285
-3.2170715,-3.4170716,-4.0170717,-3.8170714,-5.1170716,-5.9170713,-7.1170716,-7.2170715,-7.3170714,-7.4170713,-7.1170716,-7.5170717,-8.217072,-8.817072,-5.7170715,-3.4170716,-1.8170716,-0.31707153,0.18292847,-3.3170714,-0.31707153,-5.3170714,-0.21707153,-3.1170716,-2.1170716,-1.8170716,-4.5170717,0.38292846,3.5829284,6.6829286,7.7829285,6.1829286,5.5829287,4.7829285,4.1829286,2.7829285,1.0829284,1.1829284,0.18292847,-0.6170715,-0.017071534,-0.51707155,-1.6170715,-0.6170715,-0.81707156,-3.0170715,0.38292846,2.0829284,2.3829284,3.1829286,2.8829284,3.1829286,2.4829285,1.6829284,0.98292845,1.2829285,1.1829284,0.38292846
-3.1170716,-3.3170714,-3.5170715,-4.0170717,-5.1170716,-6.1170716,-6.5170717,-6.3170714,-6.2170715,-6.3170714,-7.1170716,-7.8170714,-8.617071,-7.6170716,-6.9170713,-5.5170717,-4.4170713,-3.2170715,-0.11707153,0.18292847,0.8829285,2.4829285,-1.1170715,-2.0170715,-2.4170716,-2.7170715,-5.2170715,0.68292844,-0.017071534,7.5829287,6.8829284,5.4829283,5.1829286,4.7829285,2.9829285,0.8829285,-0.51707155,-1.3170716,-0.81707156,0.5829285,-0.11707153,-1.8170716,-1.6170715,-1.5170715,-1.7170715,-0.31707153,3.3829284,3.1829286,1.1829284,6.5829287,3.0829284,2.2829285,1.0829284,1.5829284,1.1829284,0.28292847,0.48292845,-0.017071534
-2.7170715,-3.0170715,-3.6170716,-4.4170713,-5.0170717,-5.4170713,-5.2170715,-5.4170713,-6.1170716,-7.1170716,-7.5170717,-7.3170714,-7.6170716,-8.417071,-7.0170717,-5.7170715,-4.7170715,-3.0170715,-2.4170716,-1.2170715,0.28292847,-0.9170715,0.082928464,-5.1170716,-1.5170715,-2.9170716,-2.2170715,-1.6170715,-2.3170714,4.1829286,6.2829285,5.2829285,5.0829287,3.6829286,2.3829284,-0.017071534,-1.2170715,-0.9170715,-0.41707152,-0.41707152,-1.5170715,-3.0170715,-3.1170716,-2.6170716,-0.81707156,1.3829285,1.1829284,2.3829284,2.2829285,2.3829284,1.5829284,1.3829285,0.68292844,0.48292845,0.5829285,0.8829285,0.48292845,0.98292845
-2.5170715,-3.1170716,-3.5170715,-4.3170714,-4.9170713,-4.9170713,-5.5170717,-5.7170715,-6.3170714,-7.0170717,-7.1170716,-7.1170716,-7.5170717,-7.8170714,-7.3170714,-6.3170714,-5.0170717,-4.4170713,-2.8170714,0.28292847,-0.11707153,-1.2170715,-1.6170715,0.68292844,-1.3170716,-1.9170716,-0.31707153,2.3829284,2.6829286,3.9829285,2.5829284,3.6829286,3.2829285,2.0829284,1.0829284,-0.41707152,-2.2170715,-1.6170715,-1.2170715,-0.51707155,-1.1170715,-1.3170716,-1.6170715,-1.9170716,-0.31707153,1.4829285,1.8829285,1.9829285,1.2829285,1.4829285,0.48292845,0.28292847,-0.31707153,0.28292847,0.18292847,0.48292845,0.38292846,0.082928464
-3.6170716,-3.5170715,-4.1170716,-4.5170717,-5.1170716,-4.7170715,-4.9170713,-5.7170715,-6.0170717,-6.0170717,-6.4170713,-6.9170713,-7.1170716,-6.8170714,-6.2170715,-5.8170714,-5.3170714,-4.8170714,-5.2170715,-2.4170716,0.8829285,0.38292846,-1.6170715,-1.4170716,-0.017071534,-1.7170715,-2.4170716,-2.8170714,2.8829284,-0.41707152,1.3829285,2.6829286,1.6829284,-0.41707152,-1.6170715,-2.5170715,-4.6170716,-4.9170713,-3.3170714,-3.0170715,-2.0170715,-0.11707153,-0.11707153,1.3829285,1.7829285,1.0829284,2.1829286,2.1829286,-0.41707152,-3.1170716,-1.1170715,-0.51707155,1.1829284,0.98292845,0.78292847,-0.31707153,-0.9170715,-0.81707156
-4.0170717,-4.4170713,-4.0170717,-4.1170716,-4.2170715,-4.1170716,-4.5170717,-5.0170717,-5.4170713,-5.5170717,-5.8170714,-5.7170715,-5.8170714,-5.6170716,-6.0170717,-5.9170713,-5.4170713,-5.1170716,-4.2170715,-2.4170716,-0.6170715,-0.81707156,-0.9170715,-0.9170715,0.78292847,-1.1170715,-2.2170715,-8.917071,-3.3170714,-2.0170715,1.3829285,2.0829284,-0.31707153,-2.1170716,-3.1170716,-5.3170714,-6.1170716,-4.8170714,-3.3170714,-3.6170716,1.8829285,0.28292847,1.6829284,1.7829285,1.9829285,2.1829286,2.4829285,2.6829286,1.2829285,-0.41707152,-3.3170714,-3.4170716,0.78292847,1.7829285,-0.71707153,-2.0170715,-1.8170716,-0.017071534
-4.0170717,-3.8170714,-3.6170716,-3.5170715,-3.3170714,-3.7170715,-5.0170717,-5.2170715,-5.6170716,-5.5170717,-5.1170716,-4.6170716,-4.7170715,-4.8170714,-4.8170714,-4.9170713,-5.1170716,-4.7170715,-4.0170717,-2.7170715,-1.5170715,-1.0170715,-2.0170715,1.3829285,2.7829285,-0.81707156,-3.8170714,-3.3170714,-5.6170716,-5.8170714,-2.6170716,-0.81707156,-0.6170715,-2.7170715,-4.1170716,-5.9170713,-11.017072,-12.117071,-0.71707153,1.6829284,1.2829285,-0.31707153,-0.41707152,-0.81707156,-0.9170715,-2.0170715,2.3829284,0.98292845,1.4829285,2.1829286,0.98292845,0.082928464,2.0829284,-0.41707152,-4.7170715,-2.1170716,-1.3170716,1.5829284
-3.7170715,-3.1170716,-3.1170716,-3.2170715,-3.6170716,-4.1170716,-4.3170714,-5.0170717,-5.1170716,-5.3170714,-4.9170713,-4.2170715,-3.8170714,-3.8170714,-4.1170716,-4.1170716,-4.2170715,-4.2170715,-3.9170716,-3.2170715,-2.3170714,-2.0170715,-2.0170715,-2.7170715,0.38292846,0.98292845,-1.4170716,0.38292846,-0.9170715,-0.81707156,-8.217072,-3.4170716,-4.4170713,-4.3170714,-6.1170716,-7.2170715,-7.3170714,-7.2170715,1.0829284,2.7829285,0.5829285,-0.81707156,-0.41707152,-1.0170715,-0.41707152,-0.31707153,1.3829285,-0.51707155,0.18292847,1.0829284,1.2829285,2.5829284,0.082928464,-2.9170716,-6.9170713,-5.1170716,-3.4170716,-0.31707153
-3.0170715,-2.7170715,-3.5170715,-3.5170715,-3.6170716,-4.2170715,-4.5170717,-4.1170716,-4.6170716,-4.2170715,-3.7170715,-3.6170716,-3.6170716,-3.3170714,-3.4170716,-3.7170715,-4.0170717,-4.5170717,-4.4170713,-4.0170717,-3.3170714,-2.2170715,-1.9170716,-1.6170715,-2.0170715,-1.4170716,2.2829285,-0.9170715,-1.5170715,-1.8170716,-1.5170715,-1.6170715,-4.2170715,-0.017071534,-5.0170717,0.8829285,-1.6170715,-8.517072,0.48292845,1.5829284,-2.0170715,-2.0170715,-0.6170715,1.2829285,0.78292847,-0.017071534,-2.5170715,0.68292844,1.0829284,4.5829287,3.0829284,3.4829285,2.2829285,0.78292847,-0.21707153,2.6829286,6.3829284,-0.21707153
-3.6170716,-3.4170716,-4.2170715,-4.2170715,-4.5170717,-6.0170717,-6.1170716,-5.0170717,-3.5170715,-2.8170714,-2.8170714,-3.2170715,-2.8170714,-3.4170716,-4.1170716,-3.8170714,-3.8170714,-3.6170716,-4.0170717,-3.6170716,-2.9170716,-2.9170716,-2.7170715,-2.5170715,-2.0170715,-1.2170715,1.6829284,-0.9170715,0.082928464,2.3829284,2.0829284,-2.4170716,-2.5170715,-4.2170715,-0.81707156,-1.4170716,0.78292847,1.3829285,-1.1170715,-0.31707153,-2.7170715,-1.8170716,-0.017071534,0.98292845,-0.9170715,-0.51707155,-1.1170715,-1.3170716,0.38292846,3.6829286,3.2829285,1.5829284,1.3829285,0.68292844,0.8829285,0.082928464,-0.11707153,-0.41707152
-4.2170715,-4.4170713,-4.4170713,-5.3170714,-6.2170715,-7.0170717,-4.5170717,-1.9170716,0.8829285,2.3829284,2.0829284,1.0829284,0.68292844,-0.31707153,-2.5170715,-2.3170714,-3.2170715,-3.2170715,-3.6170716,-3.0170715,-2.5170715,-1.6170715,-1.6170715,-2.0170715,-0.81707156,0.28292847,0.68292844,1.5829284,1.2829285,2.6829286,5.0829287,-0.9170715,-0.31707153,-2.8170714,1.2829285,1.4829285,-0.81707156,0.5829285,1.2829285,-4.3170714,-3.0170715,-2.0170715,-1.4170716,1.6829284,-0.41707152,-2.0170715,-2.7170715,-3.6170716,3.5829284,1.8829285,1.6829284,1.2829285,0.78292847,-0.41707152,-0.71707153,-0.21707153,-0.21707153,-0.21707153
-3.4170716,-5.7170715,-5.8170714,-4.7170715,-4.3170714,-2.4170716,-2.5170715,5.4829283,6.2829285,6.6829286,6.5829287,8.882929,4.8829284,0.98292845,-0.81707156,-2.4170716,-2.7170715,-3.5170715,-3.1170716,-2.9170716,-1.6170715,-1.0170715,-0.71707153,-1.0170715,-0.6170715,0.5829285,2.3829284,3.5829284,2.4829285,3.1829286,-0.21707153,5.0829287,-0.21707153,1.7829285,4.1829286,8.882929,2.2829285,2.3829284,-1.0170715,-0.9170715,-1.5170715,-0.017071534,0.5829285,-0.81707156,-0.6170715,-3.6170716,-2.2170715,1.6829284,1.3829285,0.48292845,0.78292847,-0.11707153,-1.0170715,-1.9170716,-2.3170714,-1.7170715,-0.9170715,-0.31707153
-0.31707153,1.1829284,-1.6170715,1.5829284,3.0829284,6.2829285,6.4829283,7.6829286,7.2829285,6.2829285,3.6829286,0.082928464,-0.81707156,-1.6170715,-1.7170715,-1.0170715,-2.4170716,-3.1170716,-3.6170716,-4.4170713,-2.9170716,-2.2170715,-0.9170715,-0.51707155,0.18292847,1.8829285,3.6829286,3.3829284,0.48292845,0.98292845,-1.4170716,4.2829285,2.2829285,5.7829285,6.7829285,8.082929,5.5829287,3.0829284,2.3829284,0.38292846,0.48292845,0.28292847,0.082928464,-0.41707152,-0.81707156,-5.1170716,-4.3170714,-0.51707155,-1.0170715,-1.8170716,-1.8170716,-2.2170715,-3.2170715,-4.0170717,-3.9170716,-3.5170715,-1.9170716,-0.41707152
2.6829286,2.7829285,3.8829284,3.1829286,10.682928,9.082929,5.3829284,8.782928,7.3829284,4.8829284,4.2829285,1.8829285,1.5829284,2.7829285,-0.11707153,-1.7170715,-3.4170716,-3.5170715,-3.8170714,-3.3170714,-3.0170715,-3.9170716,-1.7170715,-1.1170715,-1.2170715,-1.4170716,-1.9170716,-2.5170715,-1.2170715,-0.21707153,-3.3170714,2.1829286,-1.2170715,6.2829285,5.4829283,4.7829285,5.8829284,4.0829287,4.0829287,3.3829284,3.4829285,-0.11707153,-1.6170715,-1.4170716,-1.4170716,-4.5170717,-3.9170716,-0.21707153,-1.7170715,-2.9170716,-3.3170714,-4.2170715,-4.1170716,-3.8170714,-4.2170715,-4.5170717,-4.2170715,-2.8170714
