nws-json/uv_20190820_00.f000.json
{"header": { "discipline":0, "disciplineName":"Meteorological products", "gribEdition":2, "gribLength":55572, "center":7, "centerName":"US National Weather Service - NCEP(WMC)", "subcenter":0, "refTime":"2019-08-20T00:00:00.000Z", "significanceOfRT":1, "significanceOfRTName":"Start of forecast", "productStatus":0, "productStatusName":"Operational products", "productType":1, "productTypeName":"Forecast products", "productDefinitionTemplate":0, "productDefinitionTemplateName":"Analysis/forecast at horizontal level/layer at a point in time", "parameterCategory":2, "parameterCategoryName":"Momentum", "parameterNumber":3, "parameterNumberName":"V-component_of_wind", "parameterUnit":"m.s-1", "genProcessType":2, "genProcessTypeName":"Forecast", "forecastTime":0, "surface1Type":220, "surface1TypeName":"Planetary Boundary Layer", "surface1Value":0.0, "surface2Type":255, "surface2TypeName":"Missing", "surface2Value":0.0, "gridDefinitionTemplate":0, "gridDefinitionTemplateName":"Latitude_Longitude", "numberPoints":65160, "shape":6, "shapeName":"Earth spherical with radius of 6,371,229.0 m", "gridUnits":"degrees", "resolution":48, "winds":"true", "scanMode":0, "nx":360, "ny":181, "basicAngle":0, "lo1":0.0, "la1":90.0, "lo2":359.0, "la2":-90.0, "dx":1.0, "dy":1.0 }, "data":
[rows 78 to 103 of 181, columns 232 to 289 of 360]
6.4829283,6.7829285,6.6829286,5.5829287,8.482928,4.8829284,5.2829285,7.7829285,6.8829284,5.6829286,3.7829285,2.2829285,2.1829286,1.4829285,0.28292847,-1.4170716,-2.4170716,-3.5170715,-3.5170715,-3.1170716,-2.4170716,-2.4170716,-3.1170716,-3.4170716,-2.6170716,-2.9170716,-5.0170717,-7.9170713,-7.9170713,-5.8170714,-3.7170715,-0.6170715,2.0829284,4.4829283,4.2829285,5.2829285,5.1829286,5.3829284,2.9829285,2.4829285,4.0829287,1.7829285,0.78292847,-4.4170713,-1.1170715,-3.2170715,-2.8170714,-0.6170715,-2.4170716,-4.5170717,-5.0170717,-4.1170716,-5.4170713,-5.6170716,-4.2170715,-4.3170714,-3.5170715,-3.5170715
5.3829284,10.682928,10.682928,9.982928,7.8829284,6.9829283,8.582929,7.3829284,6.7829285,6.8829284,6.2829285,5.8829284,5.1829286,3.6829286,1.4829285,-0.41707152,-1.3170716,-2.4170716,-2.5170715,-2.9170716,-2.9170716,-3.2170715,-3.8170714,-4.4170713,-3.4170716,-4.5170717,-5.5170717,-7.3170714,-7.8170714,-6.5170717,-2.9170716,-0.21707153,1.7829285,4.1829286,2.0829284,4.1829286,3.8829284,0.8829285,0.78292847,0.38292846,1.6829284,-1.0170715,-4.4170713,4.5829287,-2.2170715,-1.7170715,-2.2170715,-1.4170716,-1.2170715,-3.2170715,-4.3170714,-4.9170713,-4.0170717,-6.8170714,-0.017071534,-2.0170715,-6.4170713,-1.5170715
11.082929,9.682928,8.182928,7.8829284,8.182928,8.482928,7.6829286,7.0829287,6.5829287,6.0829287,5.3829284,5.4829283,5.2829285,4.4829283,2.7829285,2.5829284,0.38292846,0.5829285,-0.71707153,-1.6170715,-1.2170715,-1.6170715,-3.0170715,-3.4170716,-3.8170714,-2.3170714,-3.1170716,-4.2170715,-3.6170716,-2.5170715,-0.11707153,2.8829284,2.5829284,0.18292847,2.5829284,2.2829285,2.9829285,0.98292845,-2.1170716,-0.6170715,0.68292844,0.78292847,3.5829284,0.68292844,-0.11707153,-1.7170715,-1.1170715,-3.6170716,-3.0170715,-1.8170716,-3.1170716,-3.5170715,-2.1170716,-3.0170715,-1.5170715,-0.6170715,-1.7170715,0.38292846
9.082929,8.282928,7.0829287,7.2829285,7.4829283,7.3829284,7.1829286,6.7829285,7.0829287,6.0829287,6.6829286,6.2829285,4.8829284,3.5829284,4.0829287,3.2829285,4.0829287,3.5829284,3.0829284,1.9829285,0.48292845,0.68292844,1.4829285,-0.9170715,-1.2170715,-0.71707153,-0.81707156,0.082928464,0.28292847,2.8829284,3.5829284,3.5829284,4.4829283,4.3829284,5.2829285,3.7829285,1.9829285,1.2829285,0.28292847,0.68292844,2.2829285,2.7829285,3.9829285,3.3829284,3.3829284,-0.21707153,-1.6170715,-0.9170715,-0.31707153,-0.81707156,0.082928464,-2.3170714,-2.2170715,-3.6170716,-2.8170714,0.28292847,-1.0170715,1.6829284
8.782928,7.7829285,7.2829285,7.3829284,7.1829286,6.3829284,6.1829286,6.5829287,6.2829285,6.1829286,5.2829285,4.2829285,4.1829286,3.8829284,4.0829287,4.2829285,5.3829284,4.8829284,4.9829283,4.1829286,5.3829284,5.6829286,3.7829285,2.0829284,2.1829286,3.0829284,3.5829284,4.6829286,5.4829283,7.7829285,8.182928,8.282928,7.3829284,6.4829283,5.1829286,3.7829285,1.9829285,2.6829286,3.0829284,1.8829285,2.2829285,2.3829284,4.0829287,5.0829287,3.5829284,1.6829284,-1.0170715,1.6829284,1.5829284,3.8829284,-0.31707153,-1.4170716,-1.0170715,-2.8170714,-0.31707153,1.7829285,1.1829284,-0.71707153
7.3829284,7.2829285,7.1829286,6.6829286,6.5829287,6.6829286,6.7829285,5.8829284,5.5829287,4.8829284,4.9829283,4.7829285,4.4829283,5.1829286,4.2829285,4.3829284,4.6829286,4.6829286,4.9829283,6.2829285,6.3829284,6.1829286,5.7829285,6.3829284,6.4829283,6.3829284,7.2829285,8.882929,8.682928,8.582929,8.582929,7.8829284,5.8829284,5.7829285,4.5829287,3.9829285,4.5829287,6.9829283,5.9829283,3.7829285,3.9829285,4.8829284,3.9829285,4.2829285,3.9829285,2.3829284,1.9829285,1.4829285,2.1829286,0.18292847,-0.41707152,2.1829286,-1.1170715,-0.31707153,0.082928464,-0.9170715,0.38292846,0.38292846
7.3829284,7.0829287,6.7829285,7.6829286,7.3829284,6.7829285,6.0829287,5.5829287,4.9829283,4.7829285,4.5829287,4.4829283,4.6829286,4.2829285,4.5829287,4.5829287,4.5829287,5.1829286,5.6829286,5.8829284,6.3829284,6.2829285,6.5829287,7.4829283,8.182928,8.982928,9.082929,8.882929,9.082929,9.182928,7.6829286,6.1829286,6.7829285,6.2829285,6.0829287,7.0829287,9.282928,9.382929,8.482928,8.682928,8.882929,8.182928,7.6829286,6.7829285,5.2829285,5.2829285,4.6829286,2.5829284,2.0829284,0.5829285,-0.31707153,1.5829284,-0.21707153,-0.6170715,0.78292847,1.4829285,-0.6170715,-0.41707152
6.6829286,6.9829283,7.8829284,7.6829286,6.2829285,5.6829286,4.9829283,4.9829283,4.9829283,4.7829285,4.7829285,4.8829284,4.9829283,4.4829283,4.5829287,4.6829286,4.8829284,4.8829284,5.9829283,6.4829283,7.1829286,6.7829285,6.0829287,7.0829287,8.182928,7.9829283,6.9829283,7.7829285,8.682928,8.182928,7.3829284,7.4829283,7.1829286,7.5829287,8.682928,9.682928,9.582929,8.782928,8.482928,9.082929,8.682928,8.282928,7.8829284,6.6829286,5.2829285,4.9829283,3.9829285,3.4829285,3.0829284,2.7829285,0.5829285,1.2829285,-0.71707153,-0.11707153,-1.0170715,-0.6170715,1.1829284,-0.81707156
6.3829284,6.3829284,5.8829284,5.9829283,5.9829283,5.2829285,4.4829283,4.4829283,4.3829284,4.3829284,4.8829284,4.5829287,4.5829287,4.7829285,5.0829287,4.4829283,4.6829286,4.5829287,4.3829284,4.7829285,5.0829287,6.0829287,6.8829284,6.9829283,6.9829283,7.5829287,7.1829286,7.1829286,7.4829283,7.6829286,8.382929,9.182928,8.382929,8.082929,8.782928,9.382929,8.582929,8.182928,7.9829283,7.8829284,8.082929,7.3829284,7.1829286,7.5829287,6.7829285,6.9829283,6.2829285,5.4829283,5.6829286,4.5829287,2.6829286,1.1829284,0.98292845,-3.8170714,-0.51707155,0.68292844,0.18292847,-0.51707155
6.2829285,6.2829285,6.2829285,6.2829285,5.0829287,4.1829286,3.9829285,4.1829286,4.1829286,5.0829287,5.2829285,4.6829286,4.2829285,4.2829285,4.2829285,4.3829284,4.4829283,4.5829287,4.6829286,5.0829287,5.1829286,5.3829284,5.6829286,5.9829283,6.0829287,6.7829285,7.0829287,7.5829287,7.9829283,7.7829285,8.282928,8.882929,9.082929,8.582929,8.082929,7.5829287,7.8829284,7.8829284,8.682928,8.482928,8.282928,8.282928,7.2829285,7.1829286,6.7829285,6.8829284,6.9829283,6.7829285,6.3829284,5.4829283,4.0829287,-0.6170715,0.18292847,1.9829285,-0.017071534,-0.017071534,-0.21707153,0.18292847
6.0829287,6.4829283,6.2829285,5.2829285,4.6829286,3.9829285,3.5829284,4.1829286,4.3829284,5.1829286,5.5829287,5.2829285,4.9829283,4.4829283,4.2829285,4.4829283,4.6829286,4.8829284,5.3829284,5.3829284,5.2829285,5.1829286,5.2829285,5.1829286,5.5829287,6.1829286,6.7829285,6.7829285,6.4829283,6.8829284,6.7829285,7.0829287,7.0829287,7.7829285,7.7829285,7.2829285,5.7829285,4.9829283,6.9829283,8.082929,7.6829286,8.282928,7.3829284,7.0829287,6.5829287,5.9829283,6.3829284,6.7829285,6.2829285,2.8829284,-0.81707156,1.2829285,0.98292845,-0.81707156,-1.0170715,-1.5170715,-0.71707153,0.28292847
5.4829283,4.6829286,4.7829285,4.6829286,4.8829284,4.1829286,3.8829284,4.4829283,4.5829287,4.7829285,5.2829285,3.8829284,3.9829285,3.9829285,3.3829284,3.7829285,3.9829285,3.9829285,4.8829284,5.7829285,5.6829286,5.7829285,5.2829285,4.6829286,4.9829283,4.9829283,4.7829285,5.5829287,5.3829284,5.6829286,6.5829287,6.7829285,7.1829286,7.8829284,8.682928,8.282928,6.8829284,2.3829284,7.0829287,8.182928,8.282928,8.182928,7.4829283,7.1829286,6.5829287,6.6829286,6.2829285,6.4829283,7.1829286,-0.71707153,0.48292845,1.6829284,-0.71707153,-1.5170715,-5.4170713,-0.81707156,-0.71707153,-0.41707152
3.6829286,4.1829286,3.8829284,4.4829283,4.9829283,5.1829286,4.0829287,3.7829285,3.5829284,4.0829287,3.0829284,3.5829284,2.4829285,2.0829284,2.8829284,2.7829285,2.2829285,3.8829284,4.5829287,4.7829285,6.0829287,5.8829284,5.7829285,5.8829284,5.8829284,5.8829284,4.8829284,4.7829285,3.9829285,4.8829284,5.8829284,6.8829284,7.4829283,7.5829287,6.6829286,8.082929,9.582929,6.1829286,9.282928,7.9829283,7.6829286,7.4829283,7.3829284,8.082929,8.682928,8.082929,8.582929,9.082929,1.2829285,0.48292845,1.9829285,-1.9170716,-1.6170715,-4.5170717,-0.017071534,-0.81707156,-0.21707153,-0.41707152
4.2829285,4.3829284,5.1829286,4.8829284,5.2829285,4.7829285,5.8829284,4.5829287,3.0829284,2.8829284,1.2829285,2.6829286,3.7829285,2.8829284,2.6829286,3.5829284,4.3829284,4.0829287,4.3829284,3.9829285,3.9829285,5.3829284,5.6829286,6.2829285,5.8829284,5.2829285,4.5829287,4.5829287,3.9829285,4.1829286,4.3829284,5.2829285,5.2829285,5.1829286,6.1829286,5.7829285,7.2829285,4.6829286,6.9829283,7.5829287,7.8829284,8.482928,8.982928,9.082929,8.382929,9.182928,9.082929,9.282928,-1.7170715,-0.31707153,-0.41707152,0.68292844,-0.31707153,0.48292845,-1.1170715,-0.21707153,-0.31707153,0.48292845
4.3829284,4.6829286,4.8829284,4.8829284,3.9829285,4.2829285,5.5829287,4.1829286,4.6829286,4.4829283,3.9829285,4.0829287,4.1829286,4.0829287,3.9829285,3.7829285,4.6829286,3.7829285,4.4829283,3.3829284,4.0829287,4.3829284,5.2829285,5.6829286,5.4829283,5.2829285,5.0829287,5.0829287,4.9829283,4.9829283,4.9829283,4.0829287,4.6829286,5.1829286,6.3829284,6.0829287,6.5829287,6.0829287,6.6829286,7.4829283,8.282928,8.782928,9.582929,9.682928,10.082929,9.782928,8.382929,5.6829286,5.7829285,0.38292846,-0.21707153,0.5829285,0.082928464,-0.21707153,-0.11707153,0.082928464,-0.81707156,-0.9170715
3.6829286,3.7829285,3.9829285,4.4829283,3.8829284,3.2829285,4.5829287,4.1829286,3.9829285,5.0829287,5.8829284,4.3829284,3.9829285,2.9829285,5.9829283,5.0829287,4.7829285,4.2829285,3.9829285,4.1829286,3.5829284,4.1829286,5.3829284,5.6829286,5.4829283,5.0829287,4.6829286,4.1829286,4.7829285,5.2829285,5.4829283,5.1829286,5.6829286,5.6829286,6.1829286,7.7829285,7.8829284,7.8829284,7.8829284,7.9829283,8.382929,8.982928,9.682928,9.382929,9.682928,9.982928,9.982928,7.3829284,3.1829286,0.38292846,-0.41707152,-1.0170715,-1.3170716,4.7829285,0.082928464,-0.71707153,-0.81707156,-0.41707152
3.9829285,3.8829284,3.7829285,4.4829283,5.0829287,3.0829284,3.4829285,4.3829284,3.7829285,4.0829287,4.2829285,4.4829283,5.4829283,4.2829285,4.9829283,5.8829284,5.2829285,5.1829286,5.0829287,4.2829285,4.5829287,3.9829285,4.5829287,5.1829286,4.9829283,4.6829286,4.5829287,4.6829286,4.8829284,5.3829284,5.5829287,5.8829284,6.3829284,7.1829286,7.5829287,7.7829285,7.7829285,7.8829284,8.182928,8.382929,8.982928,8.882929,8.982928,9.182928,7.8829284,8.582929,9.782928,7.3829284,-0.017071534,0.082928464,-0.31707153,-0.21707153,-0.017071534,-2.3170714,-0.6170715,-0.6170715,-0.9170715,-0.11707153
3.4829285,3.5829284,3.7829285,3.6829286,3.6829286,4.7829285,3.4829285,3.7829285,4.1829286,4.5829287,4.5829287,4.3829284,4.9829283,4.1829286,3.9829285,4.7829285,4.9829283,5.1829286,5.0829287,4.0829287,4.3829284,4.8829284,4.2829285,4.3829284,4.7829285,4.9829283,4.8829284,5.1829286,5.6829286,5.5829287,5.8829284,6.1829286,6.2829285,6.7829285,7.2829285,7.5829287,7.5829287,7.6829286,8.182928,8.082929,8.282928,8.882929,8.482928,8.982928,9.082929,8.582929,8.382929,7.0829287,0.68292844,-0.41707152,0.68292844,-0.6170715,0.082928464,-0.11707153,2.3829284,0.38292846,1.5829284,-0.71707153
3.0829284,3.0829284,2.6829286,3.6829286,3.6829286,3.2829285,3.9829285,3.9829285,4.0829287,4.6829286,4.8829284,4.7829285,4.4829283,4.1829286,3.9829285,3.8829284,4.5829287,4.2829285,5.0829287,4.7829285,4.0829287,4.0829287,3.9829285,4.6829286,4.8829284,4.8829284,5.1829286,5.2829285,5.7829285,5.9829283,5.9829283,5.8829284,5.9829283,6.5829287,6.7829285,6.6829286,6.8829284,7.1829286,7.5829287,7.5829287,7.5829287,7.8829284,7.8829284,8.482928,8.382929,8.482928,7.5829287,5.7829285,6.1829286,-1.7170715,-1.3170716,0.082928464,0.28292847,0.28292847,-0.41707152,-0.71707153,-0.31707153,0.18292847
2.9829285,2.7829285,2.2829285,2.4829285,2.8829284,3.2829285,3.8829284,4.0829287,4.2829285,4.2829285,4.2829285,4.5829287,4.5829287,3.8829284,4.2829285,3.9829285,5.2829285,5.0829287,3.9829285,4.5829287,3.8829284,4.4829283,4.3829284,4.2829285,4.3829284,4.3829284,4.7829285,4.7829285,5.0829287,5.7829285,6.1829286,5.8829284,5.7829285,5.2829285,5.6829286,5.6829286,6.0829287,6.1829286,6.2829285,6.7829285,7.1829286,6.8829284,7.3829284,7.7829285,7.8829284,6.9829283,6.5829287,6.3829284,6.2829285,-1.0170715,-2.4170716,-1.1170715,-0.11707153,-0.51707155,1.6829284,0.18292847,-1.2170715,-0.41707152
2.1829286,2.4829285,2.7829285,2.6829286,3.0829284,3.4829285,3.5829284,4.3829284,3.4829285,4.0829287,4.2829285,4.3829284,4.5829287,4.5829287,4.1829286,4.0829287,4.0829287,4.1829286,4.6829286,5.2829285,4.2829285,4.4829283,4.5829287,4.7829285,5.0829287,4.9829283,5.1829286,5.1829286,5.4829283,5.0829287,5.0829287,4.8829284,5.2829285,4.9829283,4.8829284,4.8829284,5.0829287,5.5829287,5.2829285,5.0829287,5.3829284,6.0829287,6.3829284,6.5829287,6.8829284,6.9829283,6.4829283,5.9829283,5.2829285,1.5829284,-0.81707156,-0.41707152,0.98292845,-1.9170716,-1.4170716,-1.7170715,6.9829283,-0.51707155
2.5829284,2.5829284,3.4829285,2.5829284,2.9829285,3.4829285,3.4829285,4.0829287,3.7829285,3.3829284,3.8829284,4.6829286,4.6829286,4.7829285,4.8829284,4.3829284,3.8829284,3.5829284,3.2829285,3.6829286,4.3829284,3.2829285,3.5829284,3.8829284,4.4829283,5.0829287,5.3829284,5.4829283,5.5829287,5.2829285,4.8829284,4.0829287,3.8829284,4.0829287,4.3829284,4.7829285,5.3829284,5.4829283,5.4829283,5.4829283,5.5829287,5.4829283,5.7829285,6.1829286,6.5829287,7.1829286,6.9829283,5.8829284,4.9829283,5.2829285,0.48292845,-0.6170715,-0.6170715,-0.11707153,0.082928464,0.28292847,-5.2170715,-0.11707153
3.5829284,2.5829284,2.6829286,2.3829284,3.6829286,3.5829284,3.6829286,3.8829284,3.5829284,3.2829285,3.5829284,4.7829285,4.4829283,4.6829286,4.3829284,4.4829283,4.4829283,4.1829286,3.7829285,3.4829285,3.6829286,3.4829285,3.6829286,4.0829287,4.4829283,4.3829284,4.5829287,4.6829286,4.3829284,4.4829283,4.2829285,4.0829287,3.5829284,3.3829284,3.4829285,3.9829285,4.3829284,4.9829283,5.1829286,5.0829287,5.2829285,5.3829284,5.6829286,5.5829287,5.7829285,6.2829285,6.5829287,5.6829286,5.0829287,5.3829284,0.8829285,-0.81707156,-0.81707156,-0.51707155,-0.017071534,-0.41707152,-0.21707153,1.7829285
2.2829285,2.2829285,2.0829284,3.4829285,3.4829285,2.8829284,3.7829285,3.4829285,3.5829284,2.9829285,3.6829286,3.8829284,3.8829284,3.9829285,3.9829285,3.7829285,4.2829285,3.9829285,3.8829284,3.7829285,3.1829286,3.6829286,3.7829285,3.9829285,4.0829287,4.0829287,4.1829286,4.1829286,4.2829285,3.8829284,4.0829287,3.9829285,4.0829287,3.7829285,3.4829285,3.3829284,3.4829285,3.7829285,4.3829284,4.4829283,4.6829286,4.8829284,4.9829283,5.3829284,5.8829284,6.3829284,6.5829287,6.0829287,5.6829286,5.0829287,5.6829286,-1.0170715,-1.5170715,1.3829285,-0.71707153,-0.9170715,-4.0170717,-1.8170716
1.2829285,1.9829285,2.0829284,2.1829286,2.9829285,3.3829284,2.6829286,2.9829285,2.9829285,3.0829284,3.1829286,3.7829285,4.5829287,4.1829286,4.3829284,4.4829283,4.3829284,3.7829285,3.5829284,3.5829284,3.6829286,3.5829284,3.2829285,3.0829284,3.3829284,3.4829285,3.4829285,3.0829284,3.3829284,3.6829286,3.6829286,3.7829285,3.5829284,3.3829284,3.6829286,3.3829284,3.0829284,3.1829286,3.1829286,3.7829285,3.9829285,4.3829284,4.7829285,5.1829286,5.6829286,6.2829285,6.7829285,6.7829285,6.3829284,6.1829286,5.8829284,2.4829285,-0.31707153,-0.71707153,0.28292847,0.78292847,1.5829284,-1.5170715
1.2829285,1.3829285,1.5829284,1.7829285,2.1829286,2.3829284,3.0829284,2.9829285,2.8829284,3.1829286,3.8829284,4.1829286,4.6829286,4.6829286,4.4829283,4.4829283,4.5829287,4.5829287,4.4829283,3.8829284,3.7829285,3.6829286,3.2829285,3.5829284,3.4829285,2.7829285,2.0829284,2.4829285,2.8829284,2.7829285,2.9829285,3.4829285,3.0829284,2.8829284,2.6829286,2.4829285,2.2829285,2.2829285,2.8829284,3.2829285,3.3829284,3.6829286,4.1829286,4.5829287,5.1829286,5.9829283,6.7829285,7.3829284,7.3829284,7.4829283,7.9829283,7.2829285,-0.71707153,-0.11707153,-2.6170716,-1.2170715,-1.7170715,0.98292845
