nws-json/uv_20190821_18.f000.json
{"header": { "discipline":0, "disciplineName":"Meteorological products", "gribEdition":2, "gribLength":54765, "center":7, "centerName":"US National Weather Service - NCEP(WMC)", "subcenter":0, "refTime":"2019-08-21T18:00:00.000Z", "significanceOfRT":1, "significanceOfRTName":"Start of forecast", "productStatus":0, "productStatusName":"Operational products", "productType":1, "productTypeName":"Forecast products", "productDefinitionTemplate":0, "productDefinitionTemplateName":"Analysis/forecast at horizontal level/layer at a point in time", "parameterCategory":2, "parameterCategoryName":"Momentum", "parameterNumber":2, "parameterNumberName":"U-component_of_wind", "parameterUnit":"m.s-1", "genProcessType":2, "genProcessTypeName":"Forecast", "forecastTime":0, "surface1Type":220, "surface1TypeName":"Planetary Boundary Layer", "surface1Value":0.0, "surface2Type":255, "surface2TypeName":"Missing", "surface2Value":0.0, "gridDefinitionTemplate":0, "gridDefinitionTemplateName":"Latitude_Longitude", "numberPoints":65160, "shape":6, "shapeName":"Earth spherical with radius of 6,371,229.0 m", "gridUnits":"degrees", "resolution":48, "winds":"true", "scanMode":0, "nx":360, "ny":181, "basicAngle":0, "lo1":0.0, "la1":90.0, "lo2":359.0, "la2":-90.0, "dx":1.0, "dy":1.0 }, "data":
[rows 100 to 124 of 181, columns 0 to 57 of 360]
-4.1792693,-3.3792694,-2.5792694,-1.1792694,-0.37926942,0.9207306,2.0207305,2.9207306,1.7207305,1.6207306,2.6207306,2.1207306,4.1207304,3.2207305,5.6207304,3.6207306,-1.6792694,-0.67926943,-0.47926942,-4.0792694,-0.5792694,-0.9792694,-0.07926941,-0.67926943,-2.3792694,-4.279269,-3.6792693,-2.5792694,1.1207306,-5.6792693,-5.1792693,-8.979269,-2.6792693,-1.4792694,-5.279269,2.0207305,-3.8792694,-2.7792695,-1.2792695,-1.8792694,-6.8792696,-4.9792695,-2.6792693,-1.1792694,-0.37926942,0.9207306,-0.1792694,-0.5792694,-9.979269,-10.579269,-10.779269,-8.579269,-10.579269,-12.779269,-12.579269,-14.079269,-13.779269,-12.479269
-4.9792695,-3.9792695,-3.6792693,-1.8792694,-1.4792694,-0.47926942,-0.2792694,0.7207306,2.1207306,2.9207306,2.7207305,2.8207307,5.220731,2.3207307,2.0207305,2.2207305,-1.4792694,-1.1792694,-3.3792694,-1.8792694,-0.5792694,-3.2792695,-0.7792694,-2.6792693,-2.5792694,-2.1792693,-4.4792695,-2.6792693,-2.1792693,-2.6792693,-9.079269,-7.9792695,0.82073057,-5.4792695,-1.4792694,0.82073057,-1.9792694,-0.67926943,-0.8792694,-5.779269,-6.279269,-3.5792694,-1.8792694,-0.47926942,0.7207306,1.7207305,2.2207305,0.7207306,-4.279269,-11.37927,-10.079269,-8.079269,-7.279269,-12.779269,-13.079269,-12.979269,-13.17927,-12.67927
-5.4792695,-4.4792695,-3.6792693,-3.0792694,-1.9792694,-1.8792694,-1.3792694,-0.07926941,0.120730594,2.9207306,3.0207305,3.2207305,6.6207304,1.3207306,0.5207306,0.02073059,-1.3792694,-0.5792694,-1.9792694,-0.9792694,-2.9792695,-4.4792695,-1.8792694,-2.4792695,-4.0792694,-2.5792694,-2.0792694,-3.4792695,-6.779269,-8.37927,-7.6792693,-3.2792695,2.7207305,-11.479269,1.5207306,0.02073059,-0.5792694,0.6207306,-1.7792695,-7.0792694,-3.2792695,-2.2792695,-0.47926942,0.7207306,1.3207306,3.1207306,2.4207306,-0.07926941,-1.1792694,-9.279269,-9.979269,-6.5792694,-7.779269,-9.979269,-11.579269,-13.17927,-13.479269,-12.67927
-5.6792693,-4.6792693,-4.6792693,-3.6792693,-2.4792695,-1.8792694,-1.9792694,-0.67926943,1.4207306,2.0207305,3.7207305,3.7207305,5.8207307,2.8207307,1.6207306,-6.4792695,-3.4792695,-1.8792694,-1.4792694,-2.8792694,-2.4792695,-1.8792694,-2.7792695,-3.6792693,-3.3792694,-7.3792696,-8.979269,-6.3792696,-9.979269,-8.779269,-6.279269,-5.6792693,-4.779269,-5.6792693,0.22073059,-2.5792694,1.5207306,-3.9792695,-4.1792693,-3.7792695,-1.9792694,-0.2792694,1.6207306,2.0207305,1.2207305,3.2207305,2.3207307,1.4207306,0.7207306,-7.279269,-8.279269,-6.6792693,-3.2792695,-7.9792695,-10.37927,-11.87927,-11.979269,-11.87927
-5.1792693,-5.9792695,-5.9792695,-4.5792694,-1.6792694,-1.8792694,-2.4792695,-1.1792694,1.0207306,2.1207306,3.2207305,4.4207306,1.6207306,2.7207305,9.220731,-1.4792694,-5.279269,-1.6792694,-3.8792694,-4.8792696,-3.2792695,-2.6792693,-3.4792695,-4.6792693,-3.0792694,-8.479269,-10.17927,-10.479269,-10.079269,-9.579269,-11.279269,-9.67927,-9.479269,-4.0792694,-3.3792694,-4.779269,-5.279269,-5.5792694,-4.279269,-3.0792694,-1.2792695,2.8207307,3.3207307,3.1207306,2.5207305,4.5207305,4.220731,4.4207306,-0.47926942,-1.4792694,-3.9792695,-4.6792693,-4.279269,-4.779269,-9.67927,-10.779269,-10.67927,-10.67927
-5.3792696,-5.3792696,-6.1792693,-5.3792696,-3.4792695,-2.0792694,-1.5792694,-1.7792695,1.2207305,2.9207306,4.8207307,4.6207304,0.22073059,0.4207306,-0.7792694,-1.4792694,-2.0792694,-3.3792694,-4.5792694,-2.6792693,-2.3792694,-2.3792694,-4.0792694,-4.279269,-5.0792694,-8.67927,-10.67927,-9.37927,-4.3792696,-8.279269,-9.87927,-13.279269,-9.579269,-9.87927,-6.3792696,2.2207305,-5.1792693,-0.1792694,-4.779269,-1.8792694,1.0207306,1.9207306,3.5207305,3.8207307,3.8207307,5.5207305,7.0207305,1.6207306,-8.479269,-6.279269,-0.07926941,-4.779269,-4.5792694,-5.0792694,-8.279269,-10.079269,-11.079269,-11.479269
-5.6792693,-4.6792693,-4.779269,-4.5792694,-4.1792693,-3.0792694,-0.8792694,-0.67926943,1.3207306,3.2207305,4.9207306,1.5207306,2.2207305,5.6207304,-2.6792693,-3.1792693,-3.4792695,-2.2792695,-8.579269,-2.5792694,-1.8792694,-3.5792694,-3.1792693,-7.279269,-8.779269,-5.1792693,-7.8792696,-9.079269,-3.5792694,-3.2792695,-4.1792693,-9.279269,-3.9792695,-6.6792693,-9.87927,-6.9792695,-3.0792694,-0.8792694,-1.0792694,1.8207306,0.22073059,0.22073059,2.5207305,4.5207305,3.9207306,5.9207306,1.0207306,1.1207306,-5.8792696,-6.1792693,-3.6792693,-4.3792696,-5.8792696,-5.8792696,-7.6792693,-9.979269,-10.779269,-11.479269
-6.1792693,-4.779269,-4.1792693,-2.9792695,-3.7792695,-3.8792694,-1.1792694,-0.47926942,1.8207306,5.220731,4.1207304,2.1207306,0.9207306,0.82073057,-4.9792695,-2.5792694,-2.1792693,-6.6792693,-4.279269,-3.3792694,-3.2792695,-5.8792696,-6.0792694,-2.4792695,-10.079269,-9.67927,-9.979269,-1.6792694,-0.37926942,-0.8792694,-1.0792694,-10.079269,-10.779269,-7.779269,-6.5792694,-6.3792696,-4.0792694,-0.67926943,0.02073059,-2.1792693,-2.6792693,-0.7792694,1.4207306,4.0207305,3.3207307,1.8207306,-1.7792695,-0.47926942,-7.279269,-0.8792694,-3.2792695,-3.6792693,-4.5792694,-5.6792693,-7.4792695,-10.479269,-12.279269,-12.079269
-5.6792693,-4.5792694,-4.0792694,-3.1792693,-2.4792695,-3.4792695,-1.2792695,0.120730594,2.6207306,3.3207307,4.220731,1.5207306,2.2207305,-4.4792695,-3.9792695,-3.4792695,-5.9792695,-3.5792694,-2.1792693,-3.5792694,-5.0792694,-5.1792693,-6.779269,-6.6792693,-10.779269,-2.3792694,-5.3792696,-0.8792694,-4.4792695,-3.4792695,-9.37927,-7.0792694,-2.7792695,-3.6792693,-4.3792696,-2.7792695,-0.47926942,-2.4792695,-2.4792695,-2.2792695,-2.0792694,-1.1792694,0.4207306,3.8207307,1.6207306,-0.37926942,-4.0792694,-1.1792694,-4.8792696,0.22073059,-2.9792695,-3.4792695,-4.4792695,-4.4792695,-8.87927,-9.37927,-10.079269,-10.17927
-5.8792696,-4.6792693,-3.5792694,-3.0792694,-2.0792694,-3.0792694,-2.2792695,-1.4792694,0.5207306,3.6207306,4.4207306,3.5207305,3.7207305,1.0207306,-2.3792694,-5.8792696,-5.4792695,-5.0792694,-4.779269,-6.9792695,-5.779269,-3.0792694,-5.279269,-3.5792694,-1.1792694,-1.5792694,-5.279269,-3.8792694,-8.979269,-9.17927,-7.779269,-8.37927,-1.2792695,-1.8792694,-3.7792695,-0.1792694,-2.0792694,-3.2792695,-3.0792694,-2.7792695,-2.0792694,-0.37926942,0.82073057,2.8207307,5.6207304,3.0207305,-0.8792694,-5.0792694,-5.4792695,1.1207306,-3.0792694,-3.1792693,-4.5792694,-7.5792694,-7.4792695,-7.5792694,-8.17927,-8.17927
-4.8792696,-4.3792696,-3.0792694,-3.0792694,-1.1792694,-3.0792694,-2.8792694,-2.9792695,-2.5792694,0.3207306,3.9207306,6.220731,3.2207305,3.3207307,-2.6792693,-1.2792695,-1.9792694,-9.67927,-4.279269,-6.4792695,-7.279269,-4.5792694,-6.279269,-9.279269,-3.6792693,-11.279269,-11.37927,-10.87927,-9.67927,-8.17927,-7.0792694,-6.1792693,-3.7792695,0.6207306,-2.0792694,-5.4792695,-4.1792693,-3.0792694,-4.3792696,-3.9792695,-2.8792694,-0.37926942,0.6207306,1.9207306,6.720731,3.3207307,0.120730594,-5.6792693,-3.5792694,-0.37926942,-2.6792693,-2.3792694,-3.3792694,-4.9792695,-6.8792696,-6.1792693,-5.779269,-6.3792696
-5.1792693,-4.4792695,-2.9792695,-2.8792694,-1.5792694,-2.1792693,-3.0792694,-2.6792693,-2.3792694,-1.4792694,-0.37926942,2.5207305,3.1207306,-0.37926942,1.7207305,-0.7792694,-8.17927,-6.8792696,-7.4792695,-6.4792695,-4.0792694,-8.779269,-6.8792696,-2.3792694,-6.1792693,-11.37927,-11.279269,-10.479269,-9.87927,-6.9792695,-5.9792695,-2.3792694,-2.4792695,1.6207306,-1.6792694,-5.0792694,-5.1792693,-3.0792694,-5.5792694,-4.5792694,-3.8792694,-1.5792694,-1.5792694,-0.47926942,-0.37926942,2.1207306,-1.8792694,-7.279269,-1.4792694,-4.779269,-4.279269,0.5207306,-1.2792695,-0.2792694,-3.4792695,-2.2792695,-2.9792695,-5.3792696
-5.6792693,-4.3792696,-2.7792695,-2.2792695,-1.4792694,-2.4792695,-2.6792693,-2.3792694,-2.0792694,-1.6792694,0.02073059,1.8207306,2.1207306,2.7207305,-3.6792693,-1.5792694,-3.5792694,-3.9792695,-5.6792693,-4.0792694,-7.9792695,-5.3792696,-4.1792693,-4.8792696,-7.8792696,-9.979269,-10.079269,-3.9792695,-6.6792693,-4.6792693,-4.9792695,-2.6792693,-1.7792695,-3.3792694,0.02073059,-5.8792696,-5.0792694,-4.3792696,-4.4792695,-5.779269,-5.6792693,-4.6792693,-4.279269,-3.4792695,-2.0792694,-2.8792694,-5.5792694,-3.8792694,-2.5792694,-3.8792694,-3.4792695,-2.0792694,-0.07926941,4.9207306,2.0207305,0.120730594,-3.1792693,-3.0792694
-4.779269,-4.1792693,-2.2792695,-2.2792695,-1.6792694,-2.7792695,-3.0792694,-2.0792694,-1.9792694,-1.4792694,-0.1792694,1.7207305,1.3207306,3.0207305,-1.5792694,0.3207306,0.6207306,-2.9792695,-5.1792693,-9.479269,-5.279269,-6.1792693,-2.0792694,-4.6792693,-6.4792695,-7.4792695,-5.3792696,-1.8792694,-5.4792695,-2.4792695,-2.4792695,-5.3792696,-3.9792695,-4.279269,-1.8792694,-3.6792693,-4.3792696,-4.779269,-5.5792694,-6.779269,-6.279269,-6.6792693,-6.8792696,-8.479269,-9.079269,-6.4792695,-8.17927,-5.3792696,-3.1792693,-2.3792694,-0.9792694,0.22073059,1.5207306,2.9207306,5.6207304,-2.5792694,-2.2792695,-2.1792693
-4.1792693,-3.8792694,-2.9792695,-2.4792695,-2.5792694,-2.5792694,-3.2792695,-2.9792695,-2.0792694,-1.5792694,-0.8792694,-0.37926942,0.02073059,1.7207305,2.2207305,-0.8792694,-2.0792694,-5.5792694,-6.279269,-4.1792693,-3.4792695,-4.5792694,-3.3792694,-3.0792694,-6.6792693,-8.579269,-0.7792694,-0.2792694,-1.3792694,-3.8792694,-1.6792694,-4.779269,-6.9792695,-4.6792693,-2.7792695,-0.9792694,-4.1792693,-4.8792696,-4.9792695,-5.8792696,-7.1792693,-7.8792696,-8.579269,-9.67927,-9.87927,-9.67927,-1.9792694,0.4207306,0.02073059,0.5207306,0.02073059,1.6207306,3.1207306,5.3207307,7.3207307,0.02073059,-0.67926943,-0.8792694
-3.6792693,-3.6792693,-3.1792693,-2.1792693,-2.5792694,-2.9792695,-3.6792693,-4.5792694,-3.6792693,-2.3792694,-1.4792694,-1.9792694,-0.37926942,2.4207306,-0.9792694,-1.2792695,-5.279269,-3.5792694,-4.5792694,-2.8792694,-4.779269,-3.0792694,-3.8792694,-2.6792693,-5.1792693,-4.279269,-0.9792694,-0.9792694,-0.47926942,-1.4792694,-0.9792694,0.9207306,-6.9792695,-1.2792695,-4.6792693,-5.5792694,-5.4792695,-5.3792696,-6.6792693,-6.3792696,-7.0792694,-7.4792695,-7.9792695,-8.87927,-9.079269,-6.8792696,-2.9792695,0.120730594,-0.07926941,0.120730594,1.3207306,2.9207306,4.720731,6.0207305,7.720731,4.3207307,-0.07926941,-0.2792694
-2.7792695,-3.4792695,-3.1792693,-2.8792694,-2.4792695,-2.7792695,-3.6792693,-4.6792693,-4.5792694,-2.8792694,-1.9792694,-3.0792694,-0.67926943,3.0207305,0.3207306,-2.5792694,0.3207306,-5.4792695,-1.5792694,-4.0792694,-3.1792693,-3.7792695,-3.4792695,-2.7792695,-2.1792693,-1.1792694,-0.47926942,1.6207306,3.2207305,1.6207306,-1.5792694,-1.3792694,-6.5792694,-4.9792695,-5.4792695,-5.1792693,-5.0792694,-4.8792696,-6.0792694,-6.5792694,-6.3792696,-7.0792694,-7.0792694,-6.9792695,-6.4792695,-5.3792696,-3.6792693,-1.7792695,-0.37926942,0.82073057,2.0207305,3.3207307,5.1207304,7.0207305,8.12073,7.8207307,2.6207306,0.4207306
-2.1792693,-2.6792693,-3.0792694,-3.2792695,-3.2792695,-3.2792695,-3.1792693,-4.8792696,-4.4792695,-3.0792694,-3.1792693,-3.1792693,-0.2792694,2.4207306,2.0207305,-1.8792694,-2.7792695,-1.1792694,-0.7792694,-2.0792694,-2.1792693,-0.47926942,-2.7792695,-0.2792694,0.5207306,0.82073057,2.0207305,-1.1792694,0.120730594,0.82073057,-5.279269,-0.2792694,-1.6792694,-4.279269,-4.5792694,-4.5792694,-5.0792694,-4.779269,-5.279269,-5.6792693,-5.779269,-5.9792695,-5.8792696,-5.5792694,-5.1792693,-4.5792694,-3.2792695,-1.6792694,-0.07926941,1.5207306,2.7207305,4.0207305,4.9207306,7.6207304,9.12073,9.720731,11.32073,-1.0792694
-1.2792695,-2.3792694,-2.4792695,-3.7792695,-3.3792694,-4.1792693,-4.3792696,-4.8792696,-4.3792696,-4.1792693,-2.5792694,-2.1792693,0.120730594,2.0207305,3.1207306,-1.8792694,-0.67926943,0.5207306,-2.6792693,-1.1792694,-2.2792695,-0.8792694,-0.1792694,2.2207305,4.9207306,-1.3792694,-1.2792695,-0.07926941,1.1207306,1.1207306,-4.8792696,-0.9792694,-3.3792694,-4.5792694,-5.0792694,-4.0792694,-4.4792695,-4.779269,-4.779269,-4.6792693,-4.6792693,-5.1792693,-4.779269,-4.0792694,-3.8792694,-3.2792695,-1.8792694,-0.7792694,0.6207306,2.0207305,2.6207306,3.5207305,5.4207306,7.4207306,5.4207306,8.220731,9.220731,-5.4792695
-0.37926942,-1.1792694,-2.5792694,-2.0792694,-4.0792694,-4.4792695,-4.1792693,-4.279269,-4.1792693,-4.1792693,-4.0792694,-2.8792694,0.22073059,0.6207306,2.0207305,-0.1792694,-2.3792694,-1.8792694,-0.67926943,-1.7792695,-1.7792695,0.120730594,1.0207306,2.2207305,-1.8792694,-2.5792694,-0.2792694,0.22073059,1.0207306,0.7207306,-0.1792694,-0.07926941,-5.0792694,-4.779269,-4.4792695,-4.6792693,-4.1792693,-4.3792696,-4.0792694,-3.9792695,-3.7792695,-3.6792693,-3.5792694,-2.9792695,-2.7792695,-2.1792693,-0.67926943,0.120730594,1.0207306,2.0207305,3.1207306,3.3207307,4.3207307,4.220731,-2.6792693,-6.9792695,-10.979269,-1.8792694
-0.47926942,-0.5792694,-1.2792695,-2.3792694,-2.6792693,-4.5792694,-4.779269,-3.7792695,-3.9792695,-3.7792695,-4.279269,-2.5792694,-1.0792694,0.5207306,0.120730594,-0.07926941,-1.4792694,-2.1792693,-1.6792694,-1.4792694,-0.1792694,1.5207306,2.1207306,2.0207305,-0.47926942,-0.1792694,0.9207306,0.5207306,1.7207305,0.6207306,0.5207306,-3.6792693,-4.8792696,-4.779269,-4.8792696,-4.4792695,-3.7792695,-3.6792693,-2.9792695,-2.4792695,-1.8792694,-1.8792694,-1.7792695,-1.5792694,-1.2792695,-0.47926942,-0.07926941,0.6207306,1.4207306,1.4207306,2.0207305,2.8207307,3.5207305,4.5207305,-1.0792694,-2.1792693,-4.1792693,2.5207305
-0.1792694,0.9207306,-0.2792694,-1.6792694,-2.2792695,-2.6792693,-3.1792693,-3.9792695,-3.3792694,-4.0792694,-2.8792694,-2.7792695,-1.5792694,-1.4792694,0.7207306,-1.0792694,-0.37926942,-0.47926942,-1.3792694,1.2207305,3.4207306,0.22073059,3.6207306,-0.07926941,1.2207305,1.9207306,1.1207306,1.3207306,3.1207306,0.5207306,-0.7792694,-4.279269,-4.5792694,-4.4792695,-4.0792694,-2.7792695,-2.4792695,-1.3792694,-1.1792694,-0.1792694,0.120730594,0.82073057,0.3207306,0.5207306,0.82073057,1.4207306,2.0207305,2.2207305,1.8207306,1.2207305,1.6207306,1.5207306,1.8207306,0.6207306,2.0207305,-1.0792694,3.4207306,3.1207306
1.8207306,1.1207306,1.6207306,1.3207306,-0.37926942,-1.2792695,-1.8792694,-1.9792694,-2.7792695,-2.4792695,-2.0792694,-2.3792694,-1.1792694,-1.5792694,-0.47926942,0.6207306,1.1207306,1.2207305,3.2207305,-1.7792695,-1.4792694,0.9207306,2.3207307,1.4207306,1.6207306,1.9207306,0.6207306,1.4207306,-0.47926942,-2.7792695,-7.4792695,-5.3792696,-4.3792696,-3.9792695,-2.9792695,-1.3792694,-0.8792694,-0.1792694,1.0207306,1.6207306,1.8207306,2.2207305,2.0207305,2.1207306,2.6207306,3.2207305,3.7207305,3.2207305,3.1207306,3.0207305,1.7207305,1.5207306,1.0207306,-1.0792694,-2.6792693,4.0207305,4.3207307,2.2207305
3.4207306,3.4207306,3.3207307,2.8207307,3.2207305,1.9207306,0.120730594,-0.1792694,-0.1792694,-0.67926943,-0.7792694,-1.2792695,-1.6792694,-0.67926943,-1.1792694,-0.2792694,-0.2792694,2.1207306,-1.1792694,-1.8792694,-0.5792694,-0.2792694,-1.3792694,0.02073059,0.9207306,0.120730594,-1.8792694,-2.0792694,-8.579269,-9.17927,-7.4792695,-4.8792696,-3.8792694,-2.6792693,-1.4792694,-0.1792694,0.82073057,1.8207306,2.7207305,2.8207307,3.1207306,3.1207306,2.8207307,3.1207306,3.3207307,3.4207306,3.6207306,3.6207306,3.6207306,4.0207305,3.7207305,2.8207307,1.9207306,0.82073057,-0.07926941,2.1207306,6.720731,4.3207307
6.220731,5.9207306,5.6207304,5.4207306,5.0207305,4.4207306,4.1207304,2.8207307,2.0207305,1.7207305,1.8207306,0.3207306,-0.2792694,-0.1792694,-0.37926942,0.4207306,0.02073059,-1.4792694,-3.2792695,-1.5792694,-0.37926942,0.6207306,-1.3792694,-0.67926943,-0.1792694,-2.1792693,-11.67927,-10.579269,-8.979269,-7.4792695,-5.779269,-3.3792694,-1.7792695,-0.5792694,0.82073057,1.7207305,2.7207305,3.2207305,3.7207305,3.7207305,4.3207307,4.3207307,4.220731,3.6207306,3.1207306,4.1207304,4.220731,4.8207307,5.6207304,5.6207304,5.5207305,4.9207306,4.720731,3.9207306,3.7207305,3.5207305,3.6207306,7.6207304
