earth/public/data/weather/current/current-wind-isobaric-850hPa-gfs-1.0.json
{"header": { "discipline":0, "disciplineName":"Meteorological products", "gribEdition":2, "gribLength":55314, "center":7, "centerName":"US National Weather Service - NCEP(WMC)", "subcenter":0, "refTime":"2019-08-12T12:00:00.000Z", "significanceOfRT":1, "significanceOfRTName":"Start of forecast", "productStatus":0, "productStatusName":"Operational products", "productType":1, "productTypeName":"Forecast products", "productDefinitionTemplate":0, "productDefinitionTemplateName":"Analysis/forecast at horizontal level/layer at a point in time", "parameterCategory":2, "parameterCategoryName":"Momentum", "parameterNumber":3, "parameterNumberName":"V-component_of_wind", "parameterUnit":"m.s-1", "genProcessType":2, "genProcessTypeName":"Forecast", "forecastTime":0, "surface1Type":220, "surface1TypeName":"Planetary Boundary Layer", "surface1Value":0.0, "surface2Type":255, "surface2TypeName":"Missing", "surface2Value":0.0, "gridDefinitionTemplate":0, "gridDefinitionTemplateName":"Latitude_Longitude", "numberPoints":65160, "shape":6, "shapeName":"Earth spherical with radius of 6,371,229.0 m", "gridUnits":"degrees", "resolution":48, "winds":"true", "scanMode":0, "nx":360, "ny":181, "basicAngle":0, "lo1":0.0, "la1":90.0, "lo2":359.0, "la2":-90.0, "dx":1.0, "dy":1.0 }, "data":
[rows 81 to 107 of 181, columns 236 to 294 of 360]
9.319647,8.119647,7.8196473,8.019648,7.119647,6.619647,5.919647,6.019647,5.519647,5.019647,3.2196472,2.0196471,-0.3803528,-1.5803528,-3.7803528,-6.480353,-6.6803527,-5.580353,-4.580353,-2.1803527,2.5196471,5.3196473,6.419647,6.7196474,6.3196473,4.619647,3.5196471,1.9196472,0.8196472,1.8196472,0.21964721,1.6196473,1.1196473,2.6196473,2.0196471,2.2196472,-0.7803528,-0.8803528,0.6196472,0.51964724,4.3196473,-1.3803527,-1.3803527,-0.4803528,1.4196472,-0.18035278,0.51964724,1.0196472,1.5196472,1.9196472,0.9196472,0.41964722,2.3196473,-0.08035278,-0.8803528,-1.3803527,-0.28035277,-1.3803527,-1.4803528
8.819647,7.519647,7.3196473,7.2196474,6.519647,5.619647,5.419647,5.519647,5.419647,4.019647,3.2196472,1.2196472,-0.4803528,-1.5803528,-1.6803528,-0.4803528,-0.5803528,3.3196473,2.4196472,4.619647,8.919647,9.619647,9.219647,8.819647,8.119647,7.519647,7.119647,6.519647,5.519647,5.2196474,4.619647,4.619647,5.7196474,5.419647,4.919647,3.5196471,3.0196471,3.3196473,3.1196473,4.519647,5.619647,0.9196472,-0.98035276,1.7196472,-1.2803528,0.11964722,0.11964722,1.3196472,0.31964722,1.1196473,0.9196472,1.5196472,2.2196472,-0.6803528,-1.8803527,-1.4803528,-1.3803527,-1.6803528,-1.3803527
7.519647,7.019647,7.019647,6.3196473,6.119647,5.8196473,5.119647,4.7196474,4.3196473,3.8196473,3.5196471,2.8196473,2.6196473,3.1196473,3.5196471,5.419647,9.619647,9.819647,10.319647,10.019648,10.019648,10.019648,10.419647,9.619647,9.219647,8.519648,7.919647,7.919647,6.419647,6.8196473,8.119647,7.919647,8.019648,7.419647,7.2196474,7.3196473,6.8196473,7.019647,6.7196474,6.2196474,5.8196473,5.519647,3.5196471,1.6196473,4.2196474,1.8196472,0.019647216,0.9196472,0.019647216,2.2196472,0.21964721,1.0196472,0.41964722,-0.7803528,-1.8803527,-2.3803527,-1.7803528,-0.08035278,1.8196472
7.3196473,6.3196473,5.919647,5.919647,5.519647,5.7196474,5.2196474,5.019647,4.8196473,6.7196474,7.8196473,8.219647,9.719647,10.419647,11.419647,10.819647,10.919647,9.919647,9.819647,9.819647,9.519648,9.219647,9.419647,8.319647,8.919647,8.319647,8.219647,7.3196473,7.7196474,8.219647,9.119647,7.919647,8.019648,8.419647,8.419647,8.019648,7.519647,6.919647,7.619647,7.419647,7.119647,6.419647,4.7196474,6.019647,4.7196474,2.5196471,1.1196473,0.6196472,-0.18035278,-0.6803528,0.51964724,2.0196471,-0.3803528,-0.6803528,-1.4803528,-1.0803528,-0.18035278,0.51964724,-0.3803528
6.2196474,5.919647,6.2196474,6.419647,5.919647,5.7196474,6.8196473,6.2196474,5.7196474,5.619647,8.019648,8.919647,9.119647,10.119647,10.119647,10.019648,10.419647,10.519648,10.519648,10.219647,10.619647,10.019648,9.819647,8.919647,8.919647,8.319647,8.719647,8.219647,7.8196473,9.019648,8.619647,8.119647,7.919647,7.8196473,7.419647,7.119647,6.419647,6.919647,7.419647,6.919647,7.019647,6.919647,6.7196474,6.8196473,5.8196473,4.2196474,3.1196473,2.6196473,-0.4803528,1.1196473,-0.28035277,-1.6803528,1.4196472,0.51964724,-1.3803527,-0.7803528,0.51964724,0.11964722,-0.28035277
6.019647,6.419647,6.019647,5.8196473,5.7196474,5.519647,5.2196474,5.8196473,6.619647,6.7196474,6.2196474,7.2196474,7.8196473,8.219647,8.419647,9.719647,9.219647,9.419647,8.819647,9.119647,8.919647,8.719647,9.919647,9.119647,7.919647,8.119647,8.519648,9.119647,9.719647,8.719647,7.8196473,7.419647,7.2196474,5.8196473,6.119647,6.3196473,7.7196474,7.019647,6.919647,7.419647,6.419647,6.619647,5.2196474,5.7196474,5.019647,5.619647,6.3196473,2.2196472,1.5196472,2.5196471,0.6196472,1.1196473,3.1196473,2.3196473,0.51964724,0.019647216,-0.18035278,-0.4803528,-0.6803528
6.2196474,5.8196473,5.419647,5.119647,5.419647,5.419647,6.519647,6.619647,5.7196474,6.419647,5.7196474,5.519647,6.8196473,8.119647,8.519648,7.919647,8.419647,8.619647,9.219647,10.319647,9.819647,8.319647,7.919647,7.519647,7.919647,7.8196473,8.319647,7.619647,8.319647,8.219647,7.2196474,6.619647,5.3196473,5.7196474,5.619647,6.019647,6.019647,7.619647,7.919647,6.7196474,6.8196473,6.519647,5.3196473,5.419647,5.8196473,6.019647,7.3196473,0.21964721,0.51964724,1.3196472,0.21964721,2.4196472,1.8196472,1.4196472,1.4196472,-0.18035278,0.019647216,-1.1803528,0.11964722
4.8196473,5.7196474,5.119647,4.419647,3.7196472,4.3196473,4.8196473,4.7196474,4.8196473,4.419647,4.7196474,5.019647,5.919647,7.019647,7.3196473,7.519647,7.8196473,8.319647,9.019648,9.219647,8.519648,8.319647,7.919647,6.3196473,7.2196474,7.3196473,7.619647,7.7196474,7.519647,7.419647,7.419647,6.519647,5.119647,5.519647,6.8196473,7.3196473,6.7196474,6.419647,6.3196473,7.919647,7.2196474,7.2196474,6.919647,6.7196474,7.419647,6.2196474,3.3196473,0.41964722,0.9196472,-0.98035276,0.21964721,1.6196473,0.41964722,-0.08035278,0.31964722,0.31964722,-1.3803527,-0.28035277,-0.5803528
4.3196473,3.6196473,4.619647,4.619647,3.9196472,3.6196473,3.6196473,3.7196472,4.019647,4.3196473,4.3196473,5.119647,5.519647,5.519647,6.019647,7.519647,8.719647,8.019648,7.3196473,8.019648,8.419647,8.019648,7.2196474,6.519647,6.8196473,6.7196474,7.419647,7.8196473,8.219647,8.319647,8.019648,7.919647,5.8196473,3.5196471,7.8196473,7.419647,7.3196473,6.7196474,6.419647,6.419647,6.619647,5.919647,5.3196473,5.619647,6.419647,2.0196471,2.2196472,2.0196471,-0.08035278,-0.28035277,-0.5803528,-0.18035278,0.21964721,0.31964722,-0.5803528,0.21964721,0.21964721,-0.6803528,1.1196473
4.019647,3.6196473,2.1196473,3.7196472,3.8196473,4.419647,3.6196473,3.0196471,3.3196473,3.3196473,3.3196473,3.3196473,5.3196473,6.119647,5.2196474,5.3196473,5.7196474,5.7196474,6.2196474,5.519647,5.919647,7.419647,6.519647,5.419647,5.619647,5.119647,5.919647,6.619647,7.7196474,8.519648,9.419647,10.219647,10.119647,8.319647,9.719647,8.219647,7.419647,6.7196474,6.3196473,5.8196473,5.519647,4.7196474,5.119647,4.519647,1.8196472,0.019647216,2.8196473,-0.8803528,-0.28035277,-0.4803528,-0.6803528,-0.8803528,-0.28035277,-0.7803528,0.51964724,-0.18035278,0.6196472,0.11964722,0.21964721
3.8196473,3.3196473,3.4196472,1.4196472,3.4196472,3.7196472,4.2196474,4.419647,3.8196473,3.3196473,3.2196472,3.6196473,4.3196473,5.519647,6.119647,5.7196474,5.919647,5.2196474,4.7196474,4.519647,3.6196473,3.5196471,4.8196473,5.019647,6.619647,6.619647,5.419647,6.519647,7.3196473,7.8196473,8.719647,8.619647,8.419647,5.8196473,7.3196473,7.519647,7.619647,7.2196474,7.019647,6.419647,5.7196474,6.119647,5.019647,4.019647,-0.4803528,0.7196472,-0.4803528,-0.08035278,-0.4803528,-0.6803528,0.019647216,-1.3803527,-0.7803528,-1.0803528,-0.28035277,-0.7803528,-0.6803528,0.7196472,-0.5803528
3.1196473,2.7196472,2.5196471,3.3196473,2.5196471,4.2196474,3.7196472,4.119647,3.2196472,3.2196472,3.4196472,4.3196473,5.519647,5.7196474,5.8196473,5.619647,5.019647,5.119647,4.8196473,4.619647,6.019647,6.019647,5.619647,7.519647,7.3196473,7.2196474,7.2196474,6.919647,6.919647,7.019647,6.7196474,7.019647,6.519647,6.619647,6.8196473,6.919647,7.019647,7.119647,6.919647,6.919647,7.2196474,6.8196473,5.3196473,2.1196473,1.7196472,-0.28035277,1.0196472,-0.5803528,-0.18035278,-0.3803528,-0.5803528,-0.6803528,-1.2803528,-1.1803528,-2.2803528,-1.0803528,-0.08035278,-0.6803528,-0.98035276
2.9196472,3.4196472,3.6196473,3.8196473,3.6196473,3.7196472,4.419647,4.2196474,3.7196472,4.419647,3.4196472,3.6196473,4.419647,5.3196473,6.019647,5.8196473,6.119647,5.519647,5.8196473,5.919647,6.2196474,7.3196473,7.7196474,7.419647,6.8196473,6.8196473,6.419647,6.3196473,5.7196474,5.8196473,6.019647,5.619647,5.119647,5.2196474,5.519647,6.3196473,6.3196473,6.619647,6.8196473,6.919647,7.3196473,8.019648,8.119647,1.5196472,-1.2803528,-0.5803528,-0.18035278,-0.3803528,-1.6803528,-0.5803528,-1.1803528,-1.1803528,-1.5803528,-0.6803528,-0.3803528,-0.28035277,0.019647216,-0.7803528,-0.28035277
3.3196473,3.1196473,2.9196472,3.6196473,3.8196473,4.119647,4.919647,5.2196474,5.019647,5.619647,6.2196474,5.619647,5.919647,5.519647,5.619647,5.619647,6.019647,6.8196473,6.019647,6.119647,5.419647,6.8196473,7.2196474,6.8196473,6.519647,6.119647,5.8196473,5.919647,5.619647,5.019647,4.419647,4.419647,4.419647,4.3196473,5.019647,5.2196474,5.8196473,6.419647,6.8196473,7.119647,7.3196473,8.419647,9.019648,-0.4803528,0.11964722,0.41964722,0.21964721,1.4196472,0.41964722,0.7196472,-0.4803528,-0.8803528,-2.6803527,-1.0803528,-0.4803528,-0.7803528,-0.3803528,0.41964722,-0.7803528
2.8196473,3.4196472,4.519647,4.019647,4.3196473,4.019647,4.419647,4.7196474,5.519647,5.619647,5.2196474,5.619647,5.7196474,5.619647,5.519647,5.2196474,5.2196474,5.419647,5.619647,5.519647,5.8196473,4.919647,4.519647,4.919647,5.3196473,4.519647,4.619647,4.619647,4.619647,4.619647,4.3196473,3.9196472,3.6196473,4.019647,4.419647,4.8196473,5.519647,5.619647,5.919647,6.3196473,6.919647,6.8196473,7.619647,4.419647,0.41964722,-0.7803528,1.3196472,0.019647216,-0.18035278,-0.98035276,-0.18035278,-0.7803528,0.019647216,-0.08035278,-0.18035278,0.31964722,-0.18035278,0.51964724,-1.2803528
3.6196473,3.4196472,4.3196473,4.419647,4.3196473,5.119647,5.019647,5.2196474,4.619647,4.8196473,5.2196474,5.2196474,5.919647,5.919647,5.619647,5.619647,5.619647,5.419647,5.119647,5.119647,5.019647,4.919647,4.7196474,4.3196473,4.2196474,3.9196472,4.019647,3.8196473,3.9196472,3.7196472,3.6196473,3.6196473,3.7196472,4.019647,4.3196473,4.519647,5.119647,5.519647,5.419647,5.7196474,6.419647,6.919647,6.519647,5.2196474,1.9196472,-1.3803527,1.3196472,0.51964724,0.6196472,-0.28035277,-1.2803528,-0.4803528,0.11964722,0.019647216,-0.5803528,0.11964722,0.41964722,0.11964722,0.8196472
3.4196472,3.7196472,4.3196473,4.619647,3.8196473,4.419647,4.419647,4.8196473,4.919647,4.7196474,5.7196474,5.519647,5.8196473,6.619647,6.2196474,5.8196473,5.8196473,5.8196473,5.419647,5.619647,5.419647,5.019647,4.619647,4.3196473,4.2196474,4.019647,4.019647,3.8196473,3.7196472,3.6196473,3.6196473,3.6196473,3.5196471,3.6196473,3.6196473,4.2196474,4.7196474,4.919647,5.119647,5.519647,6.019647,5.8196473,5.419647,5.519647,5.2196474,-1.5803528,0.21964721,-0.98035276,0.019647216,-0.4803528,0.21964721,-0.5803528,-0.28035277,0.11964722,0.019647216,-0.5803528,-0.08035278,0.019647216,0.019647216
2.9196472,2.8196473,4.7196474,3.9196472,5.119647,4.419647,4.8196473,3.5196471,3.9196472,4.519647,5.8196473,6.8196473,6.619647,7.019647,6.7196474,6.519647,6.2196474,5.519647,5.7196474,6.019647,5.619647,5.419647,5.019647,4.519647,4.2196474,4.119647,4.119647,4.019647,3.7196472,3.4196472,3.5196471,3.5196471,3.0196471,3.1196473,3.1196473,3.4196472,4.119647,4.7196474,5.419647,5.519647,6.019647,6.619647,6.3196473,5.619647,5.419647,0.41964722,-1.6803528,0.019647216,1.2196472,-0.5803528,-0.08035278,0.6196472,-0.18035278,-0.08035278,0.31964722,0.31964722,0.31964722,-0.08035278,-0.3803528
3.4196472,4.8196473,5.019647,3.8196473,4.919647,4.8196473,4.519647,4.019647,4.419647,4.8196473,5.419647,6.2196474,7.019647,7.119647,6.8196473,7.019647,6.3196473,6.019647,5.919647,6.019647,5.8196473,5.619647,5.019647,4.419647,4.119647,3.9196472,3.9196472,3.9196472,3.8196473,3.7196472,3.6196473,3.2196472,3.0196471,2.8196473,3.0196471,3.3196473,3.7196472,4.119647,5.2196474,6.019647,6.2196474,6.3196473,6.3196473,6.019647,5.619647,4.8196473,-1.2803528,1.4196472,0.019647216,1.1196473,-0.18035278,-0.5803528,0.31964722,-0.18035278,0.31964722,0.21964721,-0.08035278,-0.18035278,-0.6803528
2.2196472,4.119647,2.6196473,4.2196474,3.2196472,3.9196472,4.019647,3.7196472,4.119647,4.2196474,5.3196473,5.3196473,6.2196474,6.119647,6.119647,6.019647,5.8196473,6.119647,5.8196473,5.919647,5.619647,5.2196474,4.8196473,4.419647,3.9196472,3.8196473,3.7196472,4.019647,4.119647,3.9196472,4.119647,3.7196472,3.4196472,3.2196472,3.3196473,3.6196473,3.9196472,4.419647,4.919647,6.019647,6.519647,6.919647,6.8196473,6.8196473,6.919647,6.019647,-0.3803528,-1.5803528,1.7196472,0.7196472,-0.18035278,0.51964724,0.11964722,1.0196472,0.51964724,-0.28035277,0.31964722,0.11964722,0.6196472
3.4196472,2.9196472,4.119647,4.119647,4.2196474,4.119647,3.9196472,4.119647,3.2196472,3.9196472,5.619647,4.8196473,6.3196473,5.2196474,6.419647,6.119647,5.8196473,6.019647,6.419647,5.919647,5.8196473,5.3196473,4.8196473,4.3196473,3.9196472,3.8196473,3.8196473,3.7196472,4.019647,4.419647,4.119647,4.2196474,4.2196474,3.9196472,3.5196471,3.5196471,3.9196472,4.7196474,5.519647,6.2196474,7.019647,7.8196473,7.7196474,7.619647,7.419647,7.2196474,4.619647,-2.4803529,-0.28035277,0.8196472,0.31964722,0.7196472,0.019647216,-0.8803528,0.31964722,-0.28035277,-0.4803528,0.019647216,-0.08035278
2.7196472,2.4196472,2.4196472,2.9196472,3.3196473,3.5196471,4.119647,4.2196474,4.019647,3.8196473,5.019647,6.8196473,6.3196473,6.119647,6.3196473,6.3196473,6.119647,5.619647,5.2196474,5.3196473,5.7196474,5.8196473,4.8196473,4.119647,3.9196472,3.7196472,3.9196472,3.5196471,4.019647,4.119647,4.2196474,4.3196473,3.8196473,3.6196473,3.6196473,3.7196472,3.8196473,4.419647,5.2196474,5.8196473,6.7196474,7.119647,7.7196474,7.919647,8.019648,7.8196473,6.619647,0.21964721,-2.4803529,-0.08035278,0.7196472,1.1196473,1.3196472,0.21964721,0.019647216,0.7196472,-0.18035278,-0.6803528,-0.3803528
1.4196472,1.8196472,2.2196472,2.0196471,2.4196472,2.8196473,2.7196472,3.7196472,4.119647,4.019647,4.619647,5.8196473,6.2196474,6.619647,5.919647,6.2196474,5.7196474,5.7196474,6.419647,5.519647,4.7196474,4.3196473,4.419647,4.019647,3.6196473,3.3196473,3.4196472,3.3196473,3.2196472,3.7196472,4.2196474,3.9196472,4.119647,3.8196473,3.3196473,3.4196472,4.019647,4.419647,4.8196473,5.619647,6.419647,7.019647,7.3196473,7.919647,8.319647,8.919647,9.219647,7.119647,-0.28035277,-1.6803528,-0.7803528,1.7196472,1.2196472,1.1196473,-0.5803528,0.6196472,0.51964724,-1.2803528,-1.2803528
0.51964724,2.1196473,3.2196472,3.3196473,2.4196472,3.2196472,3.0196471,4.119647,4.7196474,4.119647,4.119647,4.519647,5.3196473,5.419647,6.019647,5.7196474,4.519647,5.119647,5.419647,5.019647,3.5196471,3.8196473,3.4196472,3.3196473,3.4196472,3.4196472,3.3196473,3.4196472,3.2196472,3.0196471,3.5196471,4.019647,4.2196474,4.2196474,3.7196472,3.8196473,3.9196472,4.7196474,5.019647,5.619647,6.019647,7.019647,7.519647,8.219647,8.519648,9.219647,10.419647,11.719647,0.31964722,-2.8803527,-1.4803528,-0.5803528,0.51964724,-1.7803528,1.3196472,1.2196472,0.9196472,0.51964724,0.11964722
2.9196472,2.5196471,2.6196473,3.6196473,3.6196473,3.1196473,3.5196471,3.4196472,4.619647,4.2196474,3.8196473,2.9196472,4.119647,4.119647,4.619647,5.3196473,5.8196473,4.8196473,4.2196474,3.6196473,4.619647,3.9196472,2.7196472,2.5196471,2.7196472,2.4196472,2.8196473,2.8196473,3.0196471,3.0196471,3.4196472,3.6196473,3.7196472,3.5196471,3.5196471,3.7196472,4.019647,4.519647,5.2196474,5.919647,6.2196474,6.419647,7.019647,7.519647,8.019648,8.719647,9.419647,10.719647,11.819647,3.6196473,-1.7803528,-2.7803528,-1.9803528,0.8196472,-1.5803528,0.7196472,0.41964722,1.0196472,-0.28035277
4.519647,2.4196472,3.7196472,3.9196472,2.9196472,3.0196471,3.4196472,4.019647,4.619647,3.9196472,3.0196471,3.3196473,2.9196472,4.2196474,3.8196473,4.2196474,4.919647,4.519647,3.9196472,3.8196473,2.9196472,2.4196472,2.1196473,2.3196473,2.5196471,2.4196472,2.1196473,2.4196472,2.2196472,2.5196471,2.8196473,2.8196473,3.1196473,3.2196472,3.3196473,3.2196472,3.7196472,4.2196474,4.919647,5.419647,6.3196473,6.919647,6.919647,7.2196474,7.619647,7.919647,8.319647,8.719647,9.119647,8.319647,4.119647,-0.28035277,-0.08035278,-2.0803528,-0.7803528,0.8196472,0.41964722,1.2196472,0.6196472
4.3196473,3.6196473,3.2196472,2.2196472,2.4196472,2.9196472,3.2196472,4.8196473,4.619647,3.5196471,3.7196472,4.119647,3.9196472,2.6196473,4.019647,3.2196472,4.119647,4.519647,2.9196472,3.4196472,4.519647,2.0196471,2.5196471,2.1196473,1.9196472,2.0196471,1.8196472,1.7196472,1.9196472,1.9196472,1.7196472,2.5196471,2.8196473,2.9196472,3.1196473,3.3196473,3.5196471,4.119647,4.7196474,5.619647,6.119647,6.8196473,7.2196474,7.519647,8.019648,8.019648,8.019648,8.019648,7.919647,7.619647,6.3196473,4.519647,2.0196471,-0.7803528,-0.7803528,0.8196472,1.7196472,-0.08035278,0.31964722
