earth/public/data/weather/current/current-temp-isobaric-1000hPa-gfs-1.0.json
{"header": { "discipline":0, "disciplineName":"Meteorological products", "gribEdition":2, "gribLength":48952, "center":7, "centerName":"US National Weather Service - NCEP(WMC)", "subcenter":0, "refTime":"2019-07-06T18:00:00.000Z", "significanceOfRT":1, "significanceOfRTName":"Start of forecast", "productStatus":0, "productStatusName":"Operational products", "productType":1, "productTypeName":"Forecast products", "productDefinitionTemplate":0, "productDefinitionTemplateName":"Analysis/forecast at horizontal level/layer at a point in time", "parameterCategory":0, "parameterCategoryName":"Temperature", "parameterNumber":0, "parameterNumberName":"Temperature", "parameterUnit":"K", "genProcessType":2, "genProcessTypeName":"Forecast", "forecastTime":384, "surface1Type":1, "surface1TypeName":"Ground or water surface", "surface1Value":0.0, "surface2Type":255, "surface2TypeName":"Missing", "surface2Value":0.0, "gridDefinitionTemplate":0, "gridDefinitionTemplateName":"Latitude_Longitude", "numberPoints":65160, "shape":6, "shapeName":"Earth spherical with radius of 6,371,229.0 m", "gridUnits":"degrees", "resolution":48, "winds":"true", "scanMode":0, "nx":360, "ny":181, "basicAngle":0, "lo1":0.0, "la1":90.0, "lo2":359.0, "la2":-90.0, "dx":1.0, "dy":1.0 }, "data":
[rows 130 to 155 of 181, columns 120 to 179 of 360]
283.72217,283.42218,283.82217,283.82217,283.62216,283.42218,283.62216,283.82217,284.02216,284.32217,284.02216,283.62216,284.22217,284.72217,284.42218,284.42218,285.02216,284.92218,284.72217,285.12216,285.62216,285.62216,286.12216,286.72217,282.02216,285.72217,285.52216,285.62216,280.02216,287.12216,288.12216,287.92218,287.72217,288.12216,288.02216,288.12216,287.32217,287.12216,287.82217,287.62216,286.72217,286.52216,286.92218,287.02216,287.12216,286.52216,286.52216,286.72217,286.82217,286.92218,286.92218,287.12216,287.12216,287.02216,286.52216,281.52216,274.72217,286.02216,286.42218,286.02216
283.12216,283.02216,283.32217,283.12216,282.92218,283.02216,283.42218,283.12216,283.22217,283.52216,283.12216,283.32217,283.92218,284.42218,284.12216,283.62216,283.82217,283.72217,284.02216,284.62216,284.52216,284.22217,285.22217,285.82217,286.32217,282.72217,283.42218,283.32217,281.42218,286.72217,287.22217,287.42218,287.82217,288.02216,287.82217,287.52216,286.92218,286.72217,287.02216,287.12216,286.72217,286.12216,285.82217,286.62216,286.72217,286.22217,286.22217,286.62216,286.52216,286.72217,287.02216,287.12216,286.22217,275.02216,281.82217,275.62216,278.42218,286.42218,286.42218,285.82217
282.02216,282.32217,282.32217,282.02216,281.92218,282.22217,282.32217,282.42218,282.72217,282.62216,282.72217,283.32217,283.02216,282.92218,283.02216,283.42218,283.62216,283.92218,284.22217,284.42218,284.22217,284.32217,285.02216,285.12216,285.42218,285.92218,274.22217,274.92218,276.72217,286.52216,286.42218,286.82217,286.92218,286.82217,286.52216,285.82217,285.12216,285.32217,285.52216,285.62216,286.02216,286.12216,285.82217,285.82217,286.02216,286.02216,285.82217,286.02216,286.02216,286.42218,286.82217,286.42218,272.12216,270.22217,282.32217,285.02216,285.52216,285.82217,286.12216,285.42218
281.82217,281.92218,282.32217,282.02216,281.82217,282.02216,281.92218,282.02216,282.22217,282.12216,282.22217,282.62216,282.62216,282.52216,282.72217,283.02216,283.22217,283.32217,283.82217,283.82217,283.72217,283.72217,283.92218,284.52216,285.02216,285.72217,276.12216,275.42218,285.22217,286.02216,285.82217,286.12216,286.12216,285.82217,285.62216,284.92218,284.12216,284.32217,284.52216,284.32217,284.72217,285.12216,285.02216,285.02216,285.12216,285.32217,285.52216,285.62216,285.62216,286.12216,286.12216,270.82217,271.82217,274.22217,283.72217,284.62216,284.72217,284.62216,284.12216,284.32217
282.12216,281.92218,281.92218,281.82217,282.12216,282.02216,281.62216,281.62216,281.82217,281.92218,282.02216,282.22217,282.22217,282.42218,282.42218,282.32217,282.32217,282.42218,282.82217,283.12216,283.32217,283.62216,284.02216,284.52216,284.92218,284.72217,285.32217,286.12216,286.02216,285.72217,285.52216,285.42218,284.92218,284.82217,285.12216,284.72217,284.02216,283.62216,283.72217,283.92218,284.22217,284.12216,283.82217,284.32217,284.62216,284.92218,285.12216,285.42218,285.42218,273.22217,259.42218,270.52216,275.92218,282.62216,282.82217,283.92218,283.12216,282.72217,282.22217,282.42218
281.72217,281.82217,281.82217,281.82217,281.92218,281.62216,281.32217,281.62216,281.62216,281.72217,281.72217,281.42218,281.42218,281.72217,281.72217,281.92218,281.92218,281.92218,282.32217,282.92218,283.32217,283.22217,283.62216,284.02216,284.02216,284.62216,285.12216,285.52216,285.32217,284.92218,285.32217,285.32217,284.22217,283.82217,284.22217,284.12216,283.72217,283.22217,283.02216,283.62216,284.02216,283.82217,283.52216,283.82217,284.02216,283.92218,284.62216,285.02216,268.22217,268.72217,270.22217,276.02216,282.52216,281.72217,281.52216,281.62216,281.72217,282.02216,282.22217,282.42218
281.12216,281.62216,281.82217,281.82217,282.12216,282.32217,282.12216,281.82217,281.62216,281.52216,281.12216,281.02216,281.22217,281.32217,281.42218,281.82217,281.72217,281.92218,281.82217,282.22217,282.72217,282.52216,282.52216,282.82217,283.02216,283.52216,284.42218,284.72217,284.82217,284.52216,284.72217,284.52216,283.52216,282.92218,282.62216,282.22217,282.32217,282.42218,282.32217,282.42218,283.32217,283.82217,283.62216,283.62216,284.12216,284.32217,284.62216,271.02216,273.02216,273.72217,273.22217,282.12216,281.52216,281.82217,281.32217,281.32217,281.62216,281.72217,282.02216,282.32217
280.02216,281.12216,281.82217,281.92218,281.72217,281.82217,281.72217,281.72217,281.52216,281.42218,281.12216,280.92218,280.92218,280.92218,281.12216,281.12216,280.92218,281.12216,281.22217,281.42218,281.72217,282.02216,282.62216,283.12216,283.12216,282.92218,283.32217,283.72217,283.32217,282.92218,283.32217,283.22217,282.72217,282.52216,282.42218,281.82217,281.72217,282.12216,282.32217,281.72217,282.32217,283.02216,282.92218,283.02216,283.32217,283.72217,284.02216,284.22217,274.02216,282.82217,281.22217,280.52216,281.22217,280.92218,280.32217,280.52216,280.92218,281.12216,281.52216,281.82217
280.22217,280.52216,280.52216,280.22217,280.42218,280.62216,281.22217,281.52216,281.52216,281.22217,281.02216,281.02216,281.12216,280.92218,280.72217,280.72217,280.62216,280.72217,280.62216,280.92218,281.32217,281.72217,282.02216,282.72217,282.82217,282.52216,282.22217,282.12216,281.92218,281.62216,281.92218,282.22217,282.22217,282.22217,282.02216,281.52216,281.32217,281.12216,281.02216,280.92218,281.22217,281.42218,281.72217,282.22217,283.52216,283.42218,283.32217,283.02216,282.52216,281.22217,280.62216,280.32217,280.32217,280.22217,279.62216,279.42218,279.82217,280.52216,281.32217,281.72217
279.62216,279.22217,278.82217,278.62216,279.02216,279.62216,280.42218,281.02216,281.02216,280.42218,280.12216,280.72217,280.92218,280.02216,279.72217,280.02216,280.42218,279.82217,279.52216,280.32217,280.92218,281.12216,281.22217,281.12216,281.32217,281.72217,281.82217,281.52216,281.42218,281.42218,281.32217,281.12216,281.32217,281.52216,281.22217,281.02216,280.72217,280.52216,280.62216,281.02216,281.62216,281.62216,281.12216,281.12216,282.02216,282.62216,282.72217,282.02216,281.22217,280.72217,280.62216,280.62216,280.42218,280.32217,280.12216,279.92218,279.62216,279.52216,279.52216,279.92218
278.12216,278.22217,278.32217,278.52216,278.62216,278.72217,278.72217,279.12216,279.32217,279.32217,280.02216,280.42218,279.82217,278.82217,278.32217,278.52216,278.72217,278.42218,278.42218,279.12216,279.92218,280.62216,281.22217,281.22217,280.92218,280.72217,280.32217,280.22217,280.62216,280.72217,280.12216,279.42218,279.82217,280.82217,280.42218,280.02216,280.02216,280.42218,280.82217,280.82217,281.12216,281.12216,280.72217,280.42218,280.92218,281.92218,281.82217,281.02216,280.42218,280.22217,280.42218,280.52216,280.52216,280.12216,279.92218,280.02216,279.92218,279.62216,279.32217,279.42218
276.22217,276.82217,277.42218,278.02216,278.12216,278.12216,278.02216,278.32217,278.82217,278.92218,279.02216,278.72217,278.62216,278.72217,278.22217,277.42218,277.32217,277.62216,278.02216,278.32217,278.72217,279.02216,279.22217,279.82217,279.72217,279.42218,279.32217,279.72217,280.22217,280.52216,279.92218,278.82217,279.02216,280.52216,280.52216,280.12216,280.12216,280.22217,280.32217,280.22217,280.42218,280.52216,279.92218,280.52216,281.42218,281.62216,281.12216,280.52216,280.32217,280.02216,280.02216,280.32217,280.52216,280.32217,280.22217,280.22217,279.52216,279.32217,279.62216,280.02216
275.52216,276.02216,276.52216,276.82217,277.22217,277.72217,277.62216,277.52216,277.72217,277.82217,277.62216,277.52216,278.02216,278.62216,278.22217,277.62216,277.22217,277.02216,277.02216,277.42218,277.02216,276.92218,277.32217,277.82217,278.02216,277.82217,278.02216,278.92218,279.72217,280.12216,279.42218,277.82217,277.72217,278.92218,279.52216,279.72217,279.32217,278.62216,278.62216,279.02216,279.62216,279.52216,279.62216,280.72217,281.32217,281.12216,280.72217,280.52216,280.22217,279.92218,279.82217,279.92218,280.22217,280.12216,280.02216,279.72217,279.02216,278.92218,278.92218,279.52216
275.32217,275.72217,276.12216,276.52216,276.92218,277.12216,277.12216,276.82217,276.82217,276.82217,277.12216,277.22217,277.32217,277.22217,277.42218,277.42218,277.22217,277.12216,276.82217,277.02216,276.82217,276.82217,277.52216,277.52216,277.02216,276.62216,276.32217,276.92218,278.22217,278.42218,278.12216,277.22217,276.92218,277.42218,277.82217,278.12216,278.42218,278.42218,278.42218,278.62216,279.12216,279.42218,279.82217,280.72217,281.22217,280.82217,280.32217,280.32217,280.32217,280.22217,280.02216,280.02216,280.02216,280.22217,279.92218,279.22217,278.92218,278.72217,278.62216,279.12216
274.82217,275.02216,275.52216,275.82217,276.12216,276.32217,276.62216,276.62216,276.42218,276.12216,276.42218,276.42218,276.52216,276.52216,276.72217,276.82217,276.82217,276.72217,276.72217,276.72217,276.22217,275.52216,275.62216,275.82217,275.62216,275.22217,275.12216,275.42218,276.22217,277.02216,277.12216,276.92218,277.02216,277.02216,277.02216,277.12216,277.62216,278.32217,278.12216,277.52216,277.42218,277.72217,278.82217,280.02216,280.72217,280.72217,280.32217,280.12216,280.12216,280.02216,280.02216,279.92218,279.92218,279.82217,279.22217,279.02216,279.02216,278.92218,278.92218,279.22217
274.42218,274.52216,274.92218,275.12216,275.62216,275.92218,276.12216,275.52216,275.62216,275.62216,275.82217,276.12216,276.32217,276.32217,276.42218,276.42218,276.32217,276.42218,276.42218,276.12216,275.72217,275.12216,274.82217,274.62216,274.22217,274.12216,273.82217,273.92218,274.92218,276.22217,276.72217,276.72217,276.62216,276.82217,277.32217,277.32217,277.62216,277.72217,277.42218,276.72217,275.92218,275.72217,276.62216,277.82217,279.52216,280.42218,280.42218,280.12216,279.92218,279.72217,279.42218,279.02216,278.82217,278.52216,278.32217,278.42218,278.52216,278.62216,279.12216,279.42218
274.02216,273.22217,274.52216,274.92218,275.22217,275.42218,275.52216,275.32217,275.32217,275.52216,275.82217,275.92218,275.72217,275.62216,275.62216,275.52216,275.82217,275.92218,275.72217,275.52216,275.32217,274.62216,274.12216,273.72217,273.62216,273.62216,273.52216,273.42218,273.72217,275.12216,275.72217,275.52216,275.02216,274.82217,275.22217,275.62216,276.32217,276.32217,275.92218,275.32217,275.22217,275.82217,276.12216,276.72217,277.52216,278.92218,279.42218,279.42218,279.22217,278.72217,278.32217,278.32217,278.22217,278.22217,278.22217,278.12216,277.72217,277.72217,278.12216,278.62216
274.12216,274.22217,274.22217,274.32217,274.42218,274.42218,274.32217,274.22217,274.52216,274.92218,275.12216,275.02216,275.02216,275.02216,274.72217,274.82217,275.22217,275.32217,274.92218,274.72217,274.82217,274.62216,274.12216,273.82217,273.52216,273.32217,273.32217,272.92218,272.92218,273.42218,274.52216,274.42218,273.82217,273.72217,273.52216,273.52216,273.72217,274.02216,274.52216,274.42218,274.02216,274.52216,275.22217,275.92218,276.42218,277.12216,277.82217,278.02216,278.02216,278.12216,278.12216,278.12216,277.92218,277.82217,277.92218,277.92218,277.62216,277.32217,277.02216,276.82217
273.92218,273.92218,274.02216,273.92218,274.02216,274.02216,274.02216,274.02216,274.12216,274.32217,274.32217,274.32217,274.42218,274.32217,274.12216,274.22217,274.42218,274.62216,274.22217,274.02216,274.02216,274.22217,274.22217,273.72217,273.32217,273.32217,273.12216,272.72217,272.22217,272.12216,273.22217,273.52216,273.22217,273.52216,273.72217,273.22217,272.72217,272.32217,274.02216,274.22217,273.62216,273.92218,274.52216,275.12216,275.62216,275.82217,275.92218,276.02216,276.52216,277.12216,277.42218,277.42218,277.22217,277.22217,277.52216,277.72217,277.62216,277.22217,277.12216,277.02216
273.32217,273.02216,272.72217,272.92218,273.12216,273.32217,273.42218,273.62216,273.92218,274.12216,274.12216,274.02216,273.72217,273.62216,273.42218,273.52216,273.52216,273.32217,273.32217,273.22217,273.52216,273.92218,273.82217,273.42218,272.92218,272.72217,272.72217,272.52216,272.12216,271.92218,272.02216,272.62216,272.62216,272.42218,272.62216,272.52216,272.22217,272.42218,272.92218,273.42218,271.72217,273.42218,274.32217,274.82217,274.92218,274.82217,275.02216,275.12216,275.42218,276.12216,276.32217,276.52216,276.62216,276.92218,276.72217,276.32217,276.62216,276.82217,276.72217,276.22217
272.12216,272.32217,272.32217,272.42218,272.62216,272.72217,272.62216,272.82217,273.12216,273.32217,273.32217,273.22217,273.02216,272.82217,272.72217,272.82217,272.72217,272.52216,272.52216,272.52216,272.52216,272.72217,272.92218,273.02216,273.12216,273.02216,272.82217,272.42218,271.92218,271.62216,271.52216,271.72217,271.92218,272.02216,272.32217,272.42218,272.32217,272.12216,272.02216,272.22217,272.32217,272.32217,273.02216,273.42218,273.42218,273.12216,273.02216,273.72217,274.42218,275.02216,275.32217,275.62216,276.22217,276.42218,275.92218,275.52216,275.72217,275.32217,274.92218,274.42218
271.32217,271.32217,271.32217,271.32217,271.42218,271.62216,271.82217,272.22217,272.42218,272.42218,272.42218,272.32217,272.22217,272.22217,272.22217,272.12216,272.12216,271.92218,271.92218,272.12216,272.22217,272.22217,272.12216,272.12216,272.32217,272.32217,272.02216,271.82217,271.42218,271.42218,271.42218,271.62216,271.72217,271.62216,271.72217,271.82217,271.82217,271.42218,271.42218,271.52216,271.52216,271.42218,271.42218,271.42218,271.42218,271.42218,271.42218,271.82217,272.72217,273.42218,274.42218,275.12216,275.52216,275.32217,274.92218,274.72217,274.62216,274.32217,274.02216,273.62216
271.22217,271.22217,271.22217,271.22217,271.22217,271.32217,271.52216,271.52216,271.52216,271.62216,271.62216,271.82217,272.02216,271.82217,271.62216,271.62216,271.82217,271.82217,271.72217,271.72217,271.82217,271.82217,271.72217,271.62216,271.52216,271.52216,271.42218,271.42218,271.42218,271.42218,271.52216,271.52216,271.42218,272.32217,271.92218,271.62216,272.22217,272.02216,272.02216,272.22217,272.22217,272.52216,272.42218,272.22217,271.82217,271.72217,271.42218,271.62216,271.52216,271.82217,272.62216,273.42218,273.42218,273.92218,274.12216,274.02216,273.02216,273.72217,273.32217,273.72217
271.22217,271.22217,271.22217,271.22217,271.22217,271.22217,271.22217,271.32217,271.32217,271.22217,270.72217,271.12216,270.82217,271.22217,271.62216,271.62216,271.22217,271.32217,271.42218,271.42218,271.62216,271.72217,271.62216,271.72217,271.42218,272.12216,272.02216,272.12216,271.92218,271.62216,270.72217,270.82217,269.72217,269.22217,268.52216,268.32217,268.42218,267.42218,267.62216,267.22217,266.22217,266.22217,267.62216,267.52216,268.02216,270.22217,271.52216,271.32217,271.22217,271.22217,271.62216,271.42218,271.52216,271.52216,271.72217,272.02216,271.72217,272.32217,272.72217,272.82217
257.82217,257.52216,261.32217,258.82217,257.02216,257.72217,266.32217,269.82217,268.82217,267.52216,266.12216,263.32217,266.02216,268.12216,268.22217,267.82217,268.12216,268.82217,269.62216,269.82217,269.42218,269.72217,269.92218,269.32217,268.92218,267.92218,268.02216,266.32217,264.92218,263.62216,262.52216,262.92218,262.22217,260.72217,260.72217,258.62216,257.32217,257.42218,257.92218,257.72217,259.62216,259.52216,260.52216,260.72217,261.82217,263.52216,263.82217,263.72217,264.12216,264.32217,265.72217,265.52216,267.12216,267.82217,267.82217,269.02216,268.62216,271.32217,271.62216,271.72217
253.12216,253.62216,254.22217,253.92216,255.62216,259.12216,262.52216,264.22217,260.62216,260.12216,258.22217,257.32217,258.02216,258.22217,259.22217,259.42218,260.52216,260.82217,262.12216,262.92218,262.42218,262.12216,261.42218,260.52216,259.92218,258.72217,257.82217,257.62216,257.02216,255.52217,254.62216,253.42216,253.42216,252.62216,251.52217,251.12216,252.82217,253.12216,252.42216,253.12216,253.12216,253.32217,254.72217,255.52217,256.12216,256.52216,257.52216,257.32217,258.32217,258.02216,258.32217,258.72217,257.82217,257.62216,258.02216,258.42218,258.92218,259.82217,264.82217,263.12216
