earth/public/data/weather/current/current-wind-surface-level-gfs-1.0.json
{"header": { "discipline":0, "disciplineName":"Meteorological products", "gribEdition":2, "gribLength":79252, "center":7, "centerName":"US National Weather Service - NCEP(WMC)", "subcenter":0, "refTime":"2019-07-12T12:00:00.000Z", "significanceOfRT":1, "significanceOfRTName":"Start of forecast", "productStatus":0, "productStatusName":"Operational products", "productType":1, "productTypeName":"Forecast products", "productDefinitionTemplate":0, "productDefinitionTemplateName":"Analysis/forecast at horizontal level/layer at a point in time", "parameterCategory":2, "parameterCategoryName":"Momentum", "parameterNumber":2, "parameterNumberName":"U-component_of_wind", "parameterUnit":"m.s-1", "genProcessType":2, "genProcessTypeName":"Forecast", "forecastTime":0, "surface1Type":100, "surface1TypeName":"Isobaric surface", "surface1Value":80000.0, "surface2Type":255, "surface2TypeName":"Missing", "surface2Value":0.0, "gridDefinitionTemplate":0, "gridDefinitionTemplateName":"Latitude_Longitude", "numberPoints":65160, "shape":6, "shapeName":"Earth spherical with radius of 6,371,229.0 m", "gridUnits":"degrees", "resolution":48, "winds":"true", "scanMode":0, "nx":360, "ny":181, "basicAngle":0, "lo1":0.0, "la1":90.0, "lo2":359.0, "la2":-90.0, "dx":1.0, "dy":1.0 }, "data":
[rows 52 to 77 of 181, columns 290 to 347 of 360]
12.156101,9.436101,7.526101,5.436101,3.7561011,4.936101,5.306101,3.316101,6.106101,5.516101,3.866101,2.896101,2.186101,2.0161011,2.9661012,3.806101,4.266101,4.786101,5.626101,6.646101,7.6161013,8.646101,11.006101,12.366101,12.796101,15.066101,17.906101,17.926102,15.666101,18.596102,16.606102,16.5561,14.276101,14.436101,13.746101,11.886101,9.256101,8.866101,6.666101,5.266101,4.376101,3.646101,3.2461011,2.436101,1.5361011,1.0061011,0.14610107,-0.5038989,-0.7638989,-1.523899,-1.7338989,-1.9838989,-1.9538989,-3.173899,-3.653899,-3.383899,-6.6738987,-10.683899
14.006101,10.296101,8.3761015,6.356101,3.9461012,3.9661012,4.756101,3.616101,4.426101,5.456101,3.306101,2.556101,2.536101,2.426101,2.2061012,3.7661011,4.936101,6.016101,6.266101,5.706101,6.816101,7.836101,9.986101,11.616101,13.506101,15.516101,17.166101,17.5361,17.836102,18.166101,17.256102,15.196101,14.546101,13.076101,11.286101,10.016101,8.3761015,6.986101,5.026101,4.016101,2.296101,0.7561011,0.23610108,-0.19389893,-0.44389892,-0.6438989,-1.0738989,-2.313899,-2.663899,-3.573899,-4.763899,-4.793899,-3.623899,-2.873899,-1.033899,-1.6738989,-4.823899,-6.233899
12.326101,8.8761015,7.706101,6.046101,5.476101,3.906101,4.586101,4.166101,2.606101,1.9261011,2.576101,2.0161011,2.606101,2.376101,2.846101,4.376101,5.746101,7.706101,8.536101,9.296101,10.786101,11.516101,11.746101,12.916101,14.776101,15.356101,15.656101,17.496101,16.606102,17.006102,15.726101,13.976101,12.546101,10.646101,9.846101,7.446101,6.206101,4.936101,3.136101,2.416101,0.40610108,-1.0638989,-1.383899,-2.063899,-1.9838989,-2.4838989,-3.593899,-4.623899,-4.003899,-4.6138988,-4.683899,-3.5538988,-3.2438989,-1.2238989,0.6861011,0.026101075,0.88610107,-1.403899
9.396101,7.756101,6.716101,4.8461013,3.826101,3.366101,3.276101,2.776101,2.406101,1.1761011,1.496101,2.166101,1.736101,2.9961011,3.4861012,4.056101,4.916101,7.026101,8.216101,8.816101,9.746101,11.016101,11.556101,12.156101,13.776101,14.346101,15.3761015,14.776101,15.176101,13.646101,13.266101,11.146101,10.576101,8.866101,5.956101,4.736101,4.126101,3.666101,3.0061011,1.2661011,-0.8138989,-2.193899,-2.933899,-3.2938988,-3.7638988,-5.223899,-6.203899,-6.603899,-6.063899,-5.513899,-4.1538987,-3.143899,-1.8338989,-0.53389895,1.2561011,1.356101,4.406101,5.356101
7.806101,6.856101,6.436101,4.336101,2.596101,2.046101,2.046101,1.6661011,1.0361011,0.64610106,0.84610105,1.3061011,1.986101,1.5561011,2.146101,3.606101,3.856101,4.506101,5.736101,7.056101,8.306101,9.996101,11.216101,11.676101,12.3761015,12.066101,12.566101,12.266101,12.346101,11.726101,8.896101,8.526101,7.476101,5.0761013,2.926101,2.396101,2.606101,1.986101,0.7361011,-0.13389893,-2.5338988,-3.333899,-3.703899,-3.933899,-4.6138988,-6.033899,-7.103899,-7.733899,-7.123899,-5.703899,-4.243899,-2.623899,-0.41389892,0.21610108,0.76610106,2.636101,5.666101,7.3861012
7.176101,6.586101,6.106101,4.716101,3.106101,1.5461011,0.65610105,0.6661011,-1.123899,-0.86389893,0.34610108,0.70610106,0.8761011,0.40610108,0.5661011,0.9761011,2.186101,3.346101,4.766101,6.486101,5.466101,9.016101,10.796101,10.556101,9.966101,9.486101,10.1261015,10.546101,8.636101,7.1361012,6.0961013,4.756101,3.536101,1.9361011,1.8261011,1.336101,1.1761011,1.236101,-0.113898925,-1.7938989,-3.313899,-3.673899,-3.5138988,-3.7538989,-5.4038987,-5.283899,-6.573899,-6.273899,-6.013899,-5.023899,-3.183899,-1.7938989,0.28610107,0.34610108,1.7661011,4.376101,5.6161013,7.8461013
7.046101,6.766101,5.746101,4.236101,2.856101,1.466101,-0.25389892,-0.28389892,-1.4538989,-2.923899,-1.623899,-1.903899,-1.0738989,-1.1738989,-0.42389894,1.106101,1.8061011,3.796101,4.766101,4.766101,6.426101,6.966101,7.296101,7.236101,7.016101,7.516101,7.016101,5.946101,5.456101,4.6161013,4.256101,2.1961012,0.83610106,0.30610108,0.18610108,0.7361011,-0.28389892,-0.45389894,-1.013899,-2.4838989,-3.353899,-3.573899,-3.403899,-4.6538987,-5.323899,-5.6338987,-6.163899,-6.413899,-5.043899,-3.923899,-2.643899,-1.2938989,-1.283899,-0.5638989,1.3261011,4.796101,7.066101,6.426101
6.316101,5.6161013,4.446101,4.226101,3.086101,0.6761011,-0.92389894,-1.3038989,-2.143899,-2.0138988,-2.063899,-1.6938989,-1.7038989,-1.023899,0.6661011,-0.24389893,0.056101073,2.536101,3.326101,3.9561012,5.416101,5.026101,4.646101,4.3861012,4.466101,2.886101,2.116101,1.5561011,1.3961011,0.9261011,1.106101,0.45610106,-0.9438989,-1.7338989,-1.413899,-1.3438989,-1.513899,-1.8238989,-2.363899,-3.183899,-3.453899,-4.813899,-5.253899,-6.043899,-6.713899,-6.4038987,-5.813899,-5.093899,-5.1138988,-4.453899,-4.333899,-3.353899,-2.4938989,-2.193899,-0.18389893,2.156101,3.776101,5.876101
3.556101,4.296101,1.6461011,2.0061011,1.1461011,0.37610108,-0.55389893,-1.8238989,-0.7038989,0.43610108,0.19610107,0.8561011,1.0661011,2.076101,3.7361012,3.4761012,4.706101,5.036101,3.9661012,3.306101,2.856101,2.406101,2.166101,1.6361011,-0.65389895,-1.4438989,-2.073899,-1.503899,-1.8138989,-1.633899,-1.7138989,-2.473899,-4.243899,-3.7838988,-2.603899,-2.403899,-2.083899,-2.563899,-2.8038988,-3.5138988,-4.223899,-4.973899,-6.013899,-6.6738987,-6.983899,-6.513899,-5.963899,-5.183899,-4.693899,-4.783899,-4.683899,-5.333899,-5.443899,-5.013899,-3.883899,-1.8238989,-0.013898926,1.996101
3.2661011,2.9861012,2.426101,3.7261012,0.82610106,0.6861011,-0.39389893,-0.24389893,0.13610107,0.88610107,2.426101,3.576101,3.7561011,4.266101,5.466101,5.6161013,5.496101,4.796101,3.166101,2.676101,0.28610107,0.016101073,-0.9438989,-2.723899,-3.963899,-3.933899,-3.723899,-3.183899,-3.113899,-3.2738988,-3.323899,-3.4838989,-3.843899,-4.283899,-3.943899,-3.103899,-2.313899,-2.7538989,-2.5138988,-3.693899,-4.483899,-5.3638988,-6.263899,-5.943899,-6.543899,-6.223899,-5.243899,-5.013899,-4.783899,-3.383899,-2.723899,-2.663899,-2.623899,-2.863899,-2.423899,-1.663899,0.10610107,2.026101
2.0061011,2.776101,3.876101,3.2661011,1.596101,1.6361011,1.3961011,1.9061011,0.5561011,0.6161011,2.026101,3.906101,3.346101,4.196101,5.156101,4.666101,3.436101,2.9861012,1.236101,-0.8238989,-1.133899,-2.713899,-4.073899,-2.8038988,-5.003899,-4.033899,-3.343899,-3.2638988,-4.663899,-4.453899,-3.083899,-2.333899,-2.123899,-2.563899,-2.7538989,-3.213899,-3.2838988,-3.213899,-3.423899,-4.123899,-5.343899,-5.813899,-5.553899,-5.433899,-5.303899,-4.593899,-3.823899,-3.7338989,-3.953899,-3.2838988,-2.703899,-2.4838989,-2.813899,-2.363899,-0.98389894,0.08610108,0.8561011,1.1661011
0.9961011,1.466101,1.876101,1.996101,2.046101,0.7361011,1.1461011,-0.5238989,-0.33389893,1.7561011,0.13610107,0.6161011,2.836101,3.406101,3.2061012,2.4461012,3.566101,0.43610108,-1.1938989,-2.693899,-3.353899,-4.753899,-4.473899,-6.453899,-3.083899,-2.673899,-1.143899,-0.22389893,-1.783899,-3.5038989,-2.953899,-3.073899,-2.653899,-2.093899,-2.223899,-3.3038988,-4.4038987,-4.083899,-3.953899,-4.343899,-5.013899,-4.983899,-5.023899,-6.543899,-5.483899,-5.203899,-4.763899,-4.053899,-3.9838989,-3.4838989,-3.163899,-2.353899,-1.8638989,-1.2038989,-1.5838989,-1.753899,0.25610107,2.2561011
-0.6838989,-0.25389892,0.08610108,-0.023898926,0.83610106,0.51610106,-0.7638989,-0.84389895,-0.21389893,0.5661011,2.026101,1.4261011,2.2061012,1.2561011,0.8061011,1.1761011,-0.8338989,-1.5738989,-3.213899,-4.623899,-4.783899,-5.893899,-5.6538987,-4.793899,-5.1138988,-3.2738988,-2.2338989,-0.06389893,-1.533899,-3.623899,-2.5338988,-2.393899,-2.5238988,-1.9738989,-2.973899,-2.883899,-3.643899,-4.493899,-4.8638988,-3.603899,-3.953899,-5.033899,-5.983899,-5.453899,-5.063899,-5.123899,-5.1538987,-4.983899,-4.603899,-5.013899,-5.483899,-5.283899,-3.413899,-1.283899,0.59610105,1.616101,3.176101,4.286101
-2.673899,-2.213899,-2.5338988,-1.663899,-1.7038989,-2.093899,-1.3438989,-1.1938989,-1.383899,-1.653899,0.5561011,0.5661011,-0.15389892,-1.8338989,-2.0538988,-1.9838989,-3.113899,-4.643899,-4.783899,-5.413899,-6.583899,-6.4238987,-4.203899,-4.483899,-5.303899,-5.783899,-4.253899,-2.823899,-3.683899,-3.563899,-3.2738988,-2.703899,-3.2738988,-2.383899,-2.833899,-3.223899,-3.2838988,-4.463899,-4.723899,-4.473899,-3.923899,-3.843899,-4.813899,-5.373899,-4.983899,-5.263899,-5.353899,-5.583899,-5.183899,-3.953899,-2.5338988,-1.273899,0.71610105,0.30610108,3.156101,7.0761013,6.466101,5.356101
-4.333899,-5.333899,-5.193899,-4.373899,-3.343899,-2.823899,-2.7638988,-1.9738989,-3.0538988,-2.4938989,-2.2638988,-2.453899,-3.333899,-3.7838988,-2.853899,-4.103899,-4.1138988,-4.813899,-5.373899,-4.603899,-5.283899,-5.443899,-5.593899,-3.573899,-4.573899,-5.1538987,-2.963899,-3.093899,-3.663899,-4.343899,-3.913899,-2.7638988,-2.7938988,-2.593899,-2.663899,-3.333899,-3.933899,-4.543899,-4.753899,-4.283899,-3.4938989,-3.7838988,-4.353899,-4.533899,-5.003899,-4.163899,-4.623899,-4.6338987,-4.033899,-2.083899,-0.8138989,0.32610106,-0.083898924,4.016101,5.666101,4.306101,3.186101,1.976101
-6.563899,-6.1738987,-5.533899,-6.103899,-5.413899,-4.8638988,-4.843899,-4.6338987,-4.493899,-4.933899,-5.003899,-5.1738987,-5.143899,-4.963899,-4.663899,-5.053899,-4.8638988,-5.473899,-5.973899,-5.203899,-4.303899,-4.8638988,-4.323899,-5.493899,-3.913899,-4.843899,-5.063899,-3.093899,-4.723899,-4.6138988,-3.673899,-2.693899,-2.473899,-1.873899,-2.623899,-2.963899,-4.073899,-4.033899,-4.713899,-3.953899,-3.393899,-3.123899,-2.7538989,-2.643899,-2.973899,-2.413899,-3.0238988,-2.153899,-0.14389892,0.13610107,0.59610105,-0.37389892,2.396101,3.0161011,2.4761012,1.7761011,0.88610107,-1.623899
-8.633899,-8.203899,-7.893899,-7.3838987,-7.1138988,-6.543899,-5.593899,-5.6738987,-6.353899,-5.813899,-5.513899,-5.943899,-5.773899,-6.393899,-5.453899,-5.333899,-6.233899,-6.453899,-7.513899,-6.743899,-5.013899,-5.233899,-6.553899,-5.953899,-5.843899,-5.243899,-4.813899,-5.053899,-4.593899,-4.393899,-3.093899,-2.5238988,-2.2438989,-1.9638989,-2.393899,-2.633899,-3.393899,-3.633899,-2.343899,-3.5438988,-4.063899,-3.383899,-2.603899,-2.2938988,-0.7438989,-0.043898925,1.0061011,2.306101,2.126101,1.1861011,-0.84389895,0.8061011,1.4061011,-0.19389893,-1.9738989,-1.513899,-3.223899,-2.423899
-9.903899,-9.533899,-8.603899,-8.073899,-7.603899,-7.093899,-7.543899,-7.513899,-5.473899,-6.433899,-6.483899,-5.533899,-5.553899,-5.733899,-7.123899,-5.803899,-6.483899,-6.9038987,-7.333899,-6.793899,-7.1338987,-8.113899,-6.233899,-5.103899,-4.833899,-5.483899,-6.643899,-5.283899,-5.343899,-4.303899,-3.5238988,-3.2338989,-2.7438989,-2.633899,-2.693899,-2.413899,-3.073899,-2.4838989,-2.723899,-1.013899,-0.20389892,-0.40389892,0.45610106,-0.3838989,0.21610108,1.3861011,0.9161011,0.9761011,0.90610105,1.8861011,1.866101,0.32610106,0.27610108,-0.79389894,-2.223899,-3.633899,-5.463899,-5.343899
-10.433899,-9.833899,-9.563899,-9.303899,-9.323899,-8.953899,-8.543899,-8.953899,-8.173899,-7.953899,-6.993899,-5.9238987,-5.1738987,-4.803899,-6.023899,-5.043899,-6.003899,-6.853899,-7.093899,-6.983899,-7.093899,-7.373899,-5.143899,-4.303899,-3.953899,-4.233899,-6.293899,-6.033899,-5.843899,-4.963899,-4.933899,-4.6138988,-3.843899,-3.593899,-3.403899,-3.193899,-3.173899,-2.653899,-1.7238989,-1.3238989,-0.7438989,0.13610107,0.9261011,1.4161011,1.476101,1.626101,2.036101,2.376101,3.7161012,3.2561011,0.59610105,-0.20389892,-1.5838989,-4.043899,-3.443899,-6.603899,-7.1138988,-5.323899
-9.483899,-10.033899,-10.703899,-11.863899,-10.1238985,-10.243899,-9.763899,-9.633899,-9.243899,-8.313899,-7.243899,-6.9238987,-6.3638988,-7.1538987,-5.813899,-5.743899,-5.823899,-6.1738987,-5.333899,-6.783899,-6.353899,-5.523899,-4.313899,-2.9938989,-2.963899,-4.3638988,-6.713899,-6.3838987,-6.503899,-5.763899,-6.4038987,-6.3638988,-6.203899,-5.993899,-5.013899,-3.903899,-3.413899,-3.2538989,-2.853899,-2.093899,-1.533899,-0.8338989,-1.0738989,-0.16389893,0.25610107,1.0161011,1.2961011,1.5661011,1.876101,0.13610107,-1.4738989,-1.873899,-2.963899,-6.233899,-7.533899,-8.793899,-7.223899,-5.9038987
-10.063899,-9.583899,-9.713899,-9.843899,-10.423899,-10.843899,-9.613899,-10.013899,-9.463899,-9.113899,-7.973899,-7.8838987,-7.123899,-6.273899,-7.263899,-6.783899,-4.343899,-3.7738988,-4.9238987,-5.253899,-3.653899,-3.413899,-2.163899,-0.26389894,-0.45389894,-3.0138988,-6.083899,-6.803899,-6.8838987,-7.503899,-7.963899,-8.723899,-9.133899,-8.473899,-7.843899,-6.503899,-5.243899,-4.203899,-3.873899,-3.383899,-3.2338989,-2.813899,-2.313899,-2.063899,-1.9538989,-1.3338989,-0.6338989,-0.22389893,-0.7538989,-2.663899,-2.9838989,-4.533899,-5.213899,-6.783899,-8.203899,-8.023899,-6.6538987,-4.993899
-9.793899,-9.943899,-10.633899,-9.393899,-9.593899,-11.303899,-11.093899,-10.823899,-10.163898,-8.713899,-7.033899,-6.563899,-4.853899,-3.943899,-3.143899,-4.103899,-3.2338989,-1.9838989,0.046101075,1.5561011,2.776101,3.346101,3.656101,3.4461012,2.9861012,-1.0738989,-5.1138988,-7.283899,-7.843899,-9.593899,-10.293899,-11.253899,-11.743899,-11.763899,-10.983899,-10.183899,-9.263899,-7.8638988,-6.873899,-5.9238987,-5.293899,-4.933899,-4.303899,-3.713899,-3.953899,-3.223899,-3.443899,-2.5438988,-3.313899,-4.083899,-4.373899,-6.783899,-6.393899,-5.813899,-7.803899,-7.193899,-6.743899,-5.453899
-10.263899,-10.723899,-9.923899,-10.3738985,-9.803899,-10.173899,-9.813899,-8.913898,-8.733899,-6.453899,-6.233899,-5.9238987,-7.233899,-7.253899,-7.8838987,-7.433899,-6.123899,-4.873899,-3.653899,-2.5138988,-0.9438989,0.096101075,0.5361011,0.3661011,-1.8138989,-3.193899,-5.8838987,-8.223899,-9.103899,-11.3738985,-12.103899,-13.353899,-13.643899,-13.953899,-13.513899,-12.693899,-12.223899,-11.113899,-9.893899,-9.103899,-8.493899,-7.943899,-6.8838987,-6.103899,-6.303899,-6.1538987,-5.573899,-5.4038987,-5.553899,-5.263899,-5.623899,-6.983899,-7.043899,-5.4038987,-4.143899,-5.443899,-6.233899,-6.023899
-9.243899,-10.553899,-10.033899,-9.803899,-8.443899,-8.913898,-7.543899,-6.893899,-5.123899,-7.413899,-8.183899,-8.353899,-9.293899,-8.823899,-8.3738985,-8.113899,-7.343899,-7.6538987,-6.463899,-5.683899,-4.343899,-4.163899,-3.0438988,-3.7738988,-6.733899,-8.523899,-8.8738985,-10.043899,-11.193899,-12.113899,-12.953899,-14.523899,-14.923899,-14.963899,-14.833899,-14.183899,-13.1238985,-11.883899,-11.293899,-10.513899,-9.583899,-9.193899,-8.843899,-8.433899,-7.963899,-7.433899,-6.243899,-6.623899,-7.073899,-6.183899,-6.063899,-7.6538987,-6.933899,-4.853899,-4.263899,-4.683899,-6.473899,-8.013899
-9.003899,-9.993899,-9.813899,-8.913898,-8.133899,-6.8638988,-6.8638988,-6.483899,-6.733899,-7.6338987,-8.853899,-9.733899,-10.713899,-9.153899,-7.523899,-7.9038987,-7.333899,-7.393899,-7.663899,-7.843899,-6.163899,-5.533899,-5.823899,-6.713899,-9.223899,-10.603899,-10.773899,-11.283899,-11.503899,-12.713899,-14.033899,-14.433899,-15.323899,-15.993899,-15.743899,-14.613899,-12.823899,-11.333899,-10.463899,-9.353899,-8.543899,-7.483899,-6.253899,-6.703899,-8.013899,-7.493899,-7.003899,-7.703899,-6.913899,-6.493899,-6.323899,-5.1738987,-3.2938988,-1.8338989,-3.143899,-4.463899,-7.413899,-8.733899
-9.953899,-8.693899,-7.6338987,-7.6738987,-7.303899,-6.8638988,-6.643899,-7.6138988,-7.443899,-7.973899,-8.093899,-8.743899,-8.673899,-7.013899,-6.043899,-6.193899,-6.6138988,-7.563899,-8.433899,-8.763899,-7.1338987,-6.473899,-7.683899,-8.363899,-10.683899,-11.543899,-10.923899,-11.223899,-11.323899,-12.313899,-12.743899,-13.863899,-14.903899,-14.153899,-14.233899,-13.403899,-11.863899,-10.443899,-8.893899,-6.753899,-5.833899,-5.573899,-6.093899,-6.063899,-6.503899,-6.353899,-6.013899,-6.473899,-6.263899,-5.9238987,-4.523899,-3.423899,-2.153899,-1.6938989,-3.0538988,-6.373899,-5.9038987,-7.773899
