earth/public/data/weather/current/current-wind-surface-level-gfs-1.0__.json
{"header": { "discipline":0, "disciplineName":"Meteorological products", "gribEdition":2, "gribLength":86966, "center":7, "centerName":"US National Weather Service - NCEP(WMC)", "subcenter":0, "refTime":"2019-07-12T12:00:00.000Z", "significanceOfRT":1, "significanceOfRTName":"Start of forecast", "productStatus":0, "productStatusName":"Operational products", "productType":1, "productTypeName":"Forecast products", "productDefinitionTemplate":0, "productDefinitionTemplateName":"Analysis/forecast at horizontal level/layer at a point in time", "parameterCategory":2, "parameterCategoryName":"Momentum", "parameterNumber":3, "parameterNumberName":"V-component_of_wind", "parameterUnit":"m.s-1", "genProcessType":2, "genProcessTypeName":"Forecast", "forecastTime":0, "surface1Type":102, "surface1TypeName":"Specific altitude above mean sea level", "surface1Value":3658.0, "surface2Type":255, "surface2TypeName":"Missing", "surface2Value":0.0, "gridDefinitionTemplate":0, "gridDefinitionTemplateName":"Latitude_Longitude", "numberPoints":65160, "shape":6, "shapeName":"Earth spherical with radius of 6,371,229.0 m", "gridUnits":"degrees", "resolution":48, "winds":"true", "scanMode":0, "nx":360, "ny":181, "basicAngle":0, "lo1":0.0, "la1":90.0, "lo2":359.0, "la2":-90.0, "dx":1.0, "dy":1.0 }, "data":
[rows 26 to 51 of 181, columns 236 to 294 of 360]
-9.824668,-11.084668,-11.674668,-11.604668,-12.004668,-12.424668,-11.744668,-10.354668,-8.5146675,-7.204668,-6.154668,-5.174668,-3.834668,-3.194668,-3.164668,-3.344668,-2.874668,-2.574668,-2.714668,-2.264668,-1.104668,-0.694668,-0.73466796,-0.56466794,0.735332,0.745332,-0.45466796,0.43533203,1.825332,1.9153321,1.195332,1.605332,3.955332,4.765332,5.515332,4.095332,1.7953321,-2.8846679,-3.114668,-0.954668,-0.79466796,0.45533204,1.195332,0.05533203,-2.1346679,-3.324668,-2.534668,-0.694668,-0.39466798,0.56533206,5.285332,7.805332,10.575332,12.9853325,14.045332,12.015332,9.635332,7.715332,6.395332
-3.424668,-8.934668,-12.354668,-12.234668,-12.534668,-12.754668,-11.614668,-10.7646675,-8.684668,-7.284668,-6.964668,-6.474668,-5.604668,-4.714668,-3.864668,-4.084668,-3.814668,-2.674668,-2.054668,-1.384668,-1.264668,-1.024668,-0.634668,-1.034668,-2.264668,-1.8146679,-2.024668,-2.474668,-2.464668,0.95533204,0.12533203,0.24533203,-0.584668,2.155332,3.135332,4.055332,-0.524668,-4.044668,-3.6446679,-2.534668,-1.604668,-1.984668,-1.284668,-0.73466796,-1.294668,-0.79466796,-0.80466795,-1.0946679,-1.854668,0.27533203,3.125332,6.395332,9.005332,10.895332,10.805332,9.505332,7.235332,4.815332,4.655332
-0.654668,-1.364668,-2.964668,-1.9546679,-2.084668,-6.314668,-6.7746677,-9.064668,-10.424668,-8.974668,-7.784668,-7.594668,-6.584668,-6.714668,-5.284668,-4.5046678,-3.764668,-1.914668,-2.934668,-2.574668,-1.534668,-0.31466797,-1.034668,-1.5946679,-2.364668,-2.834668,-1.794668,-3.824668,-4.844668,-4.064668,0.555332,-0.60466796,-0.66466796,1.945332,2.745332,2.185332,-0.04466797,-2.324668,-4.324668,-4.344668,-2.574668,-2.784668,-2.564668,-1.764668,-1.894668,-1.5646679,-2.274668,-1.674668,0.33533204,1.865332,3.1153321,4.505332,6.605332,7.2253323,7.605332,7.065332,5.595332,3.925332,4.605332
0.38533202,-2.944668,-3.1546679,-2.374668,-2.204668,-2.444668,-0.85466796,-0.92466795,-2.934668,-1.754668,-2.824668,-2.974668,-2.814668,-3.604668,-3.714668,0.37533203,0.46533203,-1.374668,-1.3246679,-0.04466797,-0.37466797,-1.924668,-3.584668,-1.654668,-3.624668,-0.634668,-0.764668,-2.1446679,-3.344668,-4.144668,-2.054668,-3.224668,-4.644668,2.305332,1.5453321,-0.10466797,-1.874668,-3.004668,-4.234668,-4.634668,-2.824668,-2.854668,-2.704668,-2.104668,-1.274668,-0.944668,0.0053320313,0.27533203,0.615332,1.235332,2.3553321,3.185332,4.015332,4.845332,5.325332,6.035332,4.895332,4.515332,4.955332
-3.444668,-2.984668,-3.204668,-2.024668,-2.174668,-3.1346679,-3.214668,-2.284668,-1.974668,-3.514668,-0.23466797,-1.654668,-0.09466797,-0.25466797,1.3053321,0.21533203,0.14533204,0.24533203,-3.934668,0.38533202,2.725332,2.945332,1.225332,0.63533205,-1.434668,-1.174668,-3.124668,-3.994668,-5.5046678,-3.434668,-4.5246677,-4.764668,-3.344668,-1.424668,-0.74466795,-1.5646679,-2.064668,-2.164668,-2.454668,-3.214668,-3.374668,-2.954668,-2.744668,-2.574668,-1.744668,-0.92466795,-0.31466797,0.62533206,1.0553321,0.81533206,2.315332,3.185332,2.415332,1.875332,3.075332,4.005332,5.355332,5.135332,4.205332
-2.244668,-0.62466794,-1.044668,-2.834668,-0.78466797,-3.6546679,-2.624668,-3.114668,0.555332,-0.32466796,-1.774668,-2.8846679,-0.46466798,0.24533203,-1.794668,-1.914668,-3.294668,-3.724668,-1.4646679,-1.004668,-0.14466797,-0.72466797,-1.9546679,-2.554668,-4.474668,-5.304668,-3.794668,-2.334668,-4.424668,-4.964668,-5.334668,-4.714668,-3.664668,-2.814668,-2.224668,-2.734668,-2.424668,-2.994668,-2.934668,-2.1546679,-1.244668,-1.924668,-1.6946679,-1.7046679,-1.0646679,-1.0946679,-0.97466797,-0.12466797,0.13533203,1.445332,2.125332,1.5353321,0.88533205,0.855332,2.485332,4.015332,4.665332,4.935332,4.535332
0.36533204,-0.014667969,1.105332,2.825332,1.9353321,-0.23466797,-0.964668,-0.04466797,0.33533204,0.535332,-3.944668,-4.114668,-2.444668,-2.954668,-2.994668,-1.9646679,-2.584668,-2.204668,-2.364668,-2.074668,-2.984668,-4.494668,-3.964668,-4.384668,-4.474668,-4.314668,-4.394668,-4.084668,-3.924668,-3.4046679,-3.694668,-3.8946679,-4.264668,-4.294668,-5.234668,-3.774668,-3.474668,-3.804668,-3.674668,-3.104668,-1.474668,-1.0746679,-1.004668,-0.48466796,-0.61466795,-0.30466798,0.27533203,0.42533204,1.205332,1.1753321,1.115332,0.40533203,-0.15466797,0.41533202,2.045332,3.275332,3.285332,3.965332,7.645332
-2.684668,-2.104668,-1.254668,-0.25466797,0.655332,-0.084667966,-1.1946679,-3.064668,-3.434668,-3.034668,-4.244668,-3.954668,-2.414668,-2.3946679,-2.234668,-3.234668,-3.514668,-3.924668,-4.434668,-3.534668,-3.6446679,-3.004668,-3.434668,-4.394668,-4.514668,-4.484668,-4.674668,-4.894668,-4.744668,-4.7546678,-5.104668,-5.364668,-7.154668,-6.534668,-7.0246677,-5.814668,-3.104668,-2.294668,-2.364668,-2.6546679,-1.254668,1.835332,5.425332,2.745332,1.605332,0.75533205,-0.05466797,-0.92466795,0.26533204,0.28533202,-0.36466798,-0.98466796,-0.21466798,0.76533204,3.135332,3.575332,2.725332,4.025332,4.305332
0.88533205,-1.264668,-1.124668,-0.31466797,0.83533204,-0.844668,-2.104668,-2.744668,-4.144668,-2.664668,-3.074668,-3.074668,-3.274668,-2.064668,-1.654668,-2.1346679,-2.1346679,-2.574668,-3.474668,-4.574668,-3.924668,-4.034668,-4.424668,-5.044668,-5.234668,-5.584668,-5.784668,-5.714668,-5.794668,-6.534668,-7.204668,-6.624668,-8.694668,-7.044668,-3.204668,-0.68466794,-0.87466794,1.445332,2.925332,1.9153321,1.7853321,2.215332,2.575332,0.82533205,-0.24466796,0.27533203,0.34533203,1.8053321,-0.06466797,-0.78466797,-0.86466795,-0.56466794,1.6853321,2.715332,3.485332,4.295332,4.265332,6.765332,2.8553321
1.6653321,2.785332,0.43533203,-3.194668,2.155332,1.9253321,-0.23466797,-1.9646679,-2.474668,-1.8346679,-2.1346679,-2.074668,-3.094668,-4.164668,-6.744668,-5.284668,-2.944668,-3.364668,-4.854668,-4.624668,-4.7746677,-4.354668,-5.144668,-5.434668,-5.904668,-5.614668,-6.704668,-6.2546678,-6.314668,-8.164668,-8.044668,-8.074668,-6.214668,-4.784668,-3.184668,-0.14466797,2.695332,3.205332,3.565332,7.9953322,3.465332,1.6553321,0.23533203,2.055332,3.3453321,1.605332,1.205332,0.46533203,-0.44466797,-0.884668,-1.4546679,-0.27466798,1.9153321,1.225332,3.255332,6.085332,9.185332,7.765332,4.875332
3.785332,3.375332,3.815332,4.4953322,1.765332,-1.9546679,1.5453321,1.065332,-0.954668,-2.464668,-2.294668,-2.414668,-2.6446679,-4.034668,-5.684668,-5.314668,-4.234668,-4.044668,-4.564668,-5.804668,-5.834668,-5.924668,-5.954668,-5.734668,-6.764668,-7.334668,-7.764668,-10.114668,-7.674668,-6.654668,-7.514668,-7.334668,-6.304668,-3.994668,-0.16466796,1.965332,2.555332,1.755332,3.535332,-0.824668,8.955332,4.105332,1.705332,2.335332,1.2953321,2.705332,0.96533203,-0.644668,-1.634668,-3.604668,-0.46466798,0.40533203,1.225332,1.825332,-1.5846679,5.205332,8.085332,8.855332,7.065332
0.58533204,1.6853321,2.3553321,1.765332,1.635332,1.455332,1.705332,0.015332031,-1.044668,-2.804668,-2.254668,-1.8246679,-4.334668,-4.134668,-2.254668,-2.364668,-3.6546679,-5.0246677,-5.444668,-4.784668,-6.344668,-7.184668,-6.564668,-6.7546678,-7.374668,-7.034668,-7.864668,-8.474668,-7.684668,-9.104668,-7.394668,-5.884668,-2.934668,1.595332,2.025332,3.6153321,1.765332,0.32533205,0.10533203,8.495332,9.175332,9.365332,-0.24466796,-0.13466796,0.725332,1.735332,0.17533202,-1.5746679,-4.594668,-3.204668,-1.494668,-2.724668,-1.424668,-1.554668,4.085332,7.825332,8.335332,9.995332,8.585332
3.245332,2.585332,1.245332,2.385332,2.155332,1.765332,1.205332,1.895332,-1.1946679,-1.394668,0.675332,1.975332,-0.28466797,0.42533204,-3.424668,-5.104668,-4.944668,-5.0246677,-5.614668,-5.594668,-5.794668,-6.244668,-6.554668,-7.2546678,-7.854668,-8.0146675,-8.214668,-8.214668,-7.854668,-7.074668,-4.934668,-3.964668,-2.224668,-1.254668,1.9353321,-0.49466798,-3.034668,-3.464668,6.365332,12.565332,9.135332,4.265332,-0.22466797,-1.3446679,0.015332031,-0.49466798,-2.494668,-5.864668,-3.834668,-6.5246677,-4.534668,-2.254668,-0.584668,0.535332,3.225332,9.2353325,14.785332,8.675332,10.325332
3.325332,3.3653321,3.425332,1.1853321,2.315332,2.705332,1.755332,1.605332,0.865332,-2.984668,0.05533203,1.945332,4.785332,5.985332,2.065332,-0.12466797,-3.444668,-6.614668,-7.104668,-7.414668,-5.714668,-4.974668,-5.7746677,-7.664668,-7.854668,-7.264668,-7.534668,-6.914668,-5.394668,-4.844668,-4.764668,-3.704668,-2.814668,-2.454668,-3.764668,-2.784668,-2.964668,-0.81466794,4.575332,9.2353325,7.935332,2.005332,0.25533202,1.005332,-0.54466796,-2.844668,-6.414668,-9.724668,-8.994668,-7.2546678,-4.234668,-1.674668,3.185332,5.675332,2.645332,8.175332,12.9853325,13.425332,9.495332
4.005332,2.8553321,1.025332,1.085332,3.155332,3.805332,2.8653321,1.765332,0.94533205,-0.10466797,-0.53466797,0.35533202,5.275332,5.615332,5.415332,3.125332,-1.244668,-2.184668,-3.8946679,-5.214668,-5.064668,-4.484668,-3.374668,-4.134668,-7.134668,-8.654668,-6.7746677,-5.864668,-6.114668,-6.804668,-6.354668,-4.934668,-3.784668,-7.634668,0.735332,-0.27466798,-1.034668,-2.204668,0.23533203,4.9753323,4.535332,1.705332,0.095332034,-1.6946679,-3.224668,-5.724668,-8.644668,-12.444668,-12.714668,-7.584668,-7.224668,-1.484668,9.165332,8.915332,9.135332,11.215332,14.495332,10.495332,10.385332
4.365332,2.8553321,1.365332,0.94533205,0.985332,2.935332,4.025332,4.055332,1.9253321,0.68533206,3.045332,-2.584668,3.005332,3.535332,1.955332,3.015332,1.995332,-0.41466796,-3.624668,-4.354668,-5.984668,-6.644668,-6.764668,-7.624668,-8.024668,-7.324668,-7.974668,-7.544668,-7.444668,-6.434668,-5.824668,-5.534668,-6.244668,-5.124668,-2.374668,-1.534668,-2.1546679,-6.604668,-0.45466796,5.575332,0.38533202,-1.794668,-1.5946679,-2.994668,-4.354668,-6.634668,-8.7646675,-11.654668,-14.394668,-9.554668,-8.244668,-0.10466797,8.995332,8.615332,8.365332,10.075332,13.325332,12.145332,8.525332
4.735332,1.9253321,1.585332,1.595332,1.825332,2.455332,3.755332,3.135332,2.495332,1.315332,2.125332,3.585332,2.485332,2.015332,1.3053321,0.05533203,-0.06466797,-2.714668,-4.534668,-5.664668,-6.894668,-7.394668,-8.694668,-8.944668,-9.004668,-8.024668,-6.114668,-5.214668,-5.344668,-6.034668,-4.514668,-0.97466797,-1.8346679,-3.984668,-6.614668,-4.744668,-9.414668,-2.1546679,1.585332,-1.184668,-2.954668,-3.124668,-3.454668,-4.154668,-5.854668,-7.324668,-8.534668,-9.294668,-10.404668,-8.624668,-3.714668,-1.144668,6.085332,4.695332,8.525332,6.7253323,7.045332,10.145332,14.745332
7.095332,5.655332,5.655332,5.255332,4.625332,4.905332,5.085332,4.705332,4.275332,4.465332,4.045332,4.615332,3.5953321,1.515332,0.42533204,-0.22466797,-0.60466796,-0.754668,-2.764668,-1.3246679,-3.444668,-4.074668,-4.344668,-4.144668,-4.194668,-3.6546679,-4.2746677,-4.374668,-4.214668,-2.464668,-0.35466796,-3.344668,-3.224668,1.025332,2.555332,0.04533203,-2.124668,-2.124668,-6.384668,-6.194668,-4.444668,-4.094668,-4.584668,-6.914668,-8.224668,-8.184668,-8.104668,-8.174668,-7.814668,-6.464668,-3.334668,0.07533203,2.945332,6.665332,6.605332,5.815332,6.375332,3.665332,6.735332
8.065332,6.385332,6.005332,6.2453322,7.855332,8.145332,7.7253323,7.315332,5.565332,3.735332,2.545332,2.995332,1.855332,0.975332,1.355332,0.555332,1.015332,-0.15466797,-1.614668,-1.534668,-0.31466797,-3.784668,-1.994668,-2.344668,-0.21466798,1.4253321,1.335332,1.1653321,0.64533204,-1.474668,-2.724668,0.31533203,0.21533203,-3.014668,-3.714668,-4.534668,-4.584668,-5.764668,-6.334668,-6.904668,-5.574668,-5.5246677,-5.664668,-7.264668,-9.004668,-6.454668,-5.184668,-4.784668,-4.454668,-2.304668,-2.8946679,3.075332,6.025332,3.735332,4.255332,5.345332,3.215332,5.125332,8.535332
8.705332,9.025332,9.055332,10.615332,11.065332,9.465332,7.685332,5.175332,2.795332,2.545332,2.455332,1.205332,0.535332,0.025332032,-0.25466797,-0.704668,1.965332,-1.5646679,-1.874668,0.93533206,1.385332,4.235332,0.13533203,-4.294668,-1.4546679,0.37533203,-0.634668,-1.0846679,-0.49466798,-0.09466797,-0.55466795,-3.124668,-6.484668,-7.514668,-9.644668,-7.394668,-8.454668,-8.164668,-8.334668,-8.534668,-8.0146675,-7.244668,-6.284668,-7.924668,-10.364668,-7.884668,-5.424668,-5.284668,-5.264668,-2.194668,3.425332,4.875332,0.82533205,-1.394668,1.245332,3.5953321,4.675332,9.035332,10.345332
11.035332,11.395332,12.365332,11.685332,9.795332,7.455332,7.885332,7.315332,4.775332,3.155332,4.195332,4.415332,2.465332,0.845332,-0.19466797,-2.564668,-2.784668,0.49533203,-3.524668,-0.11466797,12.915332,13.765332,4.285332,3.3553321,3.285332,1.825332,1.6653321,-0.34466797,-1.934668,-2.624668,-3.374668,-7.0246677,-8.614668,-10.774668,-9.444668,-9.154668,-9.384668,-9.314668,-9.324668,-9.174668,-8.814668,-8.214668,-6.454668,-7.064668,-9.854668,-9.924668,-9.004668,-8.654668,-5.074668,1.0353321,2.995332,3.325332,0.015332031,-0.38466796,0.27533203,1.865332,2.195332,7.2453322,9.995332
10.115332,10.555332,10.645332,8.995332,7.525332,9.615332,8.875332,7.095332,6.675332,6.155332,5.9753323,4.875332,1.775332,1.495332,0.69533205,-3.204668,-5.2546678,-3.674668,-0.66466796,-1.264668,9.805332,7.525332,4.4953322,1.005332,1.9153321,1.9353321,0.32533205,-3.204668,-4.734668,-4.334668,-6.684668,-8.434668,-9.794668,-9.294668,-8.484668,-8.454668,-8.624668,-8.474668,-7.654668,-7.704668,-8.664668,-7.394668,-5.854668,-8.034668,-9.854668,-9.054668,-8.484668,-5.694668,-1.634668,0.15533203,2.795332,2.245332,-0.30466798,-0.60466796,2.775332,8.605332,6.055332,10.525332,5.115332
8.175332,7.755332,7.505332,6.305332,8.305332,10.205332,7.575332,5.445332,4.105332,3.685332,7.875332,6.275332,4.805332,1.025332,-1.614668,-3.564668,0.07533203,-1.0746679,-3.274668,0.12533203,7.615332,9.4853325,1.105332,1.1853321,5.405332,-0.43466797,-2.974668,-4.214668,-4.714668,-5.0046678,-7.034668,-7.794668,-7.654668,-8.294668,-9.024668,-8.474668,-8.274668,-8.0146675,-7.904668,-8.094668,-7.5046678,-5.204668,-5.304668,-6.364668,-6.0046678,-6.534668,-6.674668,-4.474668,-1.3446679,-0.40466797,1.9053321,-1.994668,-2.174668,-0.004667969,7.445332,12.405332,10.455332,7.275332,4.065332
4.625332,6.4753323,5.985332,6.715332,8.995332,9.375332,6.525332,5.465332,1.9153321,1.595332,3.675332,3.3553321,1.125332,-2.024668,-3.524668,1.195332,2.825332,0.70533204,-1.034668,-0.694668,4.095332,0.555332,-0.44466797,2.075332,1.385332,-6.834668,-6.454668,-7.164668,-6.494668,-7.244668,-8.034668,-6.974668,-7.184668,-7.514668,-7.954668,-7.854668,-7.534668,-8.614668,-7.324668,-7.044668,-4.984668,-4.134668,-5.074668,-6.174668,-6.464668,-6.534668,-4.694668,-4.414668,-2.1446679,0.34533203,-1.774668,-4.714668,-2.464668,-0.39466798,14.525332,15.785332,10.455332,5.215332,3.945332
3.765332,5.055332,5.905332,4.4753323,9.015332,4.985332,4.795332,2.295332,2.715332,1.615332,2.255332,3.405332,2.275332,-0.824668,1.525332,-0.26466796,2.565332,1.0353321,-2.3946679,-0.24466796,0.655332,-3.664668,1.7853321,0.87533206,-1.774668,-5.104668,-8.334668,-9.434668,-7.644668,-8.144668,-6.944668,-5.934668,-5.984668,-6.084668,-6.604668,-6.804668,-7.0046678,-7.0046678,-6.174668,-5.5046678,-4.5046678,-4.134668,-4.2546678,-5.094668,-5.634668,-5.234668,-3.6446679,-1.764668,-0.74466795,-1.654668,-2.794668,-3.764668,1.015332,5.295332,10.295332,11.095332,9.035332,4.415332,4.075332
3.785332,5.525332,5.385332,6.025332,5.065332,4.555332,3.955332,2.065332,7.375332,6.165332,3.625332,3.675332,2.135332,-2.094668,3.015332,3.3553321,-0.03466797,-1.1946679,-2.694668,0.975332,-1.034668,2.335332,-0.584668,-0.22466797,-4.884668,-7.454668,-10.2646675,-10.754668,-8.244668,-7.944668,-6.354668,-6.2546678,-6.484668,-6.484668,-5.834668,-5.7546678,-6.114668,-5.974668,-5.7546678,-4.634668,-3.994668,-4.184668,-4.534668,-6.0046678,-4.484668,0.12533203,1.6753321,-1.134668,-3.914668,-5.654668,-4.234668,-2.324668,-0.28466797,5.985332,7.625332,9.895332,10.145332,6.095332,2.635332
