earth/public/data/weather/current/current-wind-surface-level-gfs-1.0.json
{"header": { "discipline":0, "disciplineName":"Meteorological products", "gribEdition":2, "gribLength":79252, "center":7, "centerName":"US National Weather Service - NCEP(WMC)", "subcenter":0, "refTime":"2019-07-12T12:00:00.000Z", "significanceOfRT":1, "significanceOfRTName":"Start of forecast", "productStatus":0, "productStatusName":"Operational products", "productType":1, "productTypeName":"Forecast products", "productDefinitionTemplate":0, "productDefinitionTemplateName":"Analysis/forecast at horizontal level/layer at a point in time", "parameterCategory":2, "parameterCategoryName":"Momentum", "parameterNumber":2, "parameterNumberName":"U-component_of_wind", "parameterUnit":"m.s-1", "genProcessType":2, "genProcessTypeName":"Forecast", "forecastTime":0, "surface1Type":100, "surface1TypeName":"Isobaric surface", "surface1Value":80000.0, "surface2Type":255, "surface2TypeName":"Missing", "surface2Value":0.0, "gridDefinitionTemplate":0, "gridDefinitionTemplateName":"Latitude_Longitude", "numberPoints":65160, "shape":6, "shapeName":"Earth spherical with radius of 6,371,229.0 m", "gridUnits":"degrees", "resolution":48, "winds":"true", "scanMode":0, "nx":360, "ny":181, "basicAngle":0, "lo1":0.0, "la1":90.0, "lo2":359.0, "la2":-90.0, "dx":1.0, "dy":1.0 }, "data":
[rows 130 to 155 of 181, columns 232 to 289 of 360]
4.186101,8.446101,11.306101,15.296101,18.416101,18.5261,16.936102,19.096102,17.926102,14.996101,15.566101,16.3661,16.396101,16.4461,16.7861,18.416101,18.016102,16.236101,15.646101,13.006101,12.326101,11.826101,11.636101,11.6261015,11.176101,8.396101,7.686101,9.016101,11.6261015,11.016101,11.146101,10.316101,10.806101,10.196101,11.316101,8.616101,12.146101,10.646101,11.266101,10.386101,10.856101,12.326101,12.426101,12.436101,13.246101,11.466101,10.616101,10.076101,11.306101,11.906101,10.736101,11.346101,12.306101,5.856101,8.326101,5.556101,3.606101,9.386101
2.296101,2.326101,4.316101,8.326101,8.536101,11.076101,17.5561,17.486101,9.516101,10.986101,15.406101,17.926102,24.3761,23.2161,21.6261,21.666101,20.7861,20.246101,18.346102,15.346101,12.766101,10.716101,9.266101,11.396101,13.826101,12.936101,10.976101,11.3761015,11.116101,12.916101,11.586102,11.366101,11.636101,11.236101,10.956101,11.096101,12.016101,12.586102,10.346101,12.016101,11.446101,11.896101,11.086102,10.866101,10.756101,10.276101,7.206101,8.266101,9.216101,8.696101,10.766101,11.396101,11.266101,8.426101,10.526101,6.706101,5.0961013,10.436101
3.9661012,4.066101,4.946101,4.286101,4.566101,6.406101,5.196101,6.036101,8.986101,15.3761015,15.546101,15.896101,18.936102,22.4561,20.9661,23.0361,22.7261,20.9461,18.9561,16.6361,15.616101,14.656101,13.036101,12.146101,11.946101,16.346102,13.826101,11.976101,12.066101,12.246101,11.916101,11.716101,12.286101,11.536101,10.996101,11.226101,11.656101,11.616101,12.146101,12.216101,11.536101,10.306101,10.246101,9.726101,9.526101,8.416101,7.0961013,6.8461013,7.676101,6.416101,7.026101,7.396101,12.696101,10.826101,10.856101,8.186101,3.406101,6.756101
4.646101,6.3661013,7.316101,6.856101,8.076101,9.1261015,9.706101,10.846101,10.476101,10.066101,12.066101,10.946101,6.586101,6.626101,11.736101,15.606101,16.7861,17.8861,19.4461,17.986101,17.826101,18.586102,16.9661,17.086102,14.486101,13.086102,15.086102,13.986101,14.426101,12.516101,12.716101,12.456101,12.426101,11.266101,11.276101,10.286101,12.026101,13.706101,11.606101,11.856101,11.036101,11.136101,9.426101,9.526101,7.726101,7.106101,6.656101,5.946101,7.356101,5.966101,5.176101,4.186101,9.056101,8.016101,8.536101,5.316101,3.776101,4.056101
4.476101,4.026101,4.526101,4.476101,5.586101,5.626101,6.8261013,7.086101,8.366101,9.686101,10.816101,9.256101,10.866101,12.216101,10.096101,7.0761013,6.876101,7.926101,12.276101,14.1261015,15.386101,16.606102,18.9761,20.016102,19.1261,16.336102,16.326101,15.946101,15.536101,12.356101,13.426101,12.816101,12.706101,10.666101,11.386101,10.426101,11.586102,11.316101,11.366101,12.326101,10.526101,10.786101,8.976101,8.486101,8.646101,6.746101,6.126101,6.566101,5.186101,4.936101,6.896101,2.666101,3.2161012,6.206101,9.326101,5.956101,2.9961011,9.976101
5.396101,5.296101,5.706101,5.646101,5.206101,4.296101,4.976101,4.8861012,4.706101,4.5761013,4.486101,4.266101,4.836101,6.3261013,8.676101,10.196101,13.356101,14.966101,14.426101,13.666101,14.216101,14.986101,13.926101,14.416101,15.946101,16.996101,17.9461,16.006102,15.026101,15.306101,13.296101,13.156101,11.716101,9.896101,9.586102,10.166101,10.076101,12.226101,13.946101,13.8761015,13.646101,11.446101,8.586102,7.746101,5.776101,4.936101,4.706101,5.106101,5.516101,3.636101,2.626101,5.656101,3.426101,3.0061011,3.786101,6.746101,5.696101,15.406101
9.576101,8.716101,7.176101,9.616101,8.076101,7.486101,7.046101,5.246101,4.306101,2.826101,2.136101,2.7361012,2.9461012,3.346101,3.9661012,4.836101,7.306101,10.146101,12.946101,15.906101,17.1961,17.6161,16.926102,14.836102,17.9761,18.4661,18.8061,16.9461,15.866101,16.6161,13.216101,12.676101,10.726101,8.366101,8.566101,8.316101,10.036101,11.146101,9.096101,10.786101,11.236101,9.686101,8.646101,6.306101,4.246101,2.9561012,5.046101,6.106101,4.876101,4.216101,5.776101,4.916101,4.426101,2.646101,2.7261012,4.376101,3.1961012,8.726101
14.216101,13.906101,13.656101,12.046101,11.6261015,11.366101,10.726101,9.726101,9.146101,7.746101,6.266101,5.196101,4.926101,3.4461012,3.306101,4.626101,5.296101,6.436101,8.706101,10.166101,12.1261015,14.596101,16.6361,18.8861,16.246101,16.5261,15.656101,15.936101,15.666101,14.666101,12.146101,11.296101,9.496101,8.886101,6.896101,7.736101,8.896101,6.786101,9.526101,10.986101,10.026101,7.906101,4.796101,4.046101,3.1961012,0.49610108,0.17610107,0.47610107,1.5261011,3.056101,3.806101,4.516101,3.9961011,6.926101,4.966101,0.5661011,1.4261011,6.086101
12.336102,11.546101,14.386101,16.5261,16.516102,15.386101,14.496101,14.896101,14.476101,13.3761015,10.576101,9.6261015,8.216101,7.776101,6.166101,6.226101,6.716101,7.3261013,8.216101,8.686101,9.3761015,10.696101,13.3761015,16.5361,17.596102,16.686102,13.606101,15.286101,15.746101,14.1261015,11.566101,10.466101,6.466101,6.266101,5.246101,6.356101,4.726101,4.896101,6.526101,5.686101,4.716101,3.816101,1.1961011,1.2561011,-0.72389895,-1.283899,0.16610107,1.376101,2.396101,1.9161011,2.526101,2.276101,2.396101,4.3261013,3.686101,-1.663899,1.6861011,2.396101
13.686101,15.8761015,16.426102,16.086102,14.426101,15.946101,18.846102,19.766102,17.9561,17.816101,16.3061,14.976101,13.096101,11.796101,10.736101,9.686101,9.406101,9.556101,9.326101,11.016101,9.776101,9.366101,9.726101,11.056101,14.426101,14.236101,12.3761015,12.826101,13.236101,12.846101,9.406101,8.446101,4.756101,5.066101,4.186101,3.4661012,1.3961011,0.8161011,-2.0038989,-3.953899,-3.843899,-3.953899,-3.0538988,-5.3838987,-3.5338988,-1.6938989,-0.42389894,-1.143899,0.44610107,1.1861011,0.23610108,-0.14389892,3.146101,1.1861011,-4.953899,-2.383899,-0.86389893,-0.49389893
13.896101,14.326101,15.576101,17.656101,20.596102,15.316101,16.2261,17.2161,19.346102,21.3861,20.9461,19.256102,18.646101,17.6961,15.496101,13.636101,12.076101,11.186101,11.746101,9.996101,10.456101,10.426101,10.526101,10.806101,11.616101,11.686101,9.586102,10.426101,10.246101,7.206101,7.816101,5.286101,4.286101,2.9961011,2.806101,-0.6838989,-1.2038989,-3.2838988,-5.4238987,-7.853899,-7.773899,-5.753899,-6.023899,-4.913899,-4.473899,-3.423899,-2.903899,-2.593899,-3.403899,-3.5238988,-2.0338988,-1.003899,0.71610105,1.856101,-4.3638988,-1.143899,0.22610107,1.086101
16.346102,15.446101,15.216101,15.656101,16.3661,18.6261,19.426102,19.0461,18.7061,18.936102,20.2161,19.746101,19.736101,17.2861,17.936102,18.6961,15.016101,13.536101,12.176101,10.756101,11.086102,11.736101,13.026101,13.446101,12.426101,11.776101,10.766101,9.516101,8.216101,3.9661012,5.686101,2.9761012,2.036101,0.24610108,-0.6238989,-2.703899,-3.0238988,-4.843899,-5.713899,-8.143899,-8.163898,-6.553899,-5.273899,-3.7938988,-3.213899,-3.703899,-3.2438989,-3.923899,-4.573899,-6.803899,-7.823899,-5.013899,-2.853899,-0.29389894,-1.9238989,-3.443899,-1.4238989,3.796101
16.656101,16.346102,16.4561,16.2861,17.1161,17.0361,16.7861,17.5361,17.5361,18.576101,15.216101,15.996101,20.486101,20.7261,21.566101,18.416101,18.2161,15.346101,13.166101,12.006101,12.036101,13.026101,13.146101,13.846101,12.756101,11.706101,10.806101,8.356101,7.676101,4.806101,3.276101,-0.06389893,-0.30389893,-1.763899,-3.5138988,-3.923899,-4.083899,-5.093899,-6.063899,-5.763899,-5.493899,-6.6138988,-5.993899,-5.053899,-4.323899,-3.8038988,-2.2338989,-4.093899,-4.763899,-6.043899,-5.6138988,-6.683899,-4.203899,-2.933899,-0.86389893,-3.5238988,-4.713899,-5.3638988
17.5361,17.5361,17.326101,17.146101,18.006102,18.156101,18.7861,18.656101,17.336102,20.416101,16.7961,15.576101,15.576101,19.9661,21.0461,20.3661,18.3861,15.986101,14.976101,12.536101,11.636101,12.426101,10.966101,10.856101,7.896101,6.6361012,6.176101,7.026101,3.026101,3.786101,0.84610105,-0.113898925,-1.7038989,-2.453899,-4.1538987,-4.243899,-5.983899,-6.103899,-7.743899,-8.113899,-8.343899,-8.533899,-8.343899,-8.953899,-6.533899,-5.6338987,-7.213899,-7.783899,-11.323899,-9.313899,-4.013899,-3.463899,-0.8838989,-2.963899,-1.8138989,-4.563899,-5.543899,-4.033899
19.336102,19.076101,18.766102,18.826101,18.996101,18.846102,19.416101,18.846102,18.2261,17.0261,18.6161,17.516102,17.516102,18.166101,17.356102,19.7061,17.996101,16.0461,15.226101,13.176101,10.956101,11.036101,8.326101,6.006101,1.716101,2.566101,2.9761012,4.036101,3.146101,2.076101,0.9961011,-0.033898927,-1.413899,-2.073899,-2.2438989,-4.593899,-4.483899,-4.773899,-5.223899,-6.813899,-7.9038987,-8.083899,-8.473899,-8.473899,-8.513899,-9.023899,-7.943899,-5.973899,-4.753899,-2.5038989,-3.323899,-2.943899,-2.953899,-2.123899,-1.3238989,1.9261011,-3.313899,-4.453899
20.566101,20.336102,20.506102,20.096102,19.9561,19.436102,19.6261,19.7761,19.1161,17.6161,18.246101,18.0461,18.506102,18.996101,18.7161,17.166101,21.3861,16.316101,14.446101,12.606101,9.866101,8.806101,5.416101,0.13610107,2.076101,3.336101,2.126101,1.626101,2.636101,2.346101,2.126101,1.606101,1.1861011,0.64610106,-0.84389895,-2.7738988,-5.1738987,-4.933899,-3.653899,-2.203899,-3.7938988,-3.853899,-5.553899,-4.523899,-3.963899,-3.5238988,-3.9938989,-4.9238987,-4.053899,-2.923899,-2.153899,-2.573899,-1.8638989,-1.1938989,-0.15389892,-0.47389892,-1.533899,-7.413899
21.9661,21.156101,20.8861,20.076101,20.1161,19.666101,19.0461,19.166101,18.596102,18.1261,17.336102,17.3661,16.596102,15.956101,17.316101,16.586102,18.926102,16.7061,14.156101,12.256101,9.386101,7.606101,5.306101,1.8061011,2.926101,3.7661011,-0.043898925,3.656101,2.866101,2.2261012,3.126101,2.916101,1.996101,0.6261011,-0.09389892,-0.40389892,-1.753899,-4.203899,-5.6338987,-4.963899,-4.1338987,-4.373899,-4.893899,-5.193899,-5.453899,-4.413899,-2.693899,-1.9638989,-1.033899,0.096101075,-1.4538989,0.3961011,-0.5038989,-2.0338988,-2.8038988,-2.623899,-2.323899,-2.2338989
22.606102,22.336102,21.416101,21.016102,19.846102,19.346102,19.2961,18.736101,17.986101,18.3861,16.916101,16.596102,16.996101,16.1361,17.4461,16.436102,16.8061,18.7861,13.826101,11.986101,8.596101,6.316101,5.146101,3.626101,4.106101,3.086101,2.866101,4.3861012,3.646101,1.996101,4.536101,3.9961011,3.806101,2.056101,2.066101,1.086101,1.1861011,0.7861011,-0.39389893,-1.143899,-2.0438988,-2.0138988,-1.403899,-1.3438989,-0.43389893,0.066101074,3.116101,3.866101,5.036101,5.066101,5.3261013,4.536101,3.346101,1.216101,-0.9538989,-0.54389894,0.64610106,-0.72389895
23.4461,24.016102,24.166101,23.246101,22.0361,20.086102,19.156101,17.9661,17.006102,16.1961,16.686102,15.396101,14.756101,15.426101,16.2761,17.6361,12.506101,13.616101,12.256101,11.3761015,8.486101,6.1161013,4.0961013,5.1161013,3.076101,5.016101,5.186101,3.936101,3.9961011,2.166101,2.9761012,1.596101,2.2361012,2.7361012,2.416101,2.346101,2.676101,1.2561011,2.426101,2.046101,0.94610107,1.2861011,1.226101,1.486101,1.2661011,2.2361012,-0.3838989,-0.80389893,0.59610105,2.166101,2.7261012,2.936101,4.5761013,1.5461011,0.47610107,0.08610108,0.76610106,0.83610106
27.4461,28.746101,27.0561,24.2761,22.856102,20.5361,18.086102,17.0361,14.846101,14.906101,14.536101,14.156101,13.046101,13.846101,15.586102,12.426101,14.106101,14.6261015,11.716101,10.866101,9.366101,8.166101,7.996101,6.0761013,6.756101,5.746101,6.266101,5.236101,3.366101,1.966101,2.376101,4.396101,4.3261013,3.1961012,3.186101,3.146101,3.046101,3.7061012,1.1961011,1.846101,2.2461011,1.876101,1.876101,2.926101,3.886101,1.3061011,-1.383899,-1.9338989,-1.773899,-0.37389892,0.51610106,0.88610107,-1.4238989,-2.333899,-2.0438988,-1.403899,0.036101073,-1.4738989
31.076101,30.896101,27.7161,21.6161,21.516102,17.8761,14.866101,14.116101,13.746101,13.596101,13.196101,13.286101,14.436101,15.326101,15.326101,7.3661013,12.246101,10.756101,10.426101,10.856101,11.266101,11.276101,11.096101,10.196101,7.696101,8.926101,3.916101,4.776101,2.9761012,2.076101,3.166101,3.9561012,4.0761013,4.3261013,3.046101,2.846101,1.8961011,0.46610108,1.1661011,1.8061011,-0.3538989,0.5461011,3.776101,2.1961012,1.8061011,-2.7638988,-3.863899,-3.7738988,-6.143899,-6.643899,-9.383899,-9.443899,-7.693899,-6.393899,-4.553899,-1.8238989,-2.403899,-3.103899
15.656101,12.076101,10.246101,9.766101,11.066101,8.576101,8.996101,10.096101,11.066101,12.076101,13.726101,14.046101,12.736101,9.546101,3.896101,8.306101,8.936101,8.536101,11.076101,12.016101,13.996101,14.566101,14.886101,12.996101,8.906101,8.116101,8.406101,5.266101,4.016101,3.786101,4.1361012,3.916101,4.196101,5.526101,2.296101,2.7061012,2.536101,2.036101,2.2561011,0.49610108,-0.21389893,1.3261011,0.83610106,-1.133899,-3.953899,-4.823899,-5.433899,-6.603899,-6.213899,-5.743899,-5.583899,-5.8838987,-5.663899,-4.193899,-3.863899,-3.563899,-3.7938988,-3.173899
5.646101,1.096101,-0.17389892,0.7561011,1.2061011,2.776101,4.766101,7.146101,9.386101,7.176101,8.816101,4.896101,1.1661011,3.416101,4.666101,5.726101,8.406101,10.746101,13.066101,15.796101,16.4761,16.1161,15.196101,11.976101,8.946101,8.086102,8.496101,6.3461013,3.7261012,3.7661011,3.906101,3.276101,3.7161012,6.026101,3.686101,2.846101,2.9561012,3.096101,2.066101,0.37610108,0.08610108,0.51610106,-1.153899,-2.823899,-3.843899,-4.9238987,-5.033899,-5.353899,-7.223899,-8.213899,-8.283899,-7.523899,-6.893899,-6.373899,-5.073899,-3.4938989,-2.453899,-1.4638989
-9.973899,-7.4238987,-6.023899,-5.003899,-2.443899,-0.65389895,2.096101,1.616101,-6.453899,-8.053899,-4.9038987,-5.203899,-2.573899,1.7661011,5.976101,9.906101,12.056101,13.416101,14.196101,14.886101,13.006101,11.296101,10.146101,8.186101,6.086101,6.016101,5.066101,4.376101,3.4961011,3.2061012,3.796101,3.616101,4.046101,5.566101,2.7061012,2.296101,1.9161011,1.336101,2.036101,0.25610107,0.006101074,0.7261011,-0.19389893,-0.73389894,-0.79389894,-2.193899,-2.7938988,-3.693899,-3.5538988,-3.353899,-3.5138988,-3.3038988,-2.5438988,-2.0138988,-1.383899,-0.46389893,0.31610107,1.106101
-17.063898,-16.083899,-15.303899,-15.633899,-15.053899,-14.283899,-13.6238985,-11.333899,-9.303899,-7.393899,-5.013899,-2.7738988,0.44610107,3.096101,6.216101,8.866101,9.596101,8.1261015,8.136101,8.476101,8.026101,7.5961013,5.726101,4.836101,2.566101,2.636101,1.1761011,2.106101,1.9561011,2.576101,3.146101,3.356101,2.7461011,1.7761011,2.186101,2.7661011,0.8661011,1.2661011,1.1561011,0.6761011,0.5461011,0.8761011,1.3961011,0.19610107,1.4061011,1.976101,1.0661011,0.6861011,0.40610108,0.52610105,0.59610105,0.8161011,1.216101,1.606101,2.026101,2.606101,3.336101,3.866101
-11.313899,-11.113899,-10.743899,-10.763899,-10.333899,-9.233899,-8.013899,-7.233899,-6.313899,-5.163899,-3.833899,-2.5538988,-1.893899,-1.763899,0.066101074,0.5661011,0.27610108,0.64610106,1.7061011,1.376101,0.83610106,0.006101074,2.186101,-4.593899,-2.5138988,-5.253899,-1.773899,-2.063899,0.3661011,2.886101,3.166101,2.2561011,1.2861011,2.326101,2.866101,3.4761012,3.116101,1.9461011,1.5261011,2.4661012,1.476101,1.6461011,2.376101,2.126101,1.346101,2.4761012,3.616101,3.9961011,3.9761012,4.086101,3.416101,3.2161012,3.4961011,3.646101,4.046101,4.586101,4.8661013,5.006101
