earth/public/data/weather/current/current-wind-surface-level-gfs-1.0.json
{"header": { "discipline":0, "disciplineName":"Meteorological products", "gribEdition":2, "gribLength":81153, "center":7, "centerName":"US National Weather Service - NCEP(WMC)", "subcenter":0, "refTime":"2019-07-12T12:00:00.000Z", "significanceOfRT":1, "significanceOfRTName":"Start of forecast", "productStatus":0, "productStatusName":"Operational products", "productType":1, "productTypeName":"Forecast products", "productDefinitionTemplate":0, "productDefinitionTemplateName":"Analysis/forecast at horizontal level/layer at a point in time", "parameterCategory":2, "parameterCategoryName":"Momentum", "parameterNumber":3, "parameterNumberName":"V-component_of_wind", "parameterUnit":"m.s-1", "genProcessType":2, "genProcessTypeName":"Forecast", "forecastTime":0, "surface1Type":100, "surface1TypeName":"Isobaric surface", "surface1Value":80000.0, "surface2Type":255, "surface2TypeName":"Missing", "surface2Value":0.0, "gridDefinitionTemplate":0, "gridDefinitionTemplateName":"Latitude_Longitude", "numberPoints":65160, "shape":6, "shapeName":"Earth spherical with radius of 6,371,229.0 m", "gridUnits":"degrees", "resolution":48, "winds":"true", "scanMode":0, "nx":360, "ny":181, "basicAngle":0, "lo1":0.0, "la1":90.0, "lo2":359.0, "la2":-90.0, "dx":1.0, "dy":1.0 }, "data":
[rows 130 to 155 of 181, columns 232 to 289 of 360]
3.3050318,0.34503174,-0.24496827,-4.774968,-5.104968,-9.9149685,-3.4249682,-7.624968,-4.814968,-5.1749682,-5.4549685,-3.9049683,-4.5749683,-1.5649682,0.52503175,1.4950317,3.2650318,1.4850317,0.88503176,-1.4049683,-0.15496826,1.2950318,-0.044968262,-1.4149683,-0.45496827,0.78503174,5.2750316,7.685032,3.6550317,3.7550318,6.745032,11.295032,12.735032,10.215032,10.3350315,6.3250318,9.225032,11.185032,11.755032,8.635032,11.165031,8.125031,7.3450317,5.895032,-0.71496826,-1.6649683,-6.1549683,-9.924969,-9.974968,-11.014968,-10.824968,-15.474968,-17.234968,-18.784967,-15.184968,-13.754969,-8.404968,-3.5949683
4.6150317,4.4850316,2.2050316,-0.8949683,-4.1849685,-6.1149683,-8.894968,-6.9549685,-4.544968,-4.2849684,-5.524968,-2.5349684,-4.9349685,-5.0549684,-2.3249683,-1.3149682,-0.38496825,0.89503175,-1.7749683,-3.2249682,-2.0749683,-0.29496825,0.8550317,-0.32496825,-1.6949682,0.44503173,3.0550318,7.205032,7.415032,4.165032,6.725032,10.965032,12.025032,11.135032,9.345032,8.195032,8.855032,10.145032,9.445032,9.145032,9.865032,8.135032,6.8350315,5.1350317,-0.43496826,-4.774968,-6.8649683,-8.034968,-6.584968,-10.6649685,-10.714969,-14.834969,-19.674969,-21.514969,-18.304968,-15.034968,-5.964968,-4.254968
6.355032,5.3150315,3.6250317,2.5550318,3.7650318,-0.19496827,2.7650318,1.8250318,1.3350317,0.075031735,3.2050316,0.50503176,1.2650317,-4.834968,-2.4549682,-1.3549683,-2.7749681,-3.0549684,-4.234968,-4.254968,-2.2949684,-1.1149683,-0.58496827,1.4850317,0.21503174,-1.3249682,3.2050316,5.415032,7.895032,6.3150315,6.2550316,10.625031,11.015032,10.915031,7.7750316,8.165031,8.325031,7.915032,8.605032,7.935032,9.0850315,8.885032,5.6750317,4.705032,0.58503175,-4.814968,-7.7849684,-6.794968,-5.964968,-7.644968,-8.904968,-14.574968,-20.724968,-19.884968,-20.054968,-14.994968,-2.5949683,-4.9049683
7.5450315,5.205032,4.645032,3.9050317,2.7050316,1.7650317,2.2150316,1.1750318,1.0850317,4.2950315,1.8750317,6.495032,6.0750318,2.7750318,-1.9349682,-2.2849684,-2.9049683,-7.234968,-6.004968,-3.4149683,-3.9549682,-0.5649683,-2.7249682,0.24503174,-0.30496827,2.1550317,0.7450317,3.4750319,6.6750317,6.4650316,5.955032,10.5850315,10.275032,9.725032,8.785031,8.105032,8.045032,9.115032,8.065032,6.9450316,8.535031,5.855032,4.555032,1.4450318,0.045031738,-6.774968,-8.134968,-4.5749683,-6.0549684,-10.444968,-9.344968,-9.434968,-20.414968,-21.504969,-21.934969,-17.424969,-5.944968,-4.0149684
8.545032,8.155032,5.875032,5.0750318,6.105032,4.995032,3.6350317,2.7050316,1.2250317,0.58503175,3.2550318,4.1550317,3.6750317,3.4750319,7.475032,4.4450316,1.6350317,-0.02496826,-0.004968262,-0.39496827,-1.4649682,-0.19496827,-1.2149682,-1.3349682,-1.0349683,0.09503174,1.7450317,-0.03496826,3.7650318,6.9850316,6.1950316,10.015032,9.655032,8.805032,8.175032,7.4250317,9.245031,7.9850316,6.3450317,7.495032,8.395032,5.7150316,2.8350317,0.045031738,-3.7649682,-6.194968,-7.4149685,-6.644968,-4.9049683,-8.154968,-9.954968,-11.894968,-15.564968,-17.294968,-20.034967,-20.544968,-5.334968,-7.9749684
8.545032,6.8450317,5.4450316,5.225032,3.0550318,3.1850317,3.7150316,2.1150317,1.4650317,1.2050318,1.8950317,2.8550317,3.1050317,3.4050317,3.3750317,2.6550317,-0.36496827,0.5550317,-0.58496827,-0.84496826,1.5050317,1.2050318,0.21503174,1.0450318,1.8950317,-0.19496827,-0.22496825,-0.6249683,0.69503176,4.3350315,5.2350316,8.775032,7.8850317,6.8250318,7.6350317,8.475032,8.535031,9.425032,9.045032,8.065032,7.245032,3.2150316,0.47503173,-1.2949682,-4.4249682,-5.874968,-8.614968,-7.9349685,-7.3049684,-8.334969,-8.974968,-11.764968,-10.334969,-17.94497,-19.664968,-16.644968,-5.6549683,-6.234968
7.105032,7.1950316,7.105032,5.6750317,1.6850318,1.7750317,1.3350317,0.015031738,0.71503174,2.2650318,3.7150316,3.7550318,3.8650317,4.2350316,4.9850316,5.515032,5.855032,5.5750318,4.9650316,1.9550318,0.56503177,1.0750318,1.6450317,1.0750318,0.96503174,-0.45496827,-0.59496826,-1.8549683,0.70503175,2.0050318,3.1550317,7.375032,6.8650317,4.7150316,7.855032,9.115032,11.735032,12.325031,9.795032,6.955032,4.285032,2.4150317,-1.2149682,-2.6049683,-5.484968,-8.224968,-8.014968,-8.214969,-8.364968,-9.964969,-10.904968,-11.304968,-12.994968,-13.704968,-12.014968,-6.8849683,-1.6249683,-3.8749683
2.0250318,2.5150318,4.055032,5.0250316,5.665032,1.2350317,0.36503175,-1.0149683,-0.43496826,0.8050317,2.2350318,3.6250317,4.225032,4.5050316,6.5050316,6.935032,7.055032,6.685032,6.8150315,7.4650316,6.5850315,2.7150316,-0.24496827,-2.2349682,1.5050317,1.7550317,0.16503173,-3.1149683,-1.1149683,-0.08496826,1.1650318,5.415032,4.6950316,6.1350317,6.535032,10.525032,12.825031,12.075031,11.935032,7.785032,1.8550317,-1.7949682,-4.1149683,-5.4349685,-7.2449684,-8.824968,-8.754969,-7.964968,-7.1349683,-7.7649684,-10.064968,-11.894968,-13.544969,-14.694968,-12.474968,-2.6749682,-3.8949683,-5.984968
6.515032,4.2550316,2.4450316,2.3850317,2.3650317,2.6350317,3.9050317,0.64503175,-1.5049683,-0.96496826,-0.79496825,0.46503174,1.5650318,3.2550318,4.8350315,6.895032,7.3250318,7.0950317,7.9450316,8.135032,8.445032,8.095032,4.765032,-0.8749683,-3.7449682,-1.5249683,-2.0449684,-2.4949682,-3.3349683,-0.86496824,-0.34496826,2.8450317,4.1150317,4.055032,7.0050316,11.325031,11.785031,13.175032,12.925032,8.205031,0.64503175,-4.9949684,-7.0349684,-6.3849683,-9.244968,-9.154968,-6.774968,-5.444968,-5.3449683,-8.644968,-9.874969,-11.1649685,-15.334969,-15.234968,-9.964969,-1.8349682,-3.9049683,-7.2249684
6.0050316,5.035032,4.725032,4.415032,2.2150316,0.15503174,0.21503174,-0.21496826,1.9550318,0.35503173,-1.9149683,-1.1649683,-0.5749683,0.31503174,2.1850317,4.3150315,5.855032,6.3150315,8.625031,7.895032,7.765032,8.495031,9.005032,5.1750317,-1.8149682,-2.1549683,-1.0849682,-3.0849683,-3.6449683,-2.2649682,-1.5349683,0.51503175,2.0550318,3.1950316,7.475032,7.9250317,10.995031,11.235032,11.345032,5.6950316,-1.0049683,-5.394968,-6.604968,-8.564968,-8.904968,-7.3049684,-5.3049684,-4.234968,-5.5749683,-7.4749684,-10.774968,-13.724968,-15.494968,-14.724968,-11.044969,-2.9949682,-2.9149683,-4.9049683
9.135032,8.565032,6.0850315,3.2150316,3.2850318,2.0550318,2.1250317,1.2950318,0.08503174,-1.5249683,-0.66496825,-0.8949683,-2.1849682,-2.3649683,-1.6449683,0.8750317,3.4750319,6.055032,7.6950316,9.055032,7.4850316,9.045032,8.785031,8.385032,2.5150318,-3.8849683,-2.8749683,-4.0749683,-4.024968,-5.9149685,-2.4349682,-2.1049683,-0.41496825,2.2150316,6.265032,5.975032,8.045032,7.0450315,6.0050316,3.0850317,-0.39496827,-5.5949683,-8.144968,-7.444968,-5.894968,-7.6749682,-4.584968,-2.7349682,-3.7349682,-6.9349685,-11.014968,-14.004969,-14.014968,-15.874969,-4.374968,-3.0249681,-4.6649685,-3.6049683
7.6350317,7.7750316,6.705032,7.145032,6.4450316,3.2650318,0.27503175,2.3950317,1.1450317,1.9050317,-0.42496827,-1.7649683,-1.0649682,1.5250317,1.7750317,-2.4349682,0.35503173,4.285032,5.555032,6.305032,8.565032,10.205031,9.275032,8.385032,3.8650317,-3.5149682,-5.5949683,-4.874968,-5.7849684,-7.444968,-4.7449684,-3.2249682,-2.1249683,0.82503176,2.6550317,3.1850317,5.3450317,4.5650315,2.1450317,-0.05496826,-1.3049682,-3.3349683,-4.6849685,-5.334968,-6.9049683,-7.1149683,-4.754968,-3.7749681,-6.0949683,-9.004969,-9.254969,-12.144968,-12.564968,-11.864968,-2.4149683,-2.6949682,-1.8249682,0.27503175
7.2550316,6.035032,6.0650315,4.2750316,5.015032,5.3350315,3.9650316,4.3850317,1.2150317,-2.9649682,-0.55496824,0.8550317,-5.444968,-2.9849682,-0.7049683,2.5150318,-2.2449682,1.8550317,5.7350316,6.4650316,8.615032,10.865032,11.265032,9.445032,3.0550318,-4.564968,-6.964968,-8.304968,-7.8249683,-8.224968,-8.064968,-5.9749684,-3.4449682,-1.4049683,1.2450317,1.5550318,2.5450318,1.6550317,0.015031738,-0.55496824,-2.7449682,-3.0149682,-3.7349682,-4.8849683,-6.1549683,-6.124968,-4.774968,-5.6549683,-6.6149683,-10.844968,-9.724968,-9.454968,-9.144968,-7.7849684,-6.9949684,-2.7749681,-3.3149683,-2.4849682
6.415032,6.8250318,6.2950315,5.0750318,5.2150316,3.7350318,3.6250317,4.645032,3.4050317,-1.5549682,-5.5549684,-2.3949683,1.5750318,-4.1749682,-5.084968,-0.71496826,-1.6049683,-1.5949683,3.9150317,6.915032,7.8150315,11.455031,12.0850315,8.795032,3.0150318,-5.394968,-9.034968,-12.114968,-13.524968,-9.394968,-10.794969,-7.4749684,-4.8049684,-3.6349683,-0.48496827,0.26503173,-0.34496826,0.24503174,0.025031738,0.28503174,-0.99496824,-2.8249683,-3.7249682,-4.4549685,-4.524968,-5.394968,-7.064968,-6.9149685,-7.6849685,-6.9149685,-10.034968,-9.944968,-7.774968,-7.484968,-4.314968,-7.064968,-5.254968,-3.3249683
6.5950317,6.1950316,5.805032,5.4850316,5.225032,4.265032,2.6250317,1.3650317,2.2550318,1.0150317,-0.93496823,-3.2649682,-0.74496824,3.7550318,-4.2649684,-6.564968,-2.8249683,-3.6449683,0.075031735,4.7750316,5.955032,11.065032,9.8350315,6.7750316,-1.4849683,-6.064968,-10.504969,-12.784968,-12.274968,-11.074968,-12.544969,-10.204968,-5.8249683,-4.4549685,-3.1849682,-0.68496823,-2.5649683,-2.3349683,-2.3949683,-1.4049683,-1.0049683,-2.0249681,-3.4349682,-4.4149685,-4.1849685,-3.8849683,-4.5349684,-4.964968,-6.8849683,-6.814968,-7.5149684,-7.9949684,-5.7049685,-5.1149683,-5.1349683,-6.504968,-11.424969,-7.4049683
7.3350315,5.5950317,4.9650316,5.415032,4.3150315,3.1250317,2.0850317,0.58503175,-0.27496827,0.13503174,-0.8749683,-1.9249682,-4.504968,-1.3749683,-2.8849683,-7.2849684,-8.744968,-4.8649683,-3.3149683,2.4550316,2.8750317,8.205031,5.435032,2.9950318,-3.0349684,-3.3349683,-11.304968,-12.794969,-11.314968,-10.484968,-13.724968,-11.234968,-7.9749684,-5.9949684,-5.814968,-3.7249682,-2.1349683,-2.1049683,-3.5249681,-5.144968,-3.8149683,-4.3849683,-3.7049682,-3.4749682,-3.8349683,-3.8349683,-5.0749683,-4.794968,-3.4549682,-6.354968,-6.234968,-8.114968,-6.064968,-3.8949683,-4.984968,-7.794968,-6.4549685,-1.6549683
6.3650317,5.7750316,5.165032,4.455032,4.2350316,3.3650317,2.0550318,0.19503173,-0.52496827,-1.8349682,-1.2649683,-1.5649682,-5.024968,-5.064968,1.2450317,-7.524968,-10.994968,-5.4149685,-5.294968,-0.15496826,-1.4249682,3.8550317,1.3250318,0.20503174,-1.2349683,-7.234968,-9.184968,-9.514968,-11.134968,-10.494968,-13.204968,-12.254969,-8.964969,-8.464969,-7.124968,-5.854968,-5.1149683,-3.5749683,-2.7649682,-3.0549684,-3.6449683,-3.8849683,-3.7349682,-3.0749683,-2.5649683,-2.9649682,-3.5449684,-3.3049684,-4.544968,-5.7449684,-9.324968,-7.734968,-6.2449684,-4.6749682,-6.3849683,-8.944968,-8.624969,-3.0349684
6.975032,5.5050316,4.205032,3.3150318,2.9550316,1.8550317,0.82503176,0.015031738,-1.5649682,-2.4849682,-2.2349682,-2.4549682,-4.754968,-4.604968,-1.2349683,-6.6349683,-12.884968,-9.754969,-8.244968,-3.2549682,-4.8449683,-0.16496827,-0.36496827,-4.464968,-3.2449682,-12.494968,-5.394968,-7.7649684,-11.464969,-11.074968,-10.004969,-13.314968,-11.294969,-9.104968,-7.3049684,-6.944968,-7.1649685,-6.4249682,-4.9749684,-3.8749683,-3.2549682,-3.0849683,-3.4349682,-3.1549683,-2.0949683,-2.5849683,-2.7249682,-2.0949683,-3.2549682,-5.144968,-8.024968,-10.264968,-10.244968,-8.4149685,-9.554968,-9.894968,-9.284968,-3.7249682
7.455032,5.645032,4.145032,1.7750317,0.28503174,-0.5149683,-2.0649683,-1.6549683,-2.4649682,-3.2049682,-3.5149682,-2.5649683,-5.5149684,-5.1349683,-3.4949682,-5.394968,-14.094968,-12.234968,-10.144968,-5.8649683,-8.294969,-3.8249683,0.22503173,-5.5749683,-5.2449684,-13.514968,-7.374968,-8.374969,-11.114968,-10.584969,-10.224968,-12.374969,-11.114968,-10.434968,-8.574968,-5.2449684,-7.4249682,-6.894968,-7.2049685,-5.7449684,-4.4349685,-3.7449682,-5.2649684,-4.5349684,-0.9449683,2.9050317,-2.1249683,-3.8949683,-3.2549682,-4.644968,-6.694968,-8.634968,-15.044969,-14.314968,-12.9149685,-11.604968,-9.894968,-6.1749682
11.665031,7.2550316,2.7950318,0.38503173,-1.4149683,-3.9549682,-4.9749684,-5.084968,-4.5549684,-3.8249683,-4.2049685,-4.194968,-4.2449684,-3.0549684,-4.3649683,-11.644968,-17.334969,-14.674969,-11.844968,-9.144968,-9.694968,-6.144968,-1.5649682,-1.6049683,-8.304968,-9.054968,-12.174969,-9.744968,-11.864968,-12.304968,-12.324968,-10.744968,-9.374969,-9.994968,-9.644968,-7.044968,-4.624968,-9.384968,-4.604968,-5.4049683,-6.7849684,-6.7049685,-7.044968,-5.2849684,-0.85496825,0.81503177,-2.7749681,-1.4149683,-1.2849683,-1.6949682,-6.484968,-11.684968,-15.934968,-16.874968,-14.954968,-13.374969,-10.454968,-9.784968
14.895032,6.935032,1.4050317,-1.0349683,-6.854968,-9.204968,-8.834969,-8.894968,-6.6849685,-5.894968,-6.3649683,-6.5549684,-4.274968,-3.2449682,-6.4249682,-15.744968,-18.364967,-14.704968,-11.264968,-11.994968,-9.624969,-6.1749682,-2.6049683,-2.7049682,-10.1649685,-13.524968,-15.704968,-12.024968,-13.934968,-12.674969,-13.874969,-11.444968,-9.064968,-8.644968,-11.014968,-8.814968,-5.4049683,-8.124969,-6.8649683,-2.1749682,-6.7249684,-9.194968,-6.564968,-4.734968,-2.1149683,-5.334968,-2.8749683,-3.2849684,-3.6649683,-3.1649683,-6.484968,-11.444968,-13.834969,-14.794969,-15.234968,-13.844968,-11.244968,-11.284968
9.195032,4.0650315,-2.4849682,-8.034968,-8.154968,-10.454968,-10.904968,-10.1649685,-8.794969,-7.754968,-6.004968,-4.9549685,-5.714968,-7.214968,-17.014969,-20.624968,-14.514968,-10.834969,-11.024968,-10.794969,-7.524968,-4.694968,-4.1349683,-6.3449683,-11.904968,-18.614967,-18.624968,-14.794969,-16.054968,-13.784968,-12.544969,-13.084969,-10.024968,-9.264968,-12.954968,-10.424969,-7.754968,-5.524968,-5.1649685,-5.3249683,-9.144968,-9.474968,-7.1349683,-5.964968,-9.204968,-6.274968,-5.1649685,-4.944968,-7.444968,-7.624968,-8.014968,-10.064968,-9.934968,-10.964969,-11.394968,-12.444968,-13.304968,-11.654968
-1.3049682,-4.4249682,-6.3449683,-8.254969,-8.124969,-8.014968,-8.284968,-9.214969,-7.814968,-5.7849684,-5.004968,-6.874968,-11.724968,-16.634968,-13.534968,-10.094968,-9.114968,-8.784968,-7.2449684,-5.984968,-5.604968,-6.0749683,-7.7049685,-10.9149685,-15.234968,-21.434969,-20.674969,-19.484968,-16.704967,-16.284967,-12.994968,-14.024968,-12.504969,-9.474968,-10.4149685,-10.714969,-8.954968,-8.134968,-6.814968,-5.3449683,-10.434968,-8.784968,-9.4149685,-11.884968,-10.904968,-8.964969,-8.184968,-7.3049684,-7.7049685,-8.744968,-9.434968,-9.934968,-11.094968,-12.054968,-12.094968,-11.494968,-10.754969,-9.694968
-6.2449684,-7.5149684,-5.7049685,-5.104968,-3.9749682,-4.254968,-4.2449684,-4.084968,-6.7249684,-13.114968,-13.104968,-7.894968,-7.064968,-7.0949683,-6.3649683,-5.7049685,-4.7049685,-4.7649684,-4.214968,-4.9549685,-7.7449684,-10.684968,-12.934968,-15.484968,-20.234968,-24.104969,-24.664968,-21.184969,-17.794968,-18.254969,-14.964969,-12.694968,-14.534968,-12.084969,-12.204968,-10.994968,-8.504969,-7.544968,-8.484968,-8.534968,-10.504969,-10.154968,-10.714969,-12.714969,-13.734968,-11.974968,-10.604968,-10.274968,-10.124969,-9.564968,-9.934968,-10.474968,-10.494968,-10.424969,-10.134968,-9.674969,-8.6649685,-7.274968
-1.7649683,-3.8349683,-3.1449683,-2.0949683,-6.0749683,-5.5349684,-5.444968,-5.9249682,-5.9049683,-4.964968,-3.7049682,-1.7049682,0.7950317,0.82503176,-0.7649683,-2.0349684,-3.5449684,-3.8149683,-5.774968,-8.564968,-10.024968,-13.344968,-16.854969,-20.19497,-25.104969,-24.404968,-25.124968,-20.304968,-19.844969,-20.064968,-16.594969,-12.844968,-11.904968,-13.714969,-13.894968,-11.474968,-9.864968,-7.644968,-9.264968,-10.884968,-10.704968,-9.694968,-10.904968,-10.744968,-13.014968,-13.764968,-12.084969,-10.584969,-10.184968,-9.724968,-9.874969,-9.674969,-9.094968,-8.674969,-8.234968,-7.964968,-7.464968,-6.1549683
-3.0849683,-4.4549685,-3.7949684,-4.1749682,-2.1549683,-1.4849683,-2.6749682,-3.1849682,-1.8749683,-0.37496826,1.1250317,3.1850317,6.5250316,5.5950317,2.9950318,0.97503173,-1.9249682,-4.2449684,-6.024968,-8.094968,-13.974968,-16.924969,-18.394968,-24.754969,-24.814968,-25.664968,-19.77497,-19.104969,-18.624968,-19.364967,-17.994968,-14.194968,-14.084969,-14.384968,-13.964969,-11.824968,-9.764968,-8.454968,-10.274968,-10.744968,-12.1649685,-11.784968,-11.034968,-11.514968,-10.484968,-10.724968,-11.054968,-11.034968,-10.904968,-10.794969,-10.054968,-9.214969,-8.624969,-8.394968,-8.004969,-7.5149684,-6.3449683,-4.7249684
