earth/public/data/weather/current/current-wind-isobaric-850hPa-gfs-1.0.json
{"header": { "discipline":0, "disciplineName":"Meteorological products", "gribEdition":2, "gribLength":54219, "center":7, "centerName":"US National Weather Service - NCEP(WMC)", "subcenter":0, "refTime":"2019-08-12T12:00:00.000Z", "significanceOfRT":1, "significanceOfRTName":"Start of forecast", "productStatus":0, "productStatusName":"Operational products", "productType":1, "productTypeName":"Forecast products", "productDefinitionTemplate":0, "productDefinitionTemplateName":"Analysis/forecast at horizontal level/layer at a point in time", "parameterCategory":2, "parameterCategoryName":"Momentum", "parameterNumber":2, "parameterNumberName":"U-component_of_wind", "parameterUnit":"m.s-1", "genProcessType":2, "genProcessTypeName":"Forecast", "forecastTime":0, "surface1Type":220, "surface1TypeName":"Planetary Boundary Layer", "surface1Value":0.0, "surface2Type":255, "surface2TypeName":"Missing", "surface2Value":0.0, "gridDefinitionTemplate":0, "gridDefinitionTemplateName":"Latitude_Longitude", "numberPoints":65160, "shape":6, "shapeName":"Earth spherical with radius of 6,371,229.0 m", "gridUnits":"degrees", "resolution":48, "winds":"true", "scanMode":0, "nx":360, "ny":181, "basicAngle":0, "lo1":0.0, "la1":90.0, "lo2":359.0, "la2":-90.0, "dx":1.0, "dy":1.0 }, "data":
[rows 150 to 174 of 181, columns 174 to 231 of 360]
6.9543457,10.354345,13.1543455,15.054346,16.754345,18.354345,19.354345,19.854345,19.654346,20.154346,19.854345,18.954346,17.554346,17.054346,15.554346,12.6543455,14.054346,12.854345,12.1543455,10.454346,9.354345,8.454346,9.854345,9.1543455,6.9543457,4.9543457,5.1543455,2.9543457,1.9543457,2.5543456,2.9543457,2.6543458,3.6543458,5.1543455,5.9543457,6.354346,6.4543457,7.254346,9.354345,9.054346,5.0543456,-0.9456543,-2.7456543,-1.9456543,-1.3456542,-2.6456542,-2.2456543,-1.9456543,-2.6456542,-1.0456543,0.4543457,1.3543457,1.3543457,1.2543457,1.6543458,4.354346,3.6543458,3.9543457
6.6543455,9.254346,11.954346,15.054346,17.654346,20.354345,21.754345,22.154346,21.854345,21.454346,20.754345,19.054346,16.954346,16.654346,16.054346,15.754346,14.254346,11.954346,10.954346,11.054346,7.0543456,7.354346,7.354346,7.354346,4.6543455,3.4543457,1.7543457,1.7543457,0.3543457,0.5543457,1.6543458,1.7543457,1.8543457,2.9543457,3.1543458,3.6543458,3.9543457,4.254346,3.9543457,1.8543457,-3.3456542,-4.3456545,-4.3456545,-3.9456544,-3.6456542,-3.2456543,-2.4456544,-2.4456544,-1.9456543,-0.6456543,-0.6456543,1.1543458,1.7543457,2.0543456,2.8543458,3.3543458,3.7543457,3.7543457
4.9543457,7.1543455,8.854345,10.554346,11.854345,14.454346,10.6543455,11.454346,15.354345,16.854345,17.254345,16.554346,15.754346,14.754346,12.954346,11.954346,9.254346,9.1543455,7.6543455,9.1543455,2.4543457,3.8543458,3.4543457,2.1543458,-0.2456543,-1.4456543,-1.6456543,-0.9456543,-2.2456543,-1.6456543,-1.0456543,-1.1456543,-1.3456542,-0.6456543,0.1543457,0.4543457,1.5543457,0.4543457,-0.045654297,-2.3456542,-6.9456544,-7.645654,-5.8456545,-4.4456544,-5.0456543,-4.245654,-3.7456543,-2.5456543,-1.7456543,-0.2456543,0.1543457,0.4543457,0.3543457,1.7543457,2.1543458,2.7543457,3.5543456,2.8543458
4.754346,5.754346,6.4543457,7.354346,7.5543456,5.754346,2.6543458,5.0543456,7.4543457,6.354346,6.354346,9.054346,10.354345,9.1543455,9.1543455,8.1543455,6.354346,6.1543455,7.0543456,5.1543455,-1.0456543,-0.2456543,-1.7456543,-3.8456542,-4.8456545,-4.145654,-3.2456543,-4.4456544,-4.145654,-4.0456543,-4.245654,-4.245654,-4.145654,-3.0456543,-2.5456543,-2.1456542,-2.4456544,-2.1456542,-2.4456544,-4.8456545,-7.745654,-10.3456545,-10.745654,-8.8456545,-6.0456543,-5.0456543,-3.6456542,-3.4456544,-2.3456542,-1.5456543,-0.7456543,-0.5456543,0.6543457,1.1543458,1.6543458,2.0543456,2.5543456,3.0543456
4.254346,3.3543458,3.8543458,3.3543458,4.354346,6.1543455,5.9543457,2.9543457,4.0543456,1.4543457,3.0543456,1.8543457,3.9543457,4.1543455,1.5543457,2.1543458,3.1543458,4.5543456,5.754346,-3.8456542,-5.645654,-3.9456544,-6.645654,-7.645654,-6.3456545,-6.4456544,-6.645654,-7.645654,-8.945654,-8.245654,-5.8456545,-4.3456545,-3.9456544,-3.8456542,-3.7456543,-3.8456542,-4.4456544,-4.745654,-6.245654,-6.9456544,-7.8456545,-9.445654,-11.8456545,-12.745654,-12.8456545,-9.445654,-6.3456545,-4.9456544,-3.5456543,-2.6456542,-2.2456543,-1.7456543,-0.2456543,0.054345705,0.5543457,0.3543457,0.8543457,1.0543457
1.9543457,0.3543457,-0.7456543,-2.6456542,-3.6456542,-2.7456543,-1.8456542,-1.3456542,-3.6456542,-4.0456543,-3.7456543,-3.4456544,-2.5456543,-1.6456543,-1.2456543,-0.3456543,0.8543457,0.7543457,-5.8456545,-8.3456545,-6.645654,-8.3456545,-8.045654,-7.9456544,-6.5456543,-6.645654,-7.9456544,-8.8456545,-8.045654,-7.5456543,-5.3456545,-5.145654,-3.2456543,-2.8456542,-3.9456544,-6.0456543,-6.245654,-6.3456545,-7.4456544,-8.145655,-8.245654,-8.645655,-9.045654,-10.245654,-12.145655,-12.745654,-13.645655,-11.3456545,-7.245654,-4.9456544,-4.0456543,-3.4456544,-2.0456543,-1.4456543,-2.3456542,-1.2456543,0.7543457,2.1543458
-0.14565429,-1.6456543,-3.5456543,-5.4456544,-6.5456543,-7.245654,-7.4456544,-2.9456544,-3.3456542,-4.745654,-5.145654,-5.745654,-5.645654,-2.3456542,-0.8456543,-1.2456543,-3.0456543,-7.4456544,-8.8456545,-9.145655,-9.445654,-9.545654,-8.645655,-8.045654,-6.4456544,-6.4456544,-7.3456545,-7.8456545,-6.9456544,-5.645654,-4.5456543,-4.4456544,-3.7456543,-3.8456542,-4.145654,-5.3456545,-5.245654,-5.5456543,-6.0456543,-8.645655,-9.245654,-9.3456545,-9.545654,-9.545654,-9.645655,-9.3456545,-10.545654,-10.8456545,-11.945654,-12.8456545,-12.545654,-10.3456545,-6.5456543,-3.7456543,-3.2456543,-2.4456544,-1.0456543,-0.3456543
-0.9456543,-2.6456542,-3.9456544,-5.145654,-6.5456543,-8.045654,-9.745654,-10.645655,-9.645655,-4.745654,-2.7456543,-2.2456543,-2.2456543,-1.2456543,-5.645654,-9.145655,-9.745654,-11.3456545,-11.8456545,-10.145655,-9.445654,-9.545654,-9.745654,-7.8456545,-6.3456545,-5.645654,-6.745654,-7.145654,-6.645654,-5.5456543,-4.245654,-3.0456543,-2.6456542,-2.8456542,-2.7456543,-2.2456543,-2.5456543,-4.0456543,-3.8456542,-4.4456544,-5.8456545,-7.5456543,-7.5456543,-8.745654,-9.045654,-9.045654,-8.745654,-8.3456545,-7.9456544,-8.045654,-7.645654,-9.245654,-9.745654,-10.245654,-9.645655,-8.745654,-8.045654,-7.245654
-2.4456544,-3.5456543,-4.745654,-4.4456544,-4.8456545,-6.745654,-8.8456545,-11.145655,-13.045654,-14.145655,-14.545654,-12.745654,-14.145655,-15.545654,-14.945654,-14.545654,-14.045654,-13.3456545,-11.545654,-10.145655,-9.245654,-9.045654,-8.045654,-8.245654,-7.3456545,-7.5456543,-7.9456544,-7.245654,-6.645654,-5.3456545,-4.145654,-2.3456542,-2.0456543,-2.4456544,-1.7456543,-1.1456543,-0.3456543,-0.2456543,-0.9456543,-1.0456543,-1.0456543,-1.3456542,-3.1456542,-3.3456542,-3.9456544,-5.245654,-5.645654,-5.645654,-5.245654,-4.8456545,-4.3456545,-4.145654,-2.5456543,-4.8456545,-5.4456544,-5.8456545,-6.245654,-6.145654
-2.9456544,-3.4456544,-4.145654,-4.4456544,-5.3456545,-5.9456544,-6.245654,-8.145655,-10.445654,-13.145655,-15.3456545,-17.445654,-20.045654,-18.945654,-17.745655,-16.645655,-15.045654,-13.745654,-12.545654,-11.445654,-9.945654,-9.8456545,-9.3456545,-8.545654,-8.3456545,-8.545654,-8.3456545,-6.8456545,-5.245654,-3.4456544,-1.7456543,-1.3456542,-1.8456542,-0.3456543,0.4543457,1.1543458,1.6543458,1.0543457,1.2543457,1.4543457,1.6543458,1.6543458,2.1543458,1.9543457,1.4543457,0.25434572,-0.4456543,-0.5456543,-1.2456543,-1.5456543,-1.2456543,-0.8456543,-0.7456543,-0.045654297,-0.045654297,-0.8456543,-0.9456543,-1.6456543
-2.8456542,-2.8456542,-2.5456543,-2.4456544,-2.1456542,-3.4456544,-4.4456544,-4.4456544,-6.3456545,-7.4456544,-10.3456545,-11.645655,-12.745654,-13.245654,-13.645655,-14.145655,-14.545654,-14.245654,-13.445654,-12.045654,-10.645655,-9.645655,-8.8456545,-8.145655,-7.3456545,-7.3456545,-6.3456545,-5.0456543,-3.7456543,-2.6456542,-0.9456543,-0.045654297,1.3543457,1.5543457,1.7543457,3.2543457,4.9543457,6.0543456,4.6543455,3.5543456,4.6543455,5.1543455,4.754346,2.3543458,2.6543458,2.8543458,2.8543458,2.4543457,2.3543458,1.9543457,1.8543457,1.6543458,1.8543457,2.0543456,2.4543457,2.9543457,1.9543457,3.2543457
-1.8456542,-1.3456542,-0.14565429,-1.5456543,-1.2456543,-0.4456543,-0.4456543,-1.5456543,-3.7456543,-2.5456543,-3.4456544,-4.5456543,-5.0456543,-6.745654,-7.245654,-7.4456544,-7.8456545,-7.4456544,-7.245654,-7.245654,-7.0456543,-6.745654,-6.3456545,-5.8456545,-5.3456545,-3.9456544,-2.4456544,-1.4456543,-0.045654297,0.4543457,1.1543458,1.9543457,2.5543456,3.5543456,4.1543455,5.0543456,5.9543457,6.854346,7.5543456,7.9543457,7.4543457,6.354346,6.1543455,5.6543455,4.754346,3.3543458,3.4543457,3.8543458,3.5543456,2.7543457,2.8543458,2.6543458,2.5543456,2.7543457,2.8543458,3.6543458,2.9543457,3.5543456
1.5543457,1.8543457,0.7543457,0.9543457,0.3543457,0.4543457,0.25434572,-1.0456543,-1.2456543,-0.6456543,-1.7456543,-2.2456543,-1.0456543,-1.5456543,-1.9456543,-2.3456542,-2.6456542,-3.1456542,-3.0456543,-2.7456543,-2.7456543,-2.8456542,-2.4456544,-1.7456543,-1.0456543,-0.3456543,0.4543457,1.5543457,2.5543456,3.0543456,3.3543458,4.4543457,5.1543455,6.354346,6.854346,7.0543456,7.854346,8.754346,9.554346,9.454346,9.754346,10.054346,10.054346,9.254346,8.454346,8.554346,9.054346,7.9543457,6.354346,5.0543456,4.0543456,3.4543457,3.2543457,2.9543457,3.2543457,3.3543458,3.3543458,2.6543458
4.4543457,2.9543457,1.8543457,0.3543457,0.8543457,0.6543457,0.25434572,-1.0456543,-1.7456543,-1.8456542,-2.8456542,-4.245654,-3.4456544,-2.6456542,-2.0456543,-1.0456543,-0.14565429,0.3543457,0.25434572,0.4543457,1.0543457,0.8543457,0.7543457,0.9543457,1.3543457,2.0543456,2.8543458,3.5543456,4.4543457,6.0543456,7.4543457,8.954346,9.854345,9.954346,10.554346,10.954346,11.454346,11.954346,11.454346,11.254346,12.754346,12.854345,12.454346,12.054346,11.1543455,9.6543455,9.354345,8.554346,7.1543455,6.4543457,5.6543455,3.8543458,2.7543457,2.3543458,2.7543457,1.9543457,2.2543457,2.5543456
2.9543457,1.1543458,-0.2456543,-0.7456543,-1.6456543,-1.9456543,-2.7456543,-4.0456543,-4.8456545,-5.145654,-4.3456545,-4.3456545,-3.2456543,-1.9456543,-2.2456543,-3.4456544,-3.4456544,-3.6456542,-3.0456543,-2.4456544,-1.7456543,-1.0456543,-0.2456543,0.3543457,0.9543457,1.1543458,1.5543457,1.2543457,1.7543457,2.4543457,4.354346,5.5543456,7.4543457,8.854345,10.754346,12.6543455,14.1543455,14.954346,15.6543455,15.254346,14.054346,13.454346,11.854345,10.754346,8.754346,7.254346,5.5543456,5.1543455,5.0543456,3.3543458,4.354346,3.1543458,0.8543457,-0.3456543,1.0543457,2.9543457,5.754346,-0.4456543
0.4543457,-0.14565429,-1.3456542,-2.3456542,-2.3456542,-2.8456542,-3.6456542,-3.9456544,-4.3456545,-5.0456543,-5.245654,-5.645654,-7.145654,-7.5456543,-8.145655,-7.9456544,-7.645654,-7.245654,-6.645654,-5.8456545,-4.9456544,-4.0456543,-3.0456543,-1.8456542,-0.6456543,0.5543457,1.9543457,3.2543457,4.754346,6.854346,8.954346,9.554346,9.354345,9.1543455,10.754346,8.1543455,0.7543457,-3.0456543,-4.4456544,-4.745654,-4.145654,-3.7456543,-4.8456545,-5.145654,-4.8456545,-4.745654,-4.645654,-5.5456543,-9.245654,-9.445654,-11.245654,-8.145655,-9.045654,-11.945654,-10.045654,-9.145655,-8.745654,-7.3456545
-0.7456543,-1.1456543,-2.7456543,-3.5456543,-4.145654,-4.145654,-4.145654,-5.0456543,-5.4456544,-6.4456544,-6.5456543,-5.8456545,-6.8456545,-7.145654,-6.4456544,-6.3456545,-6.0456543,-5.745654,-5.3456545,-4.745654,-3.2456543,-2.2456543,-1.5456543,-2.0456543,-3.7456543,-5.0456543,-6.145654,-5.8456545,-4.4456544,-3.8456542,-3.7456543,-3.8456542,-5.3456545,-7.4456544,-10.445654,-11.745654,-13.3456545,-15.645655,-19.245655,-21.745655,-23.445654,-21.045654,-20.845654,-19.645655,-13.245654,-9.645655,-12.3456545,-15.545654,-13.445654,-11.045654,-8.145655,-4.8456545,-2.6456542,-5.8456545,-5.745654,-5.4456544,-7.0456543,-5.9456544
-0.5456543,-1.6456543,-2.1456542,-3.9456544,-4.3456545,-4.3456545,-4.4456544,-4.9456544,-4.5456543,-4.4456544,-4.645654,-4.9456544,-5.145654,-5.0456543,-4.8456545,-4.8456545,-4.8456545,-4.9456544,-5.0456543,-4.645654,-4.5456543,-4.9456544,-6.5456543,-8.3456545,-8.745654,-8.645655,-10.3456545,-13.245654,-15.8456545,-16.845654,-15.745654,-12.3456545,-11.145655,-9.145655,-10.145655,-11.145655,-11.945654,-9.045654,-7.8456545,-6.245654,-4.0456543,-3.1456542,-10.645655,-16.245655,-15.245654,-10.745654,-8.745654,-8.645655,-7.145654,-6.745654,-7.3456545,-6.745654,-6.745654,-5.645654,-4.0456543,-2.1456542,-1.5456543,-1.2456543
2.0543456,-0.6456543,-1.4456543,-1.9456543,-3.5456543,-4.8456545,-4.3456545,-4.145654,-3.7456543,-3.8456542,-3.7456543,-3.4456544,-3.3456542,-3.2456543,-3.4456544,-3.6456542,-3.8456542,-4.145654,-4.245654,-4.745654,-6.645654,-5.9456544,-4.8456545,-5.145654,-5.245654,-5.3456545,-4.8456545,-3.4456544,-2.5456543,-2.8456542,-6.9456544,-9.145655,-11.145655,-9.245654,-4.145654,-0.7456543,-1.6456543,-2.3456542,-1.3456542,-0.3456543,0.9543457,0.25434572,-2.7456543,-2.7456543,-0.8456543,-0.7456543,-1.0456543,-2.4456544,-2.6456542,-1.2456543,-0.8456543,-1.5456543,-1.5456543,-0.8456543,0.25434572,1.5543457,2.8543458,3.3543458
1.2543457,-0.14565429,-0.8456543,-1.1456543,-1.2456543,-0.8456543,-1.3456542,-1.7456543,-1.6456543,-1.5456543,-1.2456543,-1.0456543,-1.0456543,-1.1456543,-1.2456543,-1.1456543,-1.1456543,-1.1456543,-1.2456543,-1.2456543,-1.3456542,-1.5456543,-2.7456543,-1.8456542,-1.7456543,-3.7456543,-2.9456544,-3.0456543,-3.0456543,-3.5456543,-4.0456543,-3.1456542,-2.4456544,-2.0456543,-1.5456543,-0.8456543,-1.5456543,-2.5456543,-2.9456544,-2.9456544,-2.3456542,-1.8456542,-1.4456543,-1.4456543,-1.3456542,-0.5456543,-0.8456543,-0.14565429,0.5543457,-0.045654297,-0.6456543,-0.8456543,0.25434572,0.8543457,2.1543458,3.4543457,4.1543455,3.1543458
1.2543457,0.8543457,0.6543457,0.7543457,0.6543457,0.4543457,0.054345705,0.054345705,0.9543457,1.7543457,1.7543457,1.8543457,2.6543458,2.8543458,3.0543456,3.0543456,2.8543458,2.4543457,2.4543457,2.4543457,2.5543456,2.2543457,1.9543457,1.5543457,0.3543457,-1.3456542,-2.1456542,-1.7456543,-1.8456542,-2.3456542,-2.8456542,-2.6456542,-2.9456544,-3.2456543,-3.3456542,-3.9456544,-4.3456545,-4.645654,-4.645654,-4.4456544,-4.145654,-3.6456542,-3.4456544,-3.4456544,-3.7456543,-3.9456544,-4.145654,-4.245654,-4.0456543,-4.0456543,-4.5456543,-4.5456543,-4.145654,-3.1456542,-2.1456542,-1.4456543,-0.6456543,-0.5456543
5.354346,6.254346,6.754346,6.9543457,6.6543455,7.1543455,6.4543457,6.254346,6.0543456,5.9543457,5.6543455,4.5543456,4.754346,5.0543456,4.854346,4.854346,4.9543457,4.9543457,4.854346,4.854346,4.9543457,4.9543457,4.9543457,4.6543455,4.354346,2.7543457,1.1543458,0.4543457,-0.7456543,-1.6456543,-2.9456544,-3.5456543,-3.2456543,-2.4456544,-2.5456543,-2.9456544,-2.8456542,-2.8456542,-2.6456542,-2.6456542,-2.0456543,-1.7456543,-1.6456543,-2.1456542,-2.4456544,-2.5456543,-2.2456543,-2.0456543,-1.8456542,-1.4456543,-1.3456542,-0.8456543,-0.4456543,-0.6456543,-0.8456543,-1.0456543,-0.9456543,-0.7456543
4.0543456,4.5543456,4.9543457,5.9543457,6.354346,7.354346,8.854345,9.254346,9.354345,8.6543455,7.5543456,6.754346,6.4543457,6.5543456,5.4543457,4.6543455,3.9543457,3.5543456,3.3543458,3.1543458,2.8543458,2.7543457,2.6543458,2.6543458,2.3543458,2.4543457,2.0543456,2.4543457,2.0543456,1.8543457,1.9543457,2.0543456,2.5543456,2.7543457,2.5543456,2.6543458,2.7543457,2.8543458,1.6543458,0.9543457,-0.045654297,-0.2456543,-0.5456543,-1.2456543,-1.8456542,-2.4456544,-2.6456542,-2.3456542,-1.8456542,-1.8456542,-1.9456543,-2.1456542,-2.1456542,-1.2456543,-0.2456543,0.3543457,0.054345705,-0.4456543
0.8543457,1.7543457,2.1543458,-0.2456543,-4.3456545,-6.3456545,-6.745654,-6.645654,-7.645654,-8.645655,-9.3456545,-9.945654,-10.245654,-10.145655,-9.445654,-8.245654,-7.0456543,-6.245654,-5.645654,-4.9456544,-4.745654,-4.645654,-4.3456545,-4.145654,-3.2456543,-3.3456542,-3.2456543,-3.1456542,-2.9456544,-2.1456542,-2.0456543,-2.5456543,-2.3456542,-1.9456543,-1.6456543,-1.4456543,-1.4456543,-2.1456542,-3.2456543,-4.0456543,-4.245654,-3.6456542,-2.4456544,-1.6456543,-1.5456543,-0.3456543,-0.045654297,0.1543457,-0.3456543,-0.8456543,-1.5456543,-2.1456542,-2.5456543,-2.6456542,-2.2456543,-1.8456542,-1.3456542,-0.7456543
-0.045654297,-1.3456542,-1.6456543,-1.1456543,-0.2456543,-6.245654,-10.445654,-13.045654,-16.845654,-18.345654,-17.945654,-17.345654,-16.145655,-15.8456545,-15.3456545,-15.145655,-14.245654,-13.445654,-12.645655,-11.945654,-11.145655,-10.445654,-9.8456545,-9.045654,-8.445654,-7.9456544,-7.4456544,-6.9456544,-6.4456544,-6.0456543,-5.5456543,-5.0456543,-4.4456544,-3.9456544,-3.5456543,-3.2456543,-3.1456542,-3.2456543,-3.7456543,-4.4456544,-5.0456543,-4.9456544,-4.8456545,-4.745654,-4.745654,-4.645654,-4.745654,-4.8456545,-5.3456545,-5.745654,-5.9456544,-5.745654,-5.3456545,-5.3456545,-5.3456545,-5.0456543,-4.645654,-4.3456545
