earth/public/data/weather/current/current-temp-isobaric-1000hPa-gfs-1.0.json
{"header": { "discipline":0, "disciplineName":"Meteorological products", "gribEdition":2, "gribLength":48952, "center":7, "centerName":"US National Weather Service - NCEP(WMC)", "subcenter":0, "refTime":"2019-07-06T18:00:00.000Z", "significanceOfRT":1, "significanceOfRTName":"Start of forecast", "productStatus":0, "productStatusName":"Operational products", "productType":1, "productTypeName":"Forecast products", "productDefinitionTemplate":0, "productDefinitionTemplateName":"Analysis/forecast at horizontal level/layer at a point in time", "parameterCategory":0, "parameterCategoryName":"Temperature", "parameterNumber":0, "parameterNumberName":"Temperature", "parameterUnit":"K", "genProcessType":2, "genProcessTypeName":"Forecast", "forecastTime":384, "surface1Type":1, "surface1TypeName":"Ground or water surface", "surface1Value":0.0, "surface2Type":255, "surface2TypeName":"Missing", "surface2Value":0.0, "gridDefinitionTemplate":0, "gridDefinitionTemplateName":"Latitude_Longitude", "numberPoints":65160, "shape":6, "shapeName":"Earth spherical with radius of 6,371,229.0 m", "gridUnits":"degrees", "resolution":48, "winds":"true", "scanMode":0, "nx":360, "ny":181, "basicAngle":0, "lo1":0.0, "la1":90.0, "lo2":359.0, "la2":-90.0, "dx":1.0, "dy":1.0 }, "data":
[rows 0 to 25 of 181, columns 180 to 239 of 360]
273.12216,273.12216,273.12216,273.12216,273.12216,273.12216,273.12216,273.12216,273.12216,273.12216,273.12216,273.12216,273.12216,273.12216,273.12216,273.12216,273.12216,273.12216,273.12216,273.12216,273.12216,273.12216,273.12216,273.12216,273.12216,273.12216,273.12216,273.12216,273.12216,273.12216,273.12216,273.12216,273.12216,273.12216,273.12216,273.12216,273.12216,273.12216,273.12216,273.12216,273.12216,273.12216,273.12216,273.12216,273.12216,273.12216,273.12216,273.12216,273.12216,273.12216,273.12216,273.12216,273.12216,273.12216,273.12216,273.12216,273.12216,273.12216,273.12216,273.12216
273.12216,273.12216,273.12216,273.12216,273.12216,273.12216,273.12216,273.12216,273.12216,273.12216,273.12216,273.12216,273.12216,273.12216,273.12216,273.12216,273.12216,273.12216,273.12216,273.12216,273.12216,273.12216,273.12216,273.12216,273.12216,273.12216,273.12216,273.12216,273.12216,273.12216,273.02216,273.12216,273.12216,273.12216,273.12216,273.12216,273.12216,273.12216,273.12216,273.12216,273.02216,273.12216,273.12216,273.12216,273.12216,273.12216,273.12216,273.12216,273.12216,273.12216,273.12216,273.12216,273.12216,273.12216,273.12216,273.12216,273.12216,273.12216,273.12216,273.12216
273.12216,273.12216,273.12216,273.12216,273.12216,273.12216,273.12216,273.12216,273.12216,273.12216,273.12216,273.12216,273.12216,273.02216,273.02216,273.02216,273.12216,273.12216,273.12216,273.12216,273.12216,273.02216,273.02216,273.02216,273.02216,273.02216,273.02216,273.02216,273.02216,273.02216,273.02216,273.02216,273.02216,273.02216,272.92218,272.92218,272.92218,272.92218,272.92218,272.92218,272.92218,272.92218,272.92218,273.02216,273.02216,273.02216,273.02216,273.02216,273.02216,273.02216,273.02216,273.02216,273.02216,273.02216,273.02216,272.92218,272.92218,272.92218,272.92218,272.92218
273.12216,273.12216,273.12216,273.12216,273.12216,273.02216,273.02216,273.02216,273.12216,273.02216,273.02216,273.12216,273.12216,273.12216,273.12216,273.12216,273.02216,273.02216,273.02216,273.12216,273.12216,273.12216,273.12216,273.12216,273.12216,273.12216,273.12216,273.12216,273.12216,273.12216,273.02216,273.02216,273.02216,272.92218,272.92218,272.92218,272.92218,272.92218,272.92218,272.92218,272.92218,272.92218,272.92218,272.92218,272.92218,272.92218,272.92218,272.92218,272.92218,272.82217,272.92218,272.92218,272.92218,272.92218,272.92218,272.82217,272.82217,272.82217,272.82217,272.82217
273.12216,273.12216,273.12216,273.12216,273.12216,273.12216,273.12216,273.12216,273.12216,273.02216,273.02216,273.02216,273.02216,273.02216,273.02216,273.02216,273.02216,272.92218,272.92218,273.02216,273.02216,273.02216,273.02216,273.02216,273.02216,273.12216,273.12216,273.12216,273.12216,273.12216,273.12216,273.02216,273.02216,273.12216,273.12216,273.12216,273.12216,273.12216,273.12216,273.22217,273.22217,273.22217,273.12216,273.12216,273.12216,273.12216,273.12216,273.12216,273.12216,273.02216,273.02216,273.02216,273.02216,273.02216,272.92218,272.92218,272.92218,272.92218,272.92218,272.92218
273.12216,273.12216,273.12216,273.12216,273.12216,273.12216,273.12216,273.12216,273.12216,273.12216,273.12216,273.12216,273.12216,273.12216,273.12216,273.12216,273.12216,273.12216,273.12216,273.12216,273.02216,273.02216,273.02216,273.02216,273.02216,273.02216,273.02216,273.12216,273.12216,273.12216,273.12216,273.12216,273.12216,273.12216,273.22217,273.22217,273.22217,273.22217,273.12216,273.22217,273.22217,273.22217,273.12216,273.22217,273.22217,273.22217,273.12216,273.22217,273.12216,273.12216,273.12216,273.12216,273.12216,273.02216,273.02216,273.02216,273.02216,273.02216,272.92218,272.92218
273.02216,273.12216,273.12216,273.12216,273.12216,273.12216,273.12216,273.12216,273.12216,273.02216,273.02216,273.02216,273.02216,273.02216,273.02216,273.02216,273.02216,273.02216,273.02216,273.12216,273.12216,273.12216,273.12216,273.12216,273.22217,273.22217,273.12216,273.22217,273.12216,273.22217,273.22217,273.12216,273.12216,273.12216,273.12216,273.12216,273.12216,273.12216,273.22217,273.12216,273.12216,273.12216,273.12216,273.12216,273.12216,273.12216,273.12216,273.12216,273.12216,273.02216,273.02216,273.02216,273.02216,273.02216,273.02216,272.92218,272.92218,272.92218,273.02216,272.92218
273.02216,273.02216,273.12216,273.12216,273.02216,273.02216,273.02216,273.12216,273.12216,273.12216,273.12216,273.02216,273.12216,273.12216,273.12216,273.12216,273.12216,273.12216,273.02216,273.02216,273.02216,273.02216,273.02216,273.02216,273.12216,273.02216,273.12216,273.12216,273.12216,273.12216,273.12216,273.12216,273.12216,273.12216,273.12216,273.12216,273.12216,273.12216,273.12216,273.12216,273.12216,273.12216,273.12216,273.12216,273.12216,273.12216,273.02216,272.92218,272.92218,272.92218,272.92218,272.82217,273.02216,272.82217,272.82217,272.82217,272.82217,272.92218,272.92218,272.92218
273.12216,273.12216,273.12216,273.12216,273.12216,273.12216,273.12216,273.12216,273.12216,273.12216,273.12216,273.12216,273.12216,273.12216,273.12216,273.12216,273.12216,273.12216,273.12216,273.12216,273.02216,273.02216,273.02216,273.02216,273.02216,273.02216,273.02216,273.02216,273.02216,273.02216,273.02216,273.02216,273.02216,273.02216,273.02216,272.92218,272.92218,273.02216,272.92218,273.02216,273.02216,273.02216,273.02216,273.02216,273.02216,273.02216,273.02216,273.02216,273.02216,273.02216,273.02216,273.02216,273.02216,273.02216,273.02216,273.02216,273.02216,273.02216,273.02216,273.02216
273.12216,273.12216,273.12216,273.12216,273.12216,273.12216,273.12216,273.12216,273.12216,273.12216,273.12216,273.12216,273.12216,273.12216,273.12216,273.12216,273.12216,273.12216,273.12216,273.12216,273.12216,273.12216,273.12216,273.12216,273.12216,273.12216,273.12216,273.12216,273.12216,273.12216,273.02216,273.02216,273.02216,272.92218,273.02216,273.02216,273.02216,272.92218,273.02216,273.02216,273.02216,273.02216,272.92218,272.92218,272.92218,272.92218,272.92218,272.92218,272.92218,272.92218,272.92218,273.02216,272.92218,273.02216,273.02216,273.02216,273.02216,273.12216,273.02216,273.02216
273.02216,273.02216,273.02216,273.12216,273.12216,273.12216,273.12216,273.12216,273.12216,273.12216,273.02216,273.02216,273.02216,273.02216,273.02216,273.02216,272.92218,273.02216,272.92218,273.02216,273.02216,273.12216,273.02216,273.12216,273.12216,273.12216,273.12216,273.12216,273.12216,273.12216,273.12216,273.12216,273.12216,273.12216,273.12216,273.12216,273.02216,273.02216,273.02216,273.02216,273.02216,273.12216,273.12216,273.02216,273.02216,273.02216,273.02216,273.02216,273.02216,273.02216,273.02216,272.92218,272.92218,273.02216,273.02216,273.02216,273.02216,272.92218,272.92218,272.92218
273.12216,273.12216,273.12216,273.12216,273.12216,273.02216,273.02216,273.02216,273.02216,273.02216,273.12216,273.02216,273.02216,273.02216,273.02216,273.02216,273.02216,273.02216,273.02216,273.02216,273.02216,273.02216,273.02216,273.12216,273.12216,273.02216,273.02216,273.02216,273.12216,273.02216,273.12216,273.02216,273.02216,273.02216,273.02216,273.02216,273.02216,272.92218,272.92218,272.82217,272.92218,272.82217,272.82217,272.82217,272.72217,272.72217,272.82217,272.92218,272.92218,272.92218,273.02216,273.02216,273.02216,273.02216,273.02216,273.02216,273.02216,273.02216,273.02216,273.02216
273.12216,273.02216,273.02216,273.02216,273.02216,273.02216,273.02216,273.02216,273.02216,273.02216,273.02216,273.02216,273.02216,272.92218,272.92218,272.92218,272.92218,272.92218,272.82217,272.92218,272.92218,272.92218,272.82217,272.92218,272.82217,272.82217,272.82217,272.92218,272.92218,272.92218,272.92218,272.92218,272.92218,272.92218,272.82217,272.82217,272.82217,272.82217,272.82217,272.82217,272.82217,272.82217,272.72217,272.62216,272.62216,272.62216,272.62216,272.62216,272.62216,272.62216,272.92218,272.92218,272.92218,272.92218,272.92218,272.92218,273.02216,272.92218,273.02216,272.82217
273.02216,273.02216,273.02216,273.02216,273.02216,273.02216,273.02216,273.02216,272.92218,273.02216,273.02216,273.02216,272.92218,272.92218,273.02216,272.92218,273.02216,272.82217,272.82217,272.82217,272.82217,272.92218,272.92218,272.82217,272.82217,272.72217,272.72217,272.72217,272.72217,272.72217,272.82217,272.82217,272.82217,272.72217,272.72217,272.72217,272.82217,272.82217,272.82217,272.82217,272.72217,272.62216,272.62216,272.52216,272.52216,272.42218,272.42218,272.32217,272.82217,272.82217,272.62216,272.72217,272.72217,272.72217,272.92218,272.82217,272.42218,272.22217,271.52216,271.92218
273.02216,273.02216,273.02216,273.02216,273.02216,272.92218,272.82217,272.92218,272.92218,273.02216,272.92218,272.92218,272.92218,272.92218,273.02216,273.02216,273.02216,272.92218,272.92218,272.82217,272.82217,272.82217,272.72217,272.72217,272.72217,272.72217,272.82217,272.82217,272.72217,272.72217,272.82217,272.82217,272.82217,272.82217,272.82217,272.92218,272.82217,272.82217,272.82217,272.92218,272.82217,272.72217,272.52216,272.72217,272.82217,272.72217,272.72217,272.82217,272.72217,272.52216,272.52216,272.62216,272.82217,272.62216,272.42218,272.32217,272.32217,272.62216,275.52216,280.32217
272.92218,272.92218,272.92218,272.92218,272.82217,272.72217,272.92218,273.02216,272.92218,272.92218,272.82217,272.82217,272.82217,272.82217,272.92218,272.82217,272.82217,272.82217,272.82217,272.72217,272.62216,272.72217,272.72217,272.72217,272.72217,272.82217,272.82217,272.82217,272.72217,272.72217,272.82217,272.82217,272.82217,272.82217,272.82217,272.92218,272.92218,272.92218,272.82217,272.82217,272.82217,272.32217,272.72217,272.82217,272.92218,272.82217,272.82217,272.72217,272.52216,272.32217,272.52216,272.62216,272.72217,272.62216,272.52216,271.62216,271.72217,271.82217,272.12216,272.72217
272.72217,273.02216,272.92218,272.92218,272.92218,272.92218,272.82217,272.92218,272.92218,272.92218,272.82217,272.72217,272.92218,272.92218,272.82217,272.92218,272.82217,272.62216,272.62216,271.62216,271.62216,271.62216,271.62216,271.82217,272.02216,272.82217,272.82217,272.72217,272.82217,272.62216,272.52216,271.52216,271.52216,271.52216,272.42218,272.62216,272.72217,272.62216,272.62216,272.72217,272.62216,272.62216,272.72217,272.62216,272.72217,272.82217,272.62216,272.52216,272.42218,271.82217,272.32217,272.62216,272.52216,272.12216,271.82217,271.92218,285.42218,280.72217,281.32217,277.82217
272.72217,272.72217,272.72217,272.82217,272.82217,272.82217,272.82217,272.82217,272.92218,272.62216,272.82217,272.82217,272.82217,272.52216,272.12216,272.22217,272.32217,271.92218,272.02216,272.02216,271.92218,272.32217,272.22217,272.32217,272.32217,271.62216,271.72217,271.62216,272.32217,271.92218,272.02216,272.12216,272.72217,272.32217,272.32217,272.32217,271.72217,271.62216,272.02216,272.32217,272.32217,272.42218,272.42218,272.22217,272.32217,272.32217,272.42218,272.02216,272.02216,271.62216,272.02216,271.82217,272.32217,272.42218,272.62216,273.12216,281.22217,277.82217,285.42218,280.82217
272.82217,272.52216,271.82217,272.02216,272.32217,273.12216,272.12216,272.02216,272.32217,272.52216,272.42218,272.12216,271.92218,271.52216,275.52216,275.52216,273.42218,273.42218,273.12216,272.02216,271.62216,272.22217,272.82217,273.62216,273.62216,273.82217,273.52216,273.72217,272.92218,274.82217,273.32217,273.92218,275.02216,275.12216,275.02216,274.62216,274.32217,274.12216,271.72217,271.72217,271.82217,272.72217,272.02216,272.32217,272.22217,272.32217,272.32217,271.82217,271.72217,272.42218,272.32217,272.12216,272.02216,272.22217,273.02216,287.32217,287.52216,283.62216,280.22217,281.62216
277.42218,282.12216,279.02216,272.32217,272.92218,273.92218,275.62216,275.62216,275.42218,275.02216,274.52216,273.22217,274.92218,277.82217,277.72217,277.02216,275.72217,276.22217,276.32217,275.82217,275.52216,273.72217,274.92218,280.42218,288.42218,287.72217,271.92218,271.62216,271.82217,272.12216,272.32217,273.92218,275.12216,275.12216,275.12216,275.02216,274.92218,274.72217,272.12216,272.12216,271.72217,271.72217,271.92218,272.12216,272.12216,272.12216,272.42218,271.92218,271.82217,272.12216,272.62216,275.02216,275.02216,275.22217,275.22217,274.72217,274.12216,273.22217,274.22217,273.72217
272.22217,271.92218,272.12216,273.12216,274.32217,276.82217,278.42218,278.82217,275.32217,275.22217,278.42218,279.52216,279.82217,280.32217,280.62216,280.42218,280.02216,277.62216,283.62216,284.12216,284.72217,287.02216,287.82217,291.12216,292.92218,295.12216,296.02216,294.82217,292.02216,291.32217,291.92218,287.72217,288.02216,288.92218,288.12216,288.52216,284.22217,285.32217,274.22217,275.22217,276.12216,276.52216,277.02216,276.52216,277.22217,277.42218,276.52216,277.32217,276.62216,275.52216,290.82217,272.12216,285.42218,288.72217,274.82217,272.92218,272.82217,273.12216,274.82217,275.12216
275.82217,272.32217,272.22217,273.62216,274.12216,276.12216,279.02216,280.02216,280.52216,281.02216,281.12216,281.32217,281.42218,281.52216,281.02216,280.22217,282.02216,285.82217,288.52216,289.72217,290.32217,291.02216,292.02216,292.52216,293.52216,292.42218,293.02216,293.02216,295.42218,293.62216,291.72217,292.82217,285.72217,288.22217,283.02216,288.52216,286.62216,290.52216,292.42218,291.62216,291.92218,295.62216,294.82217,275.62216,278.12216,291.72217,285.92218,275.12216,286.72217,293.32217,292.82217,289.92218,290.82217,289.52216,289.92218,285.42218,277.42218,277.62216,277.32217,284.02216
286.72217,283.32217,281.22217,280.32217,272.12216,273.02216,273.52216,275.72217,280.22217,280.72217,281.12216,281.32217,281.42218,281.62216,281.42218,281.02216,284.92218,285.52216,289.02216,288.52216,289.22217,292.62216,294.12216,292.02216,291.52216,290.82217,293.62216,292.12216,294.32217,292.52216,294.02216,293.42218,292.42218,289.52216,291.62216,295.02216,296.82217,296.32217,296.52216,297.02216,296.12216,291.92218,288.72217,283.22217,290.32217,289.52216,291.42218,284.42218,293.22217,289.42218,295.52216,292.02216,291.02216,290.02216,290.92218,290.52216,285.32217,282.32217,281.22217,282.52216
289.32217,289.72217,288.32217,288.92218,289.02216,285.42218,280.42218,273.32217,275.02216,276.72217,280.52216,281.32217,281.72217,281.72217,281.82217,281.72217,281.52216,283.82217,280.62216,289.62216,290.62216,291.52216,291.12216,290.02216,290.72217,293.92218,293.22217,294.92218,297.02216,295.62216,294.52216,295.22217,297.12216,298.82217,299.32217,292.92218,294.62216,297.02216,295.92218,295.12216,296.72217,294.52216,287.32217,297.72217,287.72217,284.22217,284.72217,289.32217,285.12216,284.02216,288.72217,293.02216,293.72217,293.02216,281.12216,290.82217,290.02216,289.42218,289.82217,289.92218
284.92218,278.72217,287.32217,284.92218,282.82217,285.32217,288.22217,286.62216,286.12216,288.62216,282.42218,280.62216,282.02216,281.22217,287.82217,288.22217,289.82217,291.52216,285.12216,290.52216,288.52216,290.52216,291.82217,293.72217,292.42218,292.42218,291.72217,295.02216,294.32217,293.82217,296.52216,297.42218,296.72217,293.42218,298.12216,291.42218,298.02216,294.52216,290.42218,293.42218,292.92218,295.82217,293.62216,289.52216,287.02216,294.82217,288.92218,285.62216,290.42218,285.32217,284.32217,283.12216,292.42218,285.02216,284.92218,287.92218,294.02216,292.32217,273.42218,271.82217
281.82217,281.92218,283.22217,283.22217,282.82217,284.12216,285.02216,288.92218,279.02216,279.02216,279.32217,279.92218,281.52216,283.02216,287.62216,289.82217,289.52216,290.42218,291.52216,289.82217,290.72217,292.22217,292.92218,295.72217,290.72217,291.32217,293.82217,294.02216,295.02216,294.02216,294.52216,295.42218,295.02216,294.32217,293.82217,292.02216,289.22217,293.72217,294.72217,296.52216,294.72217,288.72217,290.82217,294.82217,287.82217,294.12216,284.52216,284.52216,281.72217,281.42218,280.72217,281.42218,279.82217,283.82217,285.42218,289.52216,291.92218,283.92218,281.12216,276.02216
