earth/public/data/weather/current/current-wind-surface-level-gfs-1.0__.json
{"header": { "discipline":0, "disciplineName":"Meteorological products", "gribEdition":2, "gribLength":85388, "center":7, "centerName":"US National Weather Service - NCEP(WMC)", "subcenter":0, "refTime":"2019-07-12T12:00:00.000Z", "significanceOfRT":1, "significanceOfRTName":"Start of forecast", "productStatus":0, "productStatusName":"Operational products", "productType":1, "productTypeName":"Forecast products", "productDefinitionTemplate":0, "productDefinitionTemplateName":"Analysis/forecast at horizontal level/layer at a point in time", "parameterCategory":2, "parameterCategoryName":"Momentum", "parameterNumber":2, "parameterNumberName":"U-component_of_wind", "parameterUnit":"m.s-1", "genProcessType":2, "genProcessTypeName":"Forecast", "forecastTime":0, "surface1Type":102, "surface1TypeName":"Specific altitude above mean sea level", "surface1Value":3658.0, "surface2Type":255, "surface2TypeName":"Missing", "surface2Value":0.0, "gridDefinitionTemplate":0, "gridDefinitionTemplateName":"Latitude_Longitude", "numberPoints":65160, "shape":6, "shapeName":"Earth spherical with radius of 6,371,229.0 m", "gridUnits":"degrees", "resolution":48, "winds":"true", "scanMode":0, "nx":360, "ny":181, "basicAngle":0, "lo1":0.0, "la1":90.0, "lo2":359.0, "la2":-90.0, "dx":1.0, "dy":1.0 }, "data":
[rows 26 to 51 of 181, columns 232 to 289 of 360]
9.955012,11.175013,12.145012,13.375012,15.015012,16.045012,16.765013,17.925013,18.405012,18.565012,18.415012,18.505013,18.465012,19.135012,19.975012,19.325012,18.635012,18.405012,18.185013,17.415012,16.765013,17.065012,16.635012,16.655012,17.645012,18.025013,18.305012,17.445013,16.715012,17.305012,17.235012,14.935012,15.985012,15.335012,13.765012,12.775012,12.245012,12.015012,11.875012,12.675013,13.815012,11.955012,11.355012,9.705012,9.305012,8.925013,8.495012,8.625012,8.985012,9.245012,9.775012,9.825012,10.155012,9.5050125,9.495012,8.805012,7.9550123,5.445012
12.535012,15.845013,15.355012,16.165012,16.165012,18.085012,17.825012,18.375011,17.025013,17.745012,18.925013,20.555012,20.945013,21.285011,21.645012,21.375011,21.155012,20.455011,19.715012,20.405012,20.525013,20.095013,19.885012,19.275013,19.955011,19.585012,19.115013,18.845013,17.955011,18.035011,19.065012,18.465012,16.845013,11.585012,13.585012,13.625012,13.035012,14.665012,16.275013,13.585012,10.175013,12.925013,13.695012,12.165012,11.0050125,9.925013,9.2550125,8.045012,8.7550125,9.175013,9.405012,9.325012,9.955012,10.935012,12.115012,11.785012,12.525012,9.695012
10.985012,9.7550125,7.065012,8.075012,11.385013,11.935012,12.965013,13.185012,12.805012,13.385013,16.245012,18.305012,19.085012,20.225012,21.485012,21.885012,21.395012,22.615013,22.225012,23.335012,20.925013,21.535011,22.735012,21.065012,20.855013,20.555012,18.405012,16.705011,16.485012,15.765012,14.875012,16.325012,17.615013,17.645012,14.285012,16.395012,13.795012,13.395012,12.855012,13.955012,13.395012,12.495012,12.345013,12.365012,11.515012,11.465013,11.625012,10.865012,10.445012,12.035012,12.285012,11.735012,13.015012,14.5050125,15.525012,13.905012,14.135013,12.935012
12.945012,9.835012,9.935012,10.865012,10.775012,13.775012,15.655012,15.0050125,13.485012,17.315012,17.055012,16.045012,16.285011,17.465012,18.285011,18.095013,19.055012,17.735012,20.095013,17.325012,17.745012,17.065012,19.035011,19.405012,20.625011,22.015013,19.995012,18.785011,22.105013,22.995012,18.965012,16.985012,15.375012,15.645012,16.195013,16.235012,20.785011,16.545012,15.315012,13.265012,11.515012,10.885013,11.585012,12.365012,11.785012,12.325012,12.145012,12.655012,12.905012,13.415012,13.965013,14.395012,14.415012,14.655012,15.425013,14.5050125,13.785012,12.555012
12.455012,12.2550125,13.715013,15.295012,16.965012,15.305012,16.635012,16.165012,16.985012,16.945013,19.495012,18.415012,15.565012,16.755013,17.735012,19.665012,19.685013,20.955011,19.925013,17.075012,16.985012,18.845013,19.315012,20.145012,18.835012,17.255013,17.705011,16.815012,16.655012,16.875011,15.875012,15.975012,16.425013,18.485012,19.445013,17.455011,15.605012,14.115012,12.2550125,9.675013,8.695012,8.715013,9.405012,10.385013,11.395012,12.745012,14.145012,15.045012,15.515012,15.655012,15.465013,14.745012,15.265012,15.0050125,13.335012,11.685012,11.705012,9.245012
5.4750123,6.735012,8.625012,9.045012,10.015012,11.485012,12.305012,13.845013,15.145012,15.885013,12.305012,12.775012,13.975012,14.345013,14.965013,14.335012,15.035012,14.075012,14.035012,12.945012,13.565012,12.325012,10.055012,10.095013,8.795012,8.845013,8.635013,8.345013,7.8950124,7.7050123,7.615012,6.9350123,7.815012,7.635012,8.145012,8.945012,9.135013,8.455012,7.795012,7.485012,8.235012,8.985012,9.105012,9.835012,10.565012,11.635013,11.825012,11.735012,11.585012,11.2550125,10.655012,9.585012,9.5050125,9.725012,9.995012,10.0050125,9.175013,7.985012
8.045012,7.595012,6.1050124,8.675013,3.6150122,6.405012,6.2050123,7.115012,8.7550125,6.6650124,6.3350124,9.355012,10.195012,6.805012,6.925012,7.985012,6.2250123,7.0350122,7.425012,6.2850122,6.945012,7.325012,7.775012,8.495012,6.3950124,6.5350122,6.7850122,6.485012,6.6250124,6.115012,5.115012,5.2450123,4.595012,4.095012,3.8350122,4.4750123,4.0850124,3.8950121,4.175012,3.5750122,3.8850121,4.4150124,5.005012,4.4150124,4.365012,5.1050124,5.545012,5.815012,6.115012,6.3550124,6.465012,6.565012,7.0150123,7.9150124,7.5350122,7.2250123,6.945012,6.4350123
5.0850124,6.045012,4.2450123,4.615012,5.5350122,3.2850122,3.4550123,2.6450121,3.5850122,3.8050122,4.735012,4.9750123,4.075012,4.4550123,4.595012,5.8750124,5.945012,5.675012,6.6250124,6.1850123,6.0150123,6.925012,7.755012,7.7850122,6.4350123,6.275012,5.3750124,5.7850122,4.7450123,3.4750123,3.8650122,3.1650121,2.2550123,2.5750122,1.8650122,2.5150123,1.2450122,-0.22498779,-0.9249878,-1.0349878,-0.9249878,-0.8949878,0.6550122,1.7650123,3.7950122,5.065012,1.4550122,1.3550122,2.8750122,3.1350121,3.8550122,4.715012,4.7050123,4.9350123,4.695012,3.6150122,4.545012,6.4150124
3.5850122,4.795012,7.1850123,6.9550123,8.635013,8.425013,7.795012,8.635013,8.845013,8.7550125,8.615012,10.525012,9.735012,9.585012,10.785012,10.635013,9.495012,7.465012,6.3750124,6.615012,6.5150123,7.075012,6.565012,5.7450123,5.135012,5.775012,6.0350122,4.775012,4.0350122,2.7550123,1.9750122,0.92501223,1.1650122,-0.094987795,-1.7849878,-1.7649878,-1.6949878,-0.8049878,-1.3749878,-1.7449878,0.92501223,0.43501222,2.5250123,6.275012,8.795012,10.305012,1.6850122,2.2650123,2.4650123,5.7450123,5.005012,6.275012,6.7650123,6.0850124,4.575012,4.1450124,3.8450122,5.4750123
4.445012,4.6850123,5.735012,4.595012,6.2650123,8.495012,11.155012,5.255012,4.885012,7.965012,9.885013,11.265012,12.245012,11.575012,11.775012,12.675013,13.745012,12.465013,13.115012,10.465013,10.015012,9.175013,9.135013,7.885012,7.405012,7.655012,7.1450124,6.4750123,6.2450123,4.965012,3.6350121,1.2350122,2.0650122,1.2750123,0.9150122,0.5250122,0.79501224,1.3350122,4.7850122,3.675012,8.335012,10.075012,9.975012,6.805012,4.595012,4.7650123,6.4150124,5.715012,7.4750123,6.945012,7.655012,7.9550123,5.255012,4.325012,4.005012,2.3250122,3.5550122,1.8750122
6.695012,5.445012,8.055012,7.885012,7.385012,7.615012,8.225012,10.905012,11.655012,5.405012,6.5150123,11.055012,11.245012,11.515012,12.085012,11.365012,10.705012,9.445012,9.705012,11.465013,11.605012,11.945012,11.355012,10.935012,10.865012,8.775012,7.905012,8.375012,8.345013,6.815012,6.3750124,5.575012,4.1450124,4.3750124,4.775012,4.305012,3.3150122,5.825012,8.495012,9.925013,11.445012,10.115012,8.875012,10.855012,11.145012,10.775012,8.315012,5.635012,5.9350123,7.635012,7.845012,6.445012,4.5850124,4.3950124,4.6850123,3.3250122,1.6850122,2.6450121
3.7550123,6.3950124,5.345012,5.315012,5.6250124,6.175012,4.755012,6.075012,4.5850124,6.1250124,9.245012,8.495012,8.645012,10.435012,10.115012,10.315012,12.975012,11.985012,11.015012,10.415012,10.175013,11.105012,10.825012,9.675013,9.665012,9.985012,9.595013,8.185012,7.6850123,6.565012,8.295012,8.715013,7.9350123,8.245012,8.805012,10.0050125,11.405012,11.775012,12.265012,12.765012,11.315012,11.305012,9.485012,11.105012,9.305012,8.395012,10.085012,8.555012,6.735012,6.2850122,5.2650123,3.5750122,2.6250122,1.2050122,-0.7249878,0.4150122,-3.2149878,-2.304988
1.3750122,1.4350122,1.2050122,1.3650122,2.0450122,2.3550122,3.4150121,2.9550123,3.7050123,4.155012,3.6650121,3.7650123,5.405012,4.595012,5.4750123,4.445012,6.1650124,9.885013,13.825012,14.795012,13.415012,12.7550125,11.435012,10.075012,10.245012,11.815012,11.795012,11.455012,11.655012,10.215013,9.055012,10.045012,12.055012,13.665012,16.245012,16.555012,15.575012,14.055012,13.285012,12.395012,10.605012,9.735012,12.535012,11.305012,4.095012,8.185012,7.565012,8.375012,9.955012,7.845012,6.565012,2.695012,1.5450122,0.9450122,-1.1049877,-0.22498779,1.3950123,1.4350122
0.07501221,0.9650122,-0.06498779,1.2750123,1.2650123,0.5650122,0.19501221,1.2050122,2.7150123,5.7850122,5.825012,6.8750124,10.405012,12.285012,6.175012,5.7050123,5.075012,6.5150123,9.355012,12.085012,12.745012,14.075012,13.605012,12.815012,12.695012,13.995012,14.525012,15.335012,15.145012,15.0050125,15.785012,17.815012,19.015013,18.945013,18.405012,16.595013,16.395012,16.505013,14.315012,7.7650123,12.985012,16.115013,13.975012,9.125012,7.985012,4.9750123,6.795012,7.805012,7.005012,7.305012,5.555012,2.4950123,-0.1849878,-1.3649879,-2.1949878,-1.0349878,-0.1849878,6.4150124
2.4150121,3.7550123,4.565012,5.4350123,4.985012,4.1650124,3.8450122,5.1050124,5.405012,4.825012,5.445012,5.8350124,7.695012,12.535012,6.525012,8.035012,8.995012,7.255012,9.855012,11.965013,11.0050125,12.545012,13.895012,15.415012,15.375012,15.555012,14.935012,15.385013,16.275013,17.555012,18.865013,19.995012,20.615013,19.885012,17.705011,16.965012,18.705011,13.355012,13.735012,13.395012,15.035012,16.515013,22.035011,14.845013,10.195012,7.985012,8.115012,7.545012,7.525012,6.4550123,4.5150123,5.0350122,1.1050122,-0.10498779,-0.3849878,1.8250122,3.8050122,3.935012
6.635012,7.065012,6.155012,8.395012,7.9150124,6.9550123,7.075012,6.345012,6.3550124,8.475012,9.785012,11.685012,13.685012,13.495012,16.105013,10.675013,10.895012,12.435012,12.045012,11.015012,12.835012,14.965013,15.225012,14.405012,16.245012,16.845013,16.015013,14.485012,14.645012,14.775012,15.785012,16.135012,16.995012,18.315012,18.805012,15.685012,15.955012,18.605013,20.095013,20.265013,20.705011,17.905012,21.695013,11.885013,12.165012,10.235012,8.865012,7.635012,7.215012,6.675012,5.7450123,7.985012,8.915012,5.445012,6.675012,6.6650124,8.375012,8.585012
6.3750124,5.845012,5.445012,5.7050123,6.095012,5.1850123,5.305012,5.675012,7.735012,8.495012,9.425013,10.305012,12.045012,12.525012,14.165012,17.795012,15.145012,13.965013,11.865012,10.025012,10.355012,14.545012,16.665012,17.675013,17.935013,18.745012,18.905012,18.755013,18.215012,17.715012,18.095013,19.375011,19.815012,19.895012,21.425013,24.365013,25.165012,23.105013,19.915012,19.155012,19.015013,23.305012,16.845013,13.965013,11.785012,9.265012,8.355012,7.2650123,6.6650124,6.275012,6.5350122,6.565012,7.925012,9.675013,11.115012,10.725012,12.135013,9.0050125
3.9550123,5.6050124,4.9950123,4.1850123,2.5050123,2.2150123,2.7650123,3.925012,5.095012,5.735012,7.8550124,10.245012,12.765012,15.165012,16.755013,17.735012,14.105012,10.955012,9.485012,7.3550124,8.345013,6.405012,7.3550124,9.635013,13.935012,15.925013,16.955011,18.885012,20.795012,21.975012,22.025013,23.525013,23.545012,21.725012,21.545012,21.995012,22.195013,24.155012,21.805012,19.365013,17.405012,13.315012,12.835012,12.075012,9.525012,7.735012,6.3950124,6.2250123,5.695012,4.2650123,2.4650123,5.345012,8.315012,8.2550125,7.9150124,10.115012,10.985012,11.095013
3.7450123,3.7950122,4.325012,5.6850123,4.4150124,5.4750123,4.2450123,5.905012,8.815012,10.545012,10.865012,10.7550125,11.045012,10.015012,10.015012,9.565012,9.015012,9.415012,10.2550125,11.835012,13.635013,14.195012,11.725012,8.405012,6.905012,7.9350123,11.125012,16.385012,15.165012,16.305012,16.155012,16.375011,17.555012,18.825012,20.765013,19.615013,17.505013,17.515013,15.335012,13.995012,9.495012,9.515012,9.625012,9.285012,8.875012,6.825012,6.295012,5.1850123,4.425012,3.2350123,4.385012,3.5850122,4.445012,4.465012,5.8750124,9.555012,11.795012,10.035012
4.115012,4.1650124,3.5950122,4.6050124,5.7850122,7.6450124,8.515012,10.915012,13.605012,11.095013,10.715013,10.815012,10.605012,10.915012,12.245012,13.355012,13.065012,12.855012,12.745012,13.925013,12.015012,13.025012,9.655012,9.565012,14.615012,13.395012,5.735012,4.615012,5.965012,10.545012,11.925013,11.765012,12.555012,14.715013,14.485012,14.495012,12.885013,10.5050125,9.955012,8.035012,6.505012,6.9350123,7.5150123,7.865012,7.305012,6.9550123,7.1850123,7.0350122,7.1850123,5.7650123,4.275012,4.2650123,4.425012,5.195012,9.315012,11.995012,9.555012,9.935012
6.595012,5.1650124,4.675012,6.425012,7.985012,7.6850123,9.335012,10.575012,8.695012,7.465012,8.515012,9.355012,8.515012,7.3950124,6.5850124,8.565012,8.965013,9.415012,12.525012,11.635013,9.565012,7.4950123,6.9950123,5.385012,8.515012,7.555012,5.845012,4.8550124,6.045012,6.365012,7.7850122,8.285012,6.9950123,9.105012,9.245012,9.375012,6.485012,6.4350123,5.945012,4.6850123,5.0350122,5.135012,5.0850124,6.065012,6.175012,6.315012,6.525012,6.755012,7.675012,7.345012,6.775012,6.2450123,7.545012,10.215013,9.245012,8.895012,8.595013,7.755012
6.045012,6.215012,6.065012,8.175013,8.205012,7.945012,7.045012,7.095012,6.8950124,6.5850124,7.655012,6.7450123,7.175012,5.885012,4.405012,4.2850122,6.6850123,9.845013,10.315012,7.365012,5.755012,3.6450121,5.575012,6.9950123,9.925013,5.2250123,5.1650124,3.3950121,4.305012,5.755012,5.1850123,3.5150123,3.2350123,3.1550121,3.5050123,3.0150123,3.4650123,3.6650121,4.095012,3.7950122,4.565012,4.6450124,5.005012,5.615012,5.6450124,7.005012,6.555012,8.065012,6.065012,6.655012,7.345012,8.785012,10.655012,10.035012,9.765012,8.195012,6.065012,4.5350122
6.795012,8.885013,9.735012,9.825012,7.525012,7.1050124,5.6650124,6.505012,6.5350122,5.565012,5.865012,6.595012,6.2250123,2.0050123,1.7250122,3.0550122,5.295012,7.3350124,1.6550122,4.4750123,6.9350123,8.735012,10.605012,6.9950123,6.445012,6.4950123,3.9950123,4.885012,6.4350123,7.575012,3.0150123,1.9050122,0.9950122,0.055012207,-1.1449878,-0.57498777,0.9750122,1.7550122,3.1650121,3.4650123,4.3950124,5.615012,6.675012,6.4750123,6.405012,6.345012,7.115012,6.235012,6.6650124,8.725012,10.315012,10.045012,9.805012,9.515012,11.665012,8.875012,6.565012,5.505012
9.885013,13.2550125,15.705012,9.785012,5.905012,5.6850123,4.4350123,5.445012,4.8550124,2.945012,3.4050121,3.6150122,0.6350122,0.035012208,1.2550122,-1.3649879,1.6850122,-1.2949878,-1.1549878,4.3950124,5.1050124,3.5250123,6.7050123,5.525012,6.525012,-0.70498776,0.1550122,3.8650122,4.815012,0.92501223,0.6650122,-1.2549878,-1.8949878,-1.9449878,-1.4049878,-0.6849878,0.3950122,0.9050122,1.9550122,3.3050122,5.095012,5.795012,6.095012,6.1650124,6.555012,8.855012,8.555012,8.725012,8.945012,10.165012,10.275012,10.925013,13.445012,13.305012,11.605012,9.205012,9.725012,11.845013
15.335012,16.335012,12.515012,6.095012,4.1850123,4.735012,2.925012,3.7550123,0.22501221,-1.3649879,-1.0649878,-1.2249877,-2.3349879,-0.11498779,2.9150121,-0.6149878,4.925012,5.095012,6.385012,6.615012,4.4150124,2.695012,2.0050123,3.1550121,-3.814988,-8.354988,-1.8649879,-1.6149879,-0.3049878,-2.5349877,-2.7249877,-3.4649878,-3.4149878,-3.6749878,-3.9149878,-2.3349879,-1.7349877,-1.0849878,0.3250122,2.0550122,2.7650123,3.6150122,4.525012,5.675012,5.9750123,7.2450123,9.065012,9.265012,9.235012,7.525012,9.975012,15.535012,14.655012,11.105012,8.895012,10.085012,9.575012,12.785012
12.245012,6.885012,4.3950124,2.0350122,3.0650122,3.2550123,2.1350121,1.1050122,-3.1349878,-4.2949877,-3.7649877,-3.9449878,2.4950123,3.675012,1.2950122,1.2050122,3.6250122,4.005012,4.115012,5.3950124,4.9550123,1.7850122,1.7950122,-1.0249878,-3.8749878,-4.0049877,-5.954988,-5.2149878,-4.3549876,-3.7749877,-3.554988,-4.264988,-4.3749876,-4.634988,-4.2149878,-3.5449877,-3.0049877,-2.4649878,-2.2849877,-1.6549878,0.1850122,1.9950122,3.3550122,4.295012,5.1650124,6.925012,8.655012,8.085012,8.885013,8.975012,15.035012,15.285012,13.415012,10.745012,10.085012,9.325012,11.835012,13.905012
