earth/public/data/weather/current/current-wind-surface-level-gfs-1.0__.json
{"header": { "discipline":0, "disciplineName":"Meteorological products", "gribEdition":2, "gribLength":85388, "center":7, "centerName":"US National Weather Service - NCEP(WMC)", "subcenter":0, "refTime":"2019-07-12T12:00:00.000Z", "significanceOfRT":1, "significanceOfRTName":"Start of forecast", "productStatus":0, "productStatusName":"Operational products", "productType":1, "productTypeName":"Forecast products", "productDefinitionTemplate":0, "productDefinitionTemplateName":"Analysis/forecast at horizontal level/layer at a point in time", "parameterCategory":2, "parameterCategoryName":"Momentum", "parameterNumber":2, "parameterNumberName":"U-component_of_wind", "parameterUnit":"m.s-1", "genProcessType":2, "genProcessTypeName":"Forecast", "forecastTime":0, "surface1Type":102, "surface1TypeName":"Specific altitude above mean sea level", "surface1Value":3658.0, "surface2Type":255, "surface2TypeName":"Missing", "surface2Value":0.0, "gridDefinitionTemplate":0, "gridDefinitionTemplateName":"Latitude_Longitude", "numberPoints":65160, "shape":6, "shapeName":"Earth spherical with radius of 6,371,229.0 m", "gridUnits":"degrees", "resolution":48, "winds":"true", "scanMode":0, "nx":360, "ny":181, "basicAngle":0, "lo1":0.0, "la1":90.0, "lo2":359.0, "la2":-90.0, "dx":1.0, "dy":1.0 }, "data":
[rows 130 to 155 of 181, columns 116 to 173 of 360]
10.965013,9.685012,10.675013,9.995012,9.875012,10.205012,10.315012,9.345013,9.855012,10.925013,11.7550125,11.545012,9.185012,9.135013,12.355012,15.085012,13.345013,12.035012,11.415012,11.705012,11.485012,12.805012,14.655012,15.225012,14.745012,13.955012,14.145012,14.605012,17.635012,18.955011,20.095013,24.215012,32.74501,29.895012,28.665012,31.765013,26.815012,21.395012,20.445013,19.015013,16.325012,18.355013,18.715012,17.405012,18.735012,19.135012,19.105013,19.565012,17.695013,15.925013,16.755013,18.115013,18.595013,20.055012,19.935013,18.585012,18.675013,19.445013
13.615012,12.775012,12.055012,12.465013,12.635013,12.545012,11.195012,11.885013,11.395012,13.165012,14.205012,12.525012,11.155012,10.155012,12.915012,14.345013,13.165012,11.345013,11.225012,11.145012,10.655012,11.075012,13.165012,12.725012,11.645012,12.515012,15.565012,17.555012,16.035011,17.965012,19.065012,18.975012,20.695013,24.355013,29.035011,26.505013,32.185013,31.095013,28.975012,25.005013,21.855013,20.045012,19.025013,17.505013,17.805012,16.015013,19.775013,21.155012,17.615013,17.245012,16.595013,17.565012,19.085012,18.515013,17.915012,17.905012,17.585012,16.555012
16.975012,15.655012,14.705012,14.215013,13.845013,15.445012,12.555012,12.645012,12.015012,11.775012,12.625012,12.745012,11.215013,11.105012,13.265012,13.975012,12.565012,11.235012,9.965013,9.475012,8.985012,9.115012,10.765012,11.535012,13.535012,16.025013,18.315012,18.805012,19.295012,16.495012,18.065012,16.285011,13.335012,13.715013,16.145012,21.395012,26.035011,28.845013,36.815014,32.545013,30.485012,28.385012,20.785011,20.485012,19.525013,17.135012,14.605012,17.725012,19.485012,16.345013,16.405012,18.135012,17.515013,15.075012,17.525013,16.775013,17.525013,15.895012
20.565012,17.765013,16.975012,15.705012,14.905012,14.765012,14.695012,14.665012,14.555012,12.855012,12.835012,13.385013,11.055012,10.945012,13.325012,12.105012,11.605012,10.955012,11.845013,10.335012,8.705012,8.595013,10.055012,10.605012,11.475012,14.415012,11.835012,11.715013,15.125012,17.505013,17.905012,16.065012,15.215013,14.595013,13.975012,15.615012,19.255013,21.255013,23.905012,31.995012,37.325012,35.255013,28.235012,24.905012,22.765013,20.295012,19.395012,17.115013,16.795012,14.075012,14.935012,12.855012,12.805012,15.725012,15.535012,17.915012,10.635013,11.135013
21.535011,20.515013,18.535011,17.455011,14.445012,13.835012,12.935012,14.115012,14.385013,13.465013,13.515012,13.0050125,12.175013,10.905012,12.225012,9.715013,10.935012,10.7550125,11.365012,11.075012,10.325012,8.155012,8.265012,8.835012,9.905012,8.795012,9.575012,8.095013,7.805012,11.305012,12.395012,14.375012,14.205012,15.225012,15.655012,15.325012,15.175013,16.775013,17.985012,20.355013,23.295012,24.595013,28.085012,25.285011,21.395012,22.455011,24.275013,16.625011,14.745012,13.745012,12.025012,11.985012,12.865012,17.075012,18.725012,9.455012,8.965013,10.145012
22.905012,22.195013,20.715012,18.105013,15.885013,16.445013,16.095013,16.945013,15.995012,14.835012,14.165012,13.915012,11.705012,11.025012,10.705012,8.105012,8.335012,10.245012,11.035012,11.075012,10.215013,8.445012,7.255012,6.545012,6.8550124,6.315012,4.6250124,4.5350122,5.6650124,5.9750123,8.135013,10.935012,12.385013,12.375012,13.075012,13.355012,14.565012,16.205011,16.955011,17.985012,18.945013,18.425013,19.975012,27.205011,27.965012,21.315012,21.805012,16.955011,15.795012,15.765012,13.715013,13.595013,19.255013,18.875011,12.135013,10.155012,10.665012,9.225012
25.425013,23.715012,22.825012,20.275013,19.035011,18.105013,18.715012,17.235012,16.715012,16.205011,14.725012,13.495012,11.745012,10.215013,9.885013,6.845012,7.9550123,9.805012,9.215013,9.355012,10.335012,8.845013,7.7250123,6.4150124,4.4750123,3.425012,3.0650122,3.4950123,4.4350123,5.525012,5.385012,6.845012,7.885012,9.205012,10.415012,11.445012,14.265012,17.155012,19.255013,17.375011,16.015013,16.625011,16.545012,16.245012,23.705011,27.445013,23.765013,22.745012,19.015013,20.135012,18.855013,21.695013,20.065012,16.955011,11.625012,13.395012,11.315012,11.245012
27.225012,26.195013,24.055012,23.395012,20.125011,18.345013,18.305012,18.065012,16.365013,16.085012,14.485012,13.135013,12.265012,10.7550125,9.155012,7.565012,8.315012,9.345013,8.795012,8.2550125,8.715013,9.165012,7.9350123,6.9750123,4.445012,3.7750123,1.9450122,1.9750122,1.3650122,1.4350122,2.425012,2.5150123,4.805012,8.5050125,10.7550125,12.225012,13.725012,14.545012,13.915012,13.595013,14.335012,14.425013,15.455012,17.695013,16.895012,18.135012,22.815012,25.415012,24.705011,24.015013,24.005013,24.525013,19.915012,14.215013,15.435012,12.995012,10.575012,11.165012
30.635012,28.875011,26.415012,24.825012,21.995012,19.255013,20.605013,19.835012,16.355013,15.925013,15.0050125,13.555012,13.645012,11.105012,9.775012,8.995012,8.435012,9.285012,8.435012,8.605012,9.225012,8.835012,8.515012,7.2050123,5.575012,4.005012,2.6650121,2.3650122,1.6150122,0.5950122,-0.5949878,0.7650122,1.0750122,2.3550122,4.055012,5.195012,8.565012,12.885013,13.185012,12.445012,11.615012,11.775012,12.015012,12.965013,14.925013,16.725012,17.285011,17.595013,21.535011,19.075012,22.025013,17.895012,14.165012,11.955012,12.995012,10.275012,12.635013,2.5850122
29.875011,28.855013,28.865013,26.285011,25.065012,22.845013,22.935013,21.355013,17.055012,18.085012,16.975012,14.945012,14.955012,11.325012,9.935012,10.485012,8.985012,9.025012,9.095013,9.245012,10.895012,10.175013,8.765012,8.225012,6.695012,5.8950124,2.6050122,3.3350122,2.4550123,2.2150123,2.6650121,1.5250123,0.4650122,1.1450123,0.4150122,0.13501221,-4.8149877,-0.95498776,1.9550122,7.425012,13.655012,17.665012,14.105012,13.105012,12.385013,12.645012,14.615012,13.775012,13.365012,15.225012,15.675013,10.615012,7.8550124,9.885013,7.655012,5.1050124,5.1050124,0.5250122
26.825012,30.505013,26.995012,26.915012,26.485012,24.805012,22.275013,22.005013,19.255013,19.105013,18.635012,15.815012,14.545012,11.995012,10.915012,11.725012,10.235012,8.425013,8.315012,9.275012,9.365012,9.735012,8.205012,7.985012,7.815012,6.8750124,6.6250124,4.945012,3.9050121,3.3350122,2.7950122,2.4950123,3.6050122,2.4050121,2.0150123,0.4250122,-1.8149878,-1.9449878,-4.3549876,-3.8349879,-1.4949878,2.3950121,5.905012,7.1450124,7.445012,7.9150124,8.625012,3.5250123,6.0850124,-0.124987796,2.185012,5.0150123,5.1650124,3.7650123,5.325012,6.565012,-1.2049878,-1.4549878
29.325012,25.345013,26.865013,27.585012,25.985012,24.635012,22.275013,22.415012,19.425013,19.065012,19.135012,15.5050125,14.985012,12.535012,11.975012,11.455012,9.5050125,7.9550123,7.965012,8.375012,8.485012,8.905012,8.045012,7.4950123,7.815012,7.595012,7.5350122,7.2250123,7.405012,6.7250123,6.2050123,6.485012,5.4150124,5.005012,5.845012,4.095012,1.2850122,-2.2449877,-2.4949877,-6.534988,-9.664988,-7.514988,-4.1249876,-0.2949878,-0.024987793,-5.014988,-6.8949876,-5.824988,-1.3549877,1.8550122,2.4950123,2.2850122,2.9550123,3.4850123,4.235012,4.095012,-3.6349878,-3.4949877
30.295012,25.015013,25.965012,25.425013,24.295012,23.685013,22.645012,21.655012,19.275013,20.105013,20.165012,15.855012,14.695012,13.015012,11.335012,11.105012,8.735012,7.325012,6.865012,5.9950123,4.885012,5.445012,6.3350124,6.525012,7.315012,7.8350124,8.225012,8.805012,8.705012,8.225012,9.285012,10.385013,10.815012,9.425013,7.3350124,7.9350123,4.985012,2.8250122,0.9150122,-0.8749878,-3.3349879,-7.0049877,-8.604988,-8.704988,-6.824988,-3.7649877,-2.0849879,-1.9649878,-0.9649878,0.6150122,1.7450122,3.4650123,4.6250124,3.7650123,1.7650123,-3.8849878,-4.1249876,-3.0949879
27.385012,24.915012,24.475012,24.455011,24.025013,22.375011,22.375011,20.945013,19.945013,20.445013,19.645012,16.135012,14.275012,12.735012,11.225012,9.655012,8.395012,7.1450124,6.1250124,4.8950124,5.065012,5.425012,5.615012,6.795012,7.345012,8.2550125,9.425013,10.165012,10.125012,9.985012,10.575012,9.925013,10.545012,11.375012,9.845013,7.6850123,7.095012,7.1450124,5.775012,3.9550123,1.4950122,0.055012207,-1.6849878,-1.5849878,-2.3449879,-1.7949878,-1.2949878,0.6550122,1.2850122,2.6350121,3.0450122,3.5250123,3.3250122,-3.1149879,-6.514988,-5.474988,-3.7549877,-2.9249878
23.565012,22.105013,24.595013,21.915012,23.395012,22.625011,20.955011,20.265013,18.125011,21.565012,18.965012,16.495012,14.485012,12.975012,10.865012,9.155012,8.795012,8.585012,7.1850123,5.315012,4.695012,5.3350124,5.1050124,5.6250124,6.7250123,8.275012,9.055012,8.965013,10.155012,10.595013,10.625012,9.955012,8.275012,8.305012,9.585012,9.575012,9.485012,8.015012,8.045012,7.155012,6.445012,3.5350122,2.2650123,1.2350122,1.4550122,1.8950123,1.8950123,3.435012,3.7150123,0.8650122,3.2850122,-1.1649878,-5.9849877,-5.824988,-5.444988,-4.444988,-3.814988,-3.1049879
21.635012,17.555012,22.315012,18.765013,22.045012,22.385012,19.885012,19.685013,20.475012,20.685013,18.315012,16.085012,14.915012,13.385013,11.095013,9.225012,9.375012,9.465013,8.555012,6.9350123,5.405012,3.7950122,3.9550123,5.1250124,6.5150123,7.555012,7.615012,7.4550123,6.7850122,7.8550124,8.735012,9.225012,9.0050125,8.185012,8.945012,10.905012,12.905012,13.195012,11.875012,10.395012,8.235012,6.825012,6.1250124,4.0350122,3.3850121,3.6550121,3.7050123,2.7550123,0.3850122,3.7250123,-0.11498779,-2.6449878,-4.474988,-4.3549876,-3.6349878,-3.9649878,-2.574988,-1.8349878
18.755013,17.295012,21.105013,18.565012,21.335012,20.835012,19.975012,19.865013,20.875011,18.885012,17.745012,16.435013,14.765012,13.185012,11.865012,9.795012,8.395012,7.9150124,9.415012,10.175013,9.105012,7.405012,5.565012,4.525012,3.9050121,4.2250123,5.795012,5.135012,5.575012,6.715012,7.555012,8.945012,9.545012,10.845013,12.645012,15.765012,17.045012,15.685012,15.025012,13.905012,12.025012,8.655012,7.1450124,5.075012,3.8650122,1.6150122,2.3250122,1.6550122,1.5850122,4.2050123,-1.8049878,-7.514988,-3.0849879,-2.324988,-2.9849877,-3.1349878,-1.8449878,-0.7849878
16.925013,17.835012,15.805012,19.565012,20.655012,18.435013,19.005013,19.775013,19.185013,16.815012,16.065012,16.265013,15.265012,13.395012,12.685012,11.475012,8.525012,7.255012,7.425012,8.215013,9.885013,10.485012,9.835012,7.135012,5.6850123,5.315012,4.545012,6.1050124,6.885012,6.9350123,7.175012,8.475012,10.085012,14.235012,15.545012,15.5050125,14.945012,14.595013,16.445013,14.305012,12.5050125,9.535012,6.4950123,4.365012,3.7150123,2.4750123,1.9850122,0.9350122,1.2150122,3.1250122,-2.1949878,-0.9149878,-1.4049878,-2.2449877,-2.814988,-3.304988,-0.8649878,-2.4349878
16.325012,13.575012,17.725012,19.605013,18.165012,18.415012,17.915012,19.735012,17.225012,17.065012,16.685013,16.175013,15.395012,14.295012,13.975012,13.065012,11.095013,9.705012,8.975012,9.235012,9.7550125,11.165012,11.685012,11.695012,9.775012,7.905012,6.7450123,7.115012,7.2850122,7.1650124,7.445012,8.155012,10.595013,12.035012,9.625012,10.035012,7.0350122,9.545012,9.925013,9.935012,8.495012,6.815012,5.675012,3.9650123,3.3750122,3.2050123,2.6350121,1.1550122,0.7750122,0.5950122,-3.6649878,-2.1449878,-1.3249878,-2.1049879,-2.2549877,-0.9149878,-0.034987792,-0.6649878
12.495012,15.665012,18.525013,17.385012,17.855013,16.255013,18.615013,18.725012,16.715012,17.795012,17.335012,16.325012,15.025012,15.465013,14.965013,14.995012,13.905012,11.785012,11.745012,10.665012,11.515012,11.915012,12.275012,12.915012,11.645012,9.945012,7.575012,7.2050123,6.255012,5.925012,5.9750123,5.9350123,6.695012,2.9850123,4.045012,4.1850123,4.555012,4.025012,3.425012,2.6650121,1.8550122,2.1150122,3.1550121,3.6050122,3.2350123,2.5650122,1.7950122,0.9450122,2.3650122,-1.4049878,-0.7149878,-1.5349878,-0.3849878,-0.7449878,1.2450122,1.7650123,2.2750123,2.2050123
16.135012,19.035011,15.905012,16.245012,17.285011,15.585012,16.585012,17.685013,18.175013,18.795012,17.985012,15.565012,15.145012,15.665012,15.115012,15.185012,15.595013,15.045012,13.895012,14.085012,13.455012,13.085012,11.885013,11.595013,10.115012,8.625012,6.9750123,5.2850122,4.3550124,3.3950121,3.195012,2.7350123,2.195012,-1.0649878,-2.054988,-3.0949879,-5.924988,-5.924988,-5.924988,-5.5849876,-4.7349877,-2.574988,-0.46498778,2.0050123,1.8450122,2.2550123,0.2950122,0.2050122,1.8050122,-0.3849878,1.1050122,1.3050122,1.3350122,1.7050122,2.3850121,2.8050122,1.3250122,1.4550122
14.825012,16.795012,18.615013,17.345013,17.725012,17.865013,19.165012,20.075012,19.145012,18.495012,15.615012,14.825012,15.305012,14.545012,13.975012,13.235012,13.2550125,13.875012,13.895012,13.875012,13.625012,12.085012,10.235012,8.595013,6.5350122,6.2450123,4.9150124,3.1550121,2.2750123,0.6950122,-0.7449878,-1.8949878,-3.1649878,-5.864988,-6.0249877,-7.974988,-10.9949875,-12.874988,-12.564988,-9.234988,-5.5849876,-2.1849878,-1.2549878,-0.5349878,-0.4949878,0.035012208,-0.8949878,-0.5949878,2.6650121,0.5050122,0.10501221,2.1350121,3.0550122,3.1450121,4.365012,4.565012,3.5350122,5.0150123
15.495012,16.905012,17.765013,18.915012,19.905012,20.285011,19.955011,18.725012,18.015013,15.045012,14.095013,14.765012,14.085012,13.635013,12.395012,12.155012,12.905012,13.2550125,13.515012,13.385013,11.595013,9.805012,8.485012,4.9350123,4.135012,4.135012,2.2950122,0.045012206,-0.6949878,-1.6349878,-3.804988,-4.5649877,-5.2749877,-8.154987,-8.554988,-7.6049876,-6.704988,-7.7349877,-8.294988,-6.934988,-5.934988,-3.9949877,-2.9249878,-2.1749878,-0.7349878,-0.3049878,-0.9849878,0.005012207,2.2850122,-1.1149879,-0.5349878,4.075012,5.7850122,5.315012,7.1250124,8.455012,8.605012,9.325012
13.835012,14.645012,15.335012,16.665012,17.375011,17.115013,16.275013,14.425013,13.625012,13.375012,13.645012,13.995012,13.065012,12.645012,13.175013,14.145012,13.565012,14.355012,12.805012,10.045012,7.885012,6.3350124,2.6450121,2.1550121,2.5750122,1.3050122,-0.7949878,-1.8149878,-3.5149877,-4.134988,-5.424988,-6.574988,-7.444988,-7.804988,-9.344988,-8.284987,-7.844988,-6.5849876,-5.7949877,-5.654988,-5.284988,-5.074988,-5.514988,-2.9449878,-1.5249878,-1.7849878,-0.19498779,0.09501221,0.22501221,0.16501221,3.0450122,3.9150121,4.735012,8.615012,10.945012,12.415012,12.295012,11.745012
10.965013,12.165012,12.195012,13.065012,12.905012,11.345013,11.305012,11.435012,12.315012,13.135013,13.445012,13.135013,13.135013,14.775012,15.605012,14.785012,14.065012,11.125012,7.735012,5.9350123,3.675012,1.0050122,0.3950122,0.4550122,-0.024987793,-1.5949878,-2.3949878,-3.2349877,-4.404988,-5.884988,-5.934988,-7.954988,-8.974988,-9.794988,-10.214988,-9.604988,-9.914988,-9.314988,-8.804988,-7.694988,-7.324988,-6.9649878,-5.694988,-5.4849877,-2.8349879,0.005012207,1.0750122,1.5650122,2.0950122,2.6450121,3.5850122,5.1450124,5.825012,8.185012,7.925012,8.945012,9.545012,10.115012
5.275012,6.575012,7.805012,9.045012,10.365012,11.415012,11.905012,12.525012,13.275012,13.865012,14.635013,15.745012,16.605013,15.035012,13.095013,10.565012,6.755012,4.235012,3.3450122,1.1150122,-0.094987795,0.1550122,0.6550122,0.6050122,-1.3549877,-2.574988,-3.7749877,-4.804988,-5.994988,-6.554988,-7.264988,-7.8549876,-9.064988,-9.154987,-10.894988,-12.464988,-12.674988,-10.504988,-7.5249877,-8.574987,-7.744988,-5.7949877,-4.744988,-3.4849877,-1.9349878,-0.7749878,-0.3549878,0.7050122,2.4950123,5.615012,7.3350124,5.0850124,3.8850121,5.695012,9.065012,11.195012,12.305012,13.775012
