earth/public/data/weather/current/current-wind-surface-level-gfs-1.0__.json
{"header": { "discipline":0, "disciplineName":"Meteorological products", "gribEdition":2, "gribLength":86966, "center":7, "centerName":"US National Weather Service - NCEP(WMC)", "subcenter":0, "refTime":"2019-07-12T12:00:00.000Z", "significanceOfRT":1, "significanceOfRTName":"Start of forecast", "productStatus":0, "productStatusName":"Operational products", "productType":1, "productTypeName":"Forecast products", "productDefinitionTemplate":0, "productDefinitionTemplateName":"Analysis/forecast at horizontal level/layer at a point in time", "parameterCategory":2, "parameterCategoryName":"Momentum", "parameterNumber":3, "parameterNumberName":"V-component_of_wind", "parameterUnit":"m.s-1", "genProcessType":2, "genProcessTypeName":"Forecast", "forecastTime":0, "surface1Type":102, "surface1TypeName":"Specific altitude above mean sea level", "surface1Value":3658.0, "surface2Type":255, "surface2TypeName":"Missing", "surface2Value":0.0, "gridDefinitionTemplate":0, "gridDefinitionTemplateName":"Latitude_Longitude", "numberPoints":65160, "shape":6, "shapeName":"Earth spherical with radius of 6,371,229.0 m", "gridUnits":"degrees", "resolution":48, "winds":"true", "scanMode":0, "nx":360, "ny":181, "basicAngle":0, "lo1":0.0, "la1":90.0, "lo2":359.0, "la2":-90.0, "dx":1.0, "dy":1.0 }, "data":
[rows 26 to 51 of 181, columns 0 to 58 of 360]
0.865332,0.77533203,0.47533202,0.30533203,-0.21466798,-0.48466796,-1.4446679,-3.094668,-2.854668,-4.394668,-5.584668,-5.334668,-5.604668,-5.924668,-7.604668,-9.614668,-10.034668,-9.824668,-10.104668,-10.294668,-8.454668,-8.424668,-9.204668,-9.574668,-9.614668,-10.434668,-12.304668,-13.074668,-15.434668,-16.334667,-17.224669,-15.564668,-13.604668,-10.824668,-13.484668,-6.914668,-5.864668,-0.14466797,2.695332,6.505332,11.275332,11.315332,11.965332,8.355332,12.165332,13.035332,13.055332,12.065332,13.115332,12.365332,13.125332,13.715332,12.325332,11.465332,11.725332,10.585332,10.575332,9.285332,7.4753323
2.015332,0.905332,-0.62466794,-0.98466796,-0.85466796,-0.10466797,-0.60466796,-1.414668,-2.314668,-3.834668,-5.234668,-5.344668,-5.684668,-6.204668,-7.474668,-9.5146675,-6.384668,-6.664668,-10.684668,-8.704668,-7.954668,-7.894668,-8.404668,-8.804668,-9.024668,-10.084668,-9.924668,-11.914668,-15.044668,-17.634668,-13.834668,-11.824668,-11.124668,-9.344668,-6.764668,-6.804668,-2.1346679,-0.66466796,2.815332,6.575332,10.155332,9.445332,11.075332,9.925332,10.9853325,14.695332,13.095332,13.945332,12.895332,14.895332,17.675331,19.525331,16.685331,16.145332,14.275332,11.905332,9.075332,7.585332,6.445332
2.335332,1.5453321,0.82533205,-0.014667969,0.21533203,0.795332,1.0353321,0.49533203,-1.394668,-3.774668,-5.714668,-6.784668,-7.554668,-7.924668,-8.744668,-10.364668,-7.7746677,-9.474668,-8.784668,-8.124668,-8.114668,-8.424668,-8.404668,-9.804668,-10.144668,-10.924668,-11.584668,-11.544668,-11.884668,-13.054668,-11.804668,-10.654668,-10.794668,-7.664668,-4.354668,-4.344668,-1.9646679,1.965332,4.595332,6.555332,6.175332,6.775332,9.545332,10.405332,12.465332,13.165332,12.005332,12.265332,10.885332,14.145332,14.725332,12.675332,13.725332,12.495332,9.225332,8.895332,7.645332,6.985332,7.235332
1.865332,1.485332,-0.024667969,0.40533203,1.2953321,1.375332,1.195332,0.08533203,-0.56466794,-2.524668,-1.414668,-6.844668,-7.914668,-8.134668,-8.654668,-10.424668,-9.434668,-8.7646675,-8.814668,-7.574668,-8.434668,-8.324668,-8.124668,-8.994668,-8.934668,-9.074668,-9.664668,-10.324668,-10.634668,-10.024668,-10.054668,-9.214668,-7.444668,-5.044668,-3.1346679,-1.124668,1.4253321,4.075332,5.945332,3.975332,4.185332,6.115332,7.175332,10.025332,11.155332,11.355332,12.725332,12.445332,16.915333,12.615332,10.545332,12.455332,10.505332,8.425332,6.865332,11.215332,12.065332,10.145332,7.405332
0.43533203,0.26533204,-0.54466796,-0.594668,-0.43466797,-0.014667969,0.665332,0.925332,0.05533203,-1.544668,-3.1346679,-5.124668,-6.344668,-6.994668,-8.604668,-9.944668,-11.484668,-10.184668,-14.044668,-8.094668,-8.314668,-12.004668,-10.2646675,-8.344668,-9.944668,-9.5146675,-8.334668,-8.324668,-9.034668,-9.624668,-8.504668,-6.2746677,-5.784668,-3.944668,-0.87466794,0.795332,2.495332,5.935332,4.845332,2.935332,2.905332,4.775332,7.715332,9.635332,11.045332,11.055332,11.585332,12.785332,14.185332,10.825332,11.405332,10.085332,7.2253323,6.515332,7.555332,9.025332,10.005332,10.805332,11.115332
-0.944668,-2.004668,-2.914668,-3.184668,-1.8146679,-0.42466795,0.81533206,1.985332,1.735332,0.70533204,-0.004667969,-1.0946679,-2.574668,-5.344668,-6.264668,-7.234668,-8.134668,-10.834668,-10.674668,-10.104668,-9.474668,-10.434668,-11.224668,-8.944668,-9.314668,-9.224668,-8.024668,-8.464668,-8.234668,-6.604668,-5.764668,-4.7746677,-4.154668,-2.704668,0.31533203,1.355332,1.125332,1.9353321,0.915332,2.805332,3.995332,7.035332,8.245332,9.785332,10.355332,9.895332,10.685332,13.325332,10.855332,9.915332,9.655332,7.415332,5.845332,5.7253323,7.015332,9.405332,9.125332,15.645332,14.585332
-2.434668,-3.034668,-4.924668,-6.124668,-3.584668,1.275332,3.295332,4.4753323,-0.61466795,2.295332,1.625332,-0.834668,-1.724668,-4.064668,-5.434668,-5.044668,-4.804668,-5.364668,-7.084668,-8.214668,-11.304668,-11.924668,-10.834668,-9.394668,-10.004668,-8.344668,-7.7546678,-8.414668,-7.074668,-5.404668,-5.994668,-5.234668,-3.984668,-2.584668,-1.354668,0.27533203,0.87533206,1.565332,2.045332,4.445332,5.135332,7.055332,11.225332,12.2353325,11.2353325,11.255332,11.265332,10.375332,9.815332,9.885332,8.885332,6.155332,4.545332,6.655332,7.7453322,8.825332,15.625332,13.585332,11.365332
-4.674668,-5.7746677,-4.944668,-5.554668,-3.544668,-0.03466797,2.725332,1.375332,3.685332,3.685332,1.9253321,-0.45466796,-0.38466796,-0.844668,-2.304668,-3.1546679,-3.784668,-4.144668,-5.994668,-9.554668,-11.204668,-11.184668,-9.664668,-9.644668,-8.544668,-8.384668,-7.864668,-7.054668,-7.054668,-6.604668,-6.094668,-3.714668,-2.844668,-2.474668,-1.494668,0.18533203,1.135332,2.055332,3.725332,4.435332,6.455332,9.255332,12.045332,11.885332,9.805332,10.055332,9.875332,10.045332,8.295332,8.075332,8.505332,8.335332,6.795332,7.4953322,11.155332,13.845332,9.785332,18.445332,16.465332
-5.124668,-5.474668,-6.784668,-6.214668,-4.2746677,-4.094668,-0.31466797,1.335332,4.985332,2.985332,3.555332,1.895332,-0.23466797,0.56533206,0.75533205,-2.064668,-3.614668,-5.174668,-6.634668,-8.624668,-8.414668,-7.534668,-7.924668,-7.594668,-6.434668,-6.324668,-6.744668,-7.464668,-7.044668,-6.494668,-5.714668,-4.614668,-2.774668,-0.61466795,2.025332,1.505332,2.465332,4.675332,4.795332,6.085332,6.625332,6.7253323,9.785332,9.205332,9.875332,9.205332,8.245332,7.515332,7.145332,7.355332,7.125332,7.985332,10.685332,13.645332,15.215332,21.815332,18.715332,18.395332,15.955332
-6.354668,-5.324668,-6.404668,-6.834668,-3.544668,-3.474668,-2.854668,-0.68466794,1.4053321,2.065332,2.125332,3.255332,1.585332,1.745332,1.115332,0.19533204,-1.154668,-3.034668,-4.614668,-6.214668,-7.364668,-7.454668,-6.654668,-7.354668,-5.0246677,-5.7746677,-6.604668,-6.414668,-6.624668,-6.674668,-5.064668,-2.484668,-0.824668,-0.15466797,0.865332,3.295332,5.235332,8.095332,5.895332,4.165332,5.215332,5.815332,7.195332,7.505332,8.105332,6.395332,6.9953322,4.965332,6.785332,7.895332,6.595332,13.375332,19.045332,23.975332,22.225332,16.735332,15.005332,14.115332,13.085332
-8.694668,-7.544668,-5.984668,-3.594668,-1.734668,-1.514668,-3.524668,-7.414668,-3.754668,2.155332,3.285332,2.375332,1.695332,1.455332,0.925332,1.085332,1.1653321,-0.80466795,-1.934668,-3.814668,-7.604668,-7.884668,-7.334668,-6.554668,-6.674668,-5.464668,-5.2746677,-6.594668,-5.864668,-4.164668,-3.1546679,-1.7046679,-0.23466797,1.5453321,3.905332,6.705332,5.955332,6.855332,6.235332,4.915332,4.165332,4.605332,4.155332,4.585332,5.295332,3.775332,3.715332,6.545332,4.665332,6.7453322,16.955332,21.145332,21.305332,19.485332,17.745333,14.755332,13.425332,11.695332,10.295332
-9.644668,-9.284668,-6.074668,-2.434668,1.275332,-1.124668,-0.754668,-0.78466797,-1.264668,-1.874668,0.025332032,0.0053320313,-0.17466797,-0.704668,1.775332,0.12533203,0.76533204,-0.37466797,-0.964668,-2.084668,-3.674668,-5.584668,-7.334668,-7.974668,-7.5046678,-6.424668,-6.064668,-5.144668,-4.5246677,-2.934668,-1.524668,-0.584668,-0.18466797,2.645332,3.405332,4.385332,4.275332,4.385332,4.715332,6.9753323,6.775332,5.805332,4.615332,2.745332,2.1153321,0.665332,6.325332,-1.264668,8.025332,18.345331,19.825333,21.615332,19.935331,16.785332,14.065332,12.465332,10.545332,10.095332,8.405332
-12.274668,-9.444668,-5.434668,-2.004668,2.495332,0.46533203,-0.68466794,1.105332,-0.514668,0.04533203,-1.244668,-2.524668,-2.674668,-0.714668,-3.484668,-1.3146679,6.205332,3.535332,1.815332,0.095332034,-3.454668,-3.574668,-4.234668,-5.964668,-6.854668,-7.324668,-6.424668,-4.944668,-3.534668,-2.244668,-1.364668,-0.904668,2.385332,3.315332,2.465332,3.025332,2.255332,3.055332,4.315332,4.4753323,5.735332,4.415332,4.535332,1.635332,-1.134668,0.88533205,3.585332,12.655332,22.375332,25.275331,19.915333,18.835333,15.895332,15.925332,15.475332,11.825332,12.785332,8.405332,8.375332
-10.554668,-10.034668,-8.734668,-5.054668,-1.634668,1.6653321,0.915332,1.1853321,0.30533203,-0.12466797,-1.244668,-3.3846679,-4.804668,-4.924668,-1.7046679,-4.694668,3.905332,2.045332,0.845332,0.94533205,-2.334668,-6.324668,-5.364668,-4.744668,-4.804668,-4.454668,-4.894668,-4.204668,-2.734668,-1.024668,-0.18466797,-0.504668,-0.32466796,0.04533203,0.50533205,0.32533205,1.775332,4.015332,4.355332,5.675332,4.955332,4.9953322,1.645332,-2.094668,0.925332,9.325332,19.895332,17.955332,26.165333,25.215332,19.665333,15.405332,13.875332,13.725332,11.775332,13.445332,9.295332,10.345332,12.495332
-8.504668,-7.884668,-7.494668,-7.174668,-5.864668,-1.404668,-0.25466797,0.785332,-0.27466798,-1.184668,-3.454668,-6.444668,-4.444668,-5.834668,-5.0046678,-5.964668,-7.214668,4.135332,1.505332,-1.0746679,-2.614668,-2.484668,-3.204668,-4.034668,-4.584668,-4.2546678,-2.6346679,-3.094668,-1.384668,-1.724668,-2.574668,-2.264668,-1.674668,-0.45466796,1.4153321,0.89533204,4.065332,5.435332,3.755332,5.4753323,4.655332,2.8653321,0.10533203,-2.4046679,4.455332,11.565332,17.015331,20.135332,25.905333,26.005333,22.445332,13.495332,9.715332,8.795332,8.135332,9.155332,8.155332,11.955332,11.225332
-7.664668,-7.714668,-7.554668,-7.234668,-6.134668,-4.244668,-2.054668,-3.054668,-0.60466796,-2.294668,-4.2546678,-5.844668,-5.884668,-5.494668,-6.234668,-6.714668,-7.464668,-6.324668,3.875332,-0.36466798,-1.604668,-4.824668,-3.854668,-3.474668,-3.244668,-3.054668,-4.534668,-2.444668,-3.274668,-3.624668,-3.8846679,-2.974668,-1.614668,-0.29466796,0.89533204,2.525332,4.065332,3.045332,3.065332,4.695332,4.895332,3.505332,-0.19466797,1.705332,6.585332,18.105331,15.175332,27.655333,21.465332,19.275331,14.815332,14.435332,10.065332,8.505332,7.815332,7.845332,6.385332,8.185332,7.895332
-9.214668,-8.604668,-7.704668,-6.484668,-5.554668,-5.654668,-3.364668,-3.554668,-1.624668,-0.68466794,-5.384668,-7.154668,0.06533203,-3.704668,-5.814668,-7.134668,-8.0146675,-8.934668,-1.994668,0.81533206,-2.474668,-3.854668,-4.434668,-3.244668,-3.004668,-3.954668,-3.254668,-4.934668,-4.994668,-4.994668,-4.594668,-3.3946679,-2.614668,0.42533204,0.83533204,3.145332,4.055332,2.375332,3.1153321,2.8453321,1.705332,-0.92466795,-1.524668,4.4753323,9.625332,9.515332,9.135332,16.345331,19.945332,15.965332,13.815332,11.305332,13.795332,12.655332,6.815332,8.445332,7.825332,6.965332,7.925332
-9.724668,-9.564668,-8.234668,-6.914668,-5.794668,-5.634668,-6.664668,-4.444668,-1.554668,-1.614668,-5.084668,-2.544668,-0.14466797,-1.0846679,-5.954668,-7.764668,-8.534668,-8.824668,-4.5246677,1.6753321,-0.72466797,-3.6446679,-3.874668,-2.784668,-3.704668,-4.444668,-5.344668,-5.874668,-6.144668,-4.564668,-4.144668,-2.994668,-0.99466795,2.505332,4.195332,3.885332,4.315332,2.325332,3.3653321,2.025332,-0.20466797,-2.084668,0.18533203,1.585332,5.835332,16.695332,12.825332,13.075332,19.215332,15.565332,11.295332,12.275332,14.845332,10.535332,7.465332,8.225332,6.105332,5.2253323,4.915332
-5.834668,-7.714668,-8.974668,-8.564668,-7.294668,-7.354668,-6.534668,-1.044668,-3.174668,-6.584668,-3.8946679,-1.654668,-3.354668,-4.334668,-2.774668,-7.574668,-8.894668,-6.224668,-5.454668,-0.73466796,-4.904668,-3.254668,-2.464668,-3.474668,-4.064668,-4.244668,-5.624668,-6.7546678,-5.144668,-3.8946679,-3.3946679,-2.324668,0.925332,1.585332,2.535332,3.795332,2.755332,3.215332,4.425332,1.355332,-0.61466795,0.23533203,5.2253323,1.625332,9.865332,15.855332,12.025332,12.665332,14.395332,13.825332,11.555332,10.855332,15.705332,9.7353325,11.975332,7.015332,7.565332,3.525332,2.005332
-5.484668,-7.034668,-7.664668,-8.254668,-8.534668,-10.484668,-9.634668,-2.664668,-6.834668,-5.414668,-4.924668,-4.224668,-4.5046678,-5.064668,-6.374668,-6.574668,-6.014668,-3.204668,-2.064668,-1.614668,-1.504668,-2.924668,-2.764668,-2.234668,-3.434668,-5.264668,-6.084668,-4.934668,-3.824668,-4.114668,-0.61466795,-4.574668,4.035332,1.465332,2.755332,2.205332,4.555332,3.085332,3.985332,3.915332,2.565332,4.515332,6.095332,7.235332,13.055332,6.9753323,13.705332,11.635332,11.365332,11.775332,11.535332,10.175332,9.055332,9.385332,8.705332,7.155332,5.275332,2.455332,2.515332
-4.654668,-5.964668,-7.334668,-9.844668,-11.054668,-12.994668,-11.904668,-10.144668,-7.674668,-7.174668,-7.664668,-4.734668,-3.444668,-4.644668,-5.614668,-7.444668,-6.294668,-4.174668,-2.544668,-1.294668,-1.504668,-2.184668,-3.624668,-3.514668,-5.474668,-6.664668,-7.0246677,-4.904668,-4.2546678,-3.174668,0.04533203,1.885332,2.655332,0.51533204,2.375332,6.135332,6.615332,5.535332,5.265332,4.615332,7.385332,8.935332,11.025332,6.865332,7.615332,10.055332,11.295332,10.805332,8.225332,9.845332,7.545332,7.4753323,7.465332,9.805332,9.415332,7.265332,6.285332,4.855332,1.855332
-1.904668,-3.004668,-5.784668,-7.844668,-10.094668,-12.044668,-11.924668,-12.344668,-9.7646675,-7.214668,-6.374668,-6.174668,-5.0046678,-4.304668,-5.184668,-6.684668,-6.2546678,-5.114668,-4.344668,-4.0246677,-2.854668,-1.734668,-3.774668,-3.9046679,-3.994668,-5.2746677,-7.074668,-4.564668,-5.644668,-3.474668,-2.164668,0.83533204,-2.284668,5.765332,7.055332,6.575332,5.505332,4.535332,4.635332,3.935332,3.385332,10.335332,6.765332,3.475332,8.955332,7.945332,12.145332,12.185332,10.095332,6.505332,4.545332,6.435332,5.925332,4.4953322,6.655332,7.815332,6.075332,1.595332,2.995332
-5.424668,-8.494668,-6.644668,-8.124668,-11.104668,-11.734668,-10.164668,-11.684668,-13.604668,-12.454668,-10.714668,-8.444668,-6.924668,-3.764668,-2.6546679,-4.064668,-6.0246677,-6.084668,-5.544668,-5.894668,-5.214668,-3.254668,-4.074668,-4.794668,-1.4446679,-3.954668,-4.554668,-5.644668,-6.174668,-4.914668,-2.1446679,2.785332,4.615332,7.935332,7.375332,7.165332,6.505332,6.575332,6.125332,7.845332,9.045332,6.755332,8.995332,6.705332,4.9753323,7.295332,7.455332,7.165332,5.665332,3.235332,7.985332,7.535332,6.265332,4.4753323,3.965332,4.155332,5.465332,2.8553321,0.33533204
-6.124668,-6.804668,-8.744668,-9.624668,-8.974668,-9.874668,-11.004668,-10.304668,-10.824668,-11.024668,-10.694668,-8.104668,-6.824668,-8.174668,-5.374668,-3.464668,-5.574668,-5.804668,-6.194668,-5.424668,-4.844668,-4.764668,-4.304668,-3.784668,-5.114668,-5.574668,-6.364668,-6.794668,-6.124668,-4.174668,-1.874668,0.93533206,4.565332,4.7453322,4.105332,5.385332,4.585332,5.615332,6.825332,10.525332,11.545332,9.7353325,10.075332,7.865332,11.565332,9.445332,6.275332,4.875332,2.6053321,7.035332,7.785332,7.915332,6.365332,3.775332,4.325332,3.055332,2.705332,7.165332,0.39533204
-7.364668,-8.304668,-7.234668,-8.374668,-10.7646675,-11.254668,-10.114668,-12.154668,-11.324668,-11.624668,-11.0146675,-8.574668,-7.054668,-6.204668,-6.294668,-5.324668,-4.434668,-7.124668,-6.984668,-7.644668,-5.264668,-5.904668,-7.264668,-7.424668,-5.744668,-6.824668,-6.574668,-5.864668,-5.114668,-2.694668,-1.5646679,0.655332,2.545332,2.405332,3.215332,3.425332,4.155332,3.955332,5.675332,8.285332,-0.13466796,6.915332,6.285332,8.425332,5.945332,6.045332,5.185332,3.165332,4.735332,5.025332,7.055332,6.635332,4.965332,5.175332,4.735332,1.1853321,0.29533204,5.135332,1.225332
-5.904668,-7.334668,-7.644668,-7.724668,-8.334668,-9.904668,-11.634668,-11.044668,-10.004668,-8.954668,-9.164668,-8.704668,-8.414668,-7.974668,-6.384668,-4.624668,-4.214668,-6.174668,-6.444668,-6.844668,-6.124668,-5.0246677,-5.224668,-8.124668,-9.214668,-8.574668,-7.634668,-7.064668,-4.724668,-3.794668,-1.5946679,0.25533202,1.365332,1.5353321,5.575332,7.2253323,7.485332,7.605332,4.595332,4.195332,5.585332,5.855332,6.485332,6.865332,5.175332,2.8553321,3.995332,6.675332,7.775332,6.085332,6.555332,4.565332,7.255332,6.465332,4.235332,4.065332,1.345332,1.645332,0.665332
