earth/public/data/weather/current/current-temp-isobaric-1000hPa-gfs-1.0.json
{"header": { "discipline":0, "disciplineName":"Meteorological products", "gribEdition":2, "gribLength":48952, "center":7, "centerName":"US National Weather Service - NCEP(WMC)", "subcenter":0, "refTime":"2019-07-06T18:00:00.000Z", "significanceOfRT":1, "significanceOfRTName":"Start of forecast", "productStatus":0, "productStatusName":"Operational products", "productType":1, "productTypeName":"Forecast products", "productDefinitionTemplate":0, "productDefinitionTemplateName":"Analysis/forecast at horizontal level/layer at a point in time", "parameterCategory":0, "parameterCategoryName":"Temperature", "parameterNumber":0, "parameterNumberName":"Temperature", "parameterUnit":"K", "genProcessType":2, "genProcessTypeName":"Forecast", "forecastTime":384, "surface1Type":1, "surface1TypeName":"Ground or water surface", "surface1Value":0.0, "surface2Type":255, "surface2TypeName":"Missing", "surface2Value":0.0, "gridDefinitionTemplate":0, "gridDefinitionTemplateName":"Latitude_Longitude", "numberPoints":65160, "shape":6, "shapeName":"Earth spherical with radius of 6,371,229.0 m", "gridUnits":"degrees", "resolution":48, "winds":"true", "scanMode":0, "nx":360, "ny":181, "basicAngle":0, "lo1":0.0, "la1":90.0, "lo2":359.0, "la2":-90.0, "dx":1.0, "dy":1.0 }, "data":
[rows 26 to 51 of 181, columns 0 to 59 of 360]
282.92218,283.22217,283.62216,283.92218,283.72217,283.72217,283.72217,284.02216,284.32217,284.22217,284.02216,283.22217,282.52216,280.62216,283.02216,284.82217,286.12216,287.22217,287.32217,287.22217,287.82217,287.22217,286.42218,284.82217,288.42218,288.02216,288.52216,288.22217,288.02216,288.72217,288.62216,288.62216,288.82217,288.12216,288.72217,288.82217,289.62216,284.72217,286.02216,291.52216,292.02216,292.12216,295.82217,296.02216,296.12216,296.12216,295.72217,295.12216,295.52216,294.92218,294.52216,294.62216,294.22217,294.52216,296.22217,295.22217,293.82217,291.12216,291.42218,289.12216
283.32217,283.42218,283.62216,283.92218,284.12216,284.42218,284.92218,284.32217,283.22217,280.62216,281.62216,281.22217,280.52216,280.52216,282.82217,285.32217,284.12216,284.72217,289.02216,287.42218,287.72217,286.22217,289.32217,289.82217,289.22217,289.52216,286.62216,289.82217,288.62216,288.82217,288.12216,289.12216,289.32217,289.42218,289.32217,290.42218,289.42218,291.22217,291.52216,291.92218,291.82217,295.22217,295.32217,296.12216,295.12216,295.02216,294.72217,294.52216,294.42218,294.02216,293.62216,294.32217,294.72217,293.82217,293.12216,293.32217,293.32217,292.92218,291.32217,289.62216
283.32217,283.52216,283.82217,284.52216,285.42218,285.02216,280.12216,280.92218,278.72217,281.52216,281.12216,283.22217,283.52216,282.82217,282.92218,284.02216,286.32217,288.12216,287.92218,287.52216,287.32217,286.92218,289.42218,289.82217,290.12216,289.52216,290.22217,290.52216,289.72217,290.22217,288.92218,289.02216,289.92218,290.82217,290.92218,288.72217,290.02216,290.12216,291.82217,292.12216,295.52216,294.42218,294.22217,294.72217,294.82217,294.32217,293.52216,293.92218,293.32217,294.22217,293.12216,293.22217,292.92218,293.12216,293.32217,292.82217,292.22217,292.22217,293.52216,289.22217
284.12216,284.32217,284.52216,284.92218,285.72217,284.32217,280.22217,282.12216,281.42218,280.02216,284.12216,287.02216,284.02216,284.02216,286.52216,286.72217,287.02216,289.02216,287.72217,287.32217,287.32217,287.42218,289.32217,289.12216,289.82217,290.02216,290.02216,290.32217,290.12216,290.62216,290.62216,288.42218,287.02216,289.82217,289.62216,288.92218,288.92218,291.92218,291.72217,295.02216,294.42218,293.62216,293.72217,294.12216,293.22217,293.72217,293.72217,293.62216,293.12216,293.42218,293.92218,292.72217,291.92218,291.22217,292.22217,291.52216,291.12216,290.82217,289.32217,288.22217
284.72217,285.02216,285.22217,285.42218,286.12216,286.92218,284.12216,281.12216,282.72217,284.42218,285.72217,284.92218,287.12216,289.22217,287.92218,288.22217,287.32217,286.52216,288.02216,287.72217,288.52216,288.42218,288.42218,289.32217,288.92218,287.92218,288.72217,289.62216,289.92218,289.12216,288.82217,290.52216,289.72217,290.12216,289.22217,291.52216,292.02216,292.32217,294.52216,294.02216,293.52216,293.12216,293.12216,293.12216,292.92218,291.62216,291.82217,292.32217,292.92218,293.22217,293.12216,292.42218,292.22217,291.72217,292.02216,291.42218,291.12216,291.12216,288.92218,288.42218
284.92218,285.22217,285.52216,285.92218,286.32217,287.02216,286.22217,280.72217,286.22217,288.32217,290.02216,289.12216,289.62216,288.82217,289.22217,287.92218,289.42218,288.82217,288.32217,288.62216,288.62216,288.62216,288.92218,289.22217,289.52216,289.12216,289.32217,290.62216,290.62216,290.82217,291.62216,291.12216,291.22217,291.22217,292.02216,292.02216,292.42218,294.72217,295.52216,292.32217,293.62216,292.82217,292.62216,291.82217,292.52216,292.02216,292.62216,292.12216,292.52216,292.62216,291.72217,291.52216,292.12216,291.62216,291.12216,291.52216,284.82217,290.82217,289.22217,289.12216
285.02216,285.62216,285.92218,285.92218,286.22217,286.52216,286.82217,287.52216,288.02216,288.02216,287.72217,288.12216,287.42218,287.42218,287.22217,287.12216,288.72217,288.82217,288.82217,290.82217,288.82217,288.82217,289.22217,290.72217,290.22217,289.52216,289.12216,290.02216,292.82217,290.12216,291.12216,291.82217,291.62216,292.32217,292.32217,292.52216,292.52216,292.32217,293.22217,292.02216,293.22217,292.22217,290.72217,293.82217,293.82217,293.02216,293.02216,292.42218,291.82217,291.42218,290.82217,290.82217,291.02216,291.12216,290.72217,290.92218,290.62216,290.42218,289.52216,289.02216
285.82217,286.32217,286.72217,286.72217,286.72217,286.72217,286.92218,287.12216,287.62216,288.12216,285.22217,289.22217,289.82217,286.42218,287.72217,286.82217,288.92218,289.22217,289.02216,288.82217,288.92218,289.12216,288.92218,289.12216,291.02216,289.42218,290.22217,290.62216,290.12216,291.12216,291.22217,291.62216,291.72217,292.22217,292.02216,292.52216,294.42218,294.22217,292.12216,293.22217,293.12216,291.82217,292.72217,292.32217,292.22217,292.32217,292.22217,291.22217,290.92218,290.42218,290.72217,291.42218,291.02216,291.32217,291.32217,290.62216,290.02216,289.72217,289.82217,289.12216
287.12216,287.12216,287.02216,287.02216,287.12216,287.12216,287.32217,287.72217,288.52216,285.52216,285.72217,290.02216,290.62216,286.52216,287.62216,289.12216,288.92218,288.82217,288.82217,289.22217,289.92218,290.32217,288.72217,289.42218,290.02216,290.22217,290.92218,290.82217,290.42218,291.82217,292.32217,291.82217,292.82217,292.52216,292.62216,292.62216,293.32217,292.42218,292.92218,292.72217,292.32217,292.42218,291.82217,290.82217,290.92218,290.32217,290.42218,290.42218,290.52216,289.92218,289.72217,289.32217,289.82217,290.92218,290.92218,290.92218,290.52216,290.02216,289.62216,289.12216
288.32217,288.12216,288.42218,288.32217,288.22217,288.02216,288.02216,288.32217,289.42218,285.92218,290.22217,290.02216,287.52216,289.82217,289.92218,289.82217,289.92218,290.02216,290.32217,290.72217,291.72217,290.92218,290.12216,290.12216,290.52216,290.52216,291.12216,290.12216,290.22217,291.62216,292.52216,291.92218,293.02216,292.72217,292.82217,293.52216,292.92218,292.02216,292.92218,291.52216,291.52216,291.22217,290.02216,291.62216,290.12216,289.12216,289.32217,290.82217,290.32217,292.42218,289.52216,288.32217,287.62216,288.12216,288.22217,289.42218,289.52216,289.22217,287.22217,287.22217
287.62216,287.92218,288.42218,288.92218,289.42218,289.62216,289.82217,289.92218,290.32217,287.22217,287.12216,289.02216,288.62216,289.02216,290.42218,290.42218,289.92218,289.72217,291.32217,291.32217,290.72217,290.32217,290.52216,291.02216,292.62216,290.72217,290.22217,288.62216,290.42218,292.32217,292.22217,293.12216,293.32217,293.32217,292.82217,292.72217,292.22217,291.32217,291.42218,290.42218,290.42218,290.52216,289.42218,289.82217,287.22217,288.22217,288.72217,288.32217,290.62216,292.82217,290.92218,289.92218,289.92218,288.62216,288.32217,287.62216,287.52216,286.82217,285.72217,287.22217
288.42218,288.92218,288.82217,288.72217,289.62216,291.12216,287.22217,287.12216,287.52216,288.62216,288.32217,290.32217,292.02216,291.52216,291.22217,290.82217,292.02216,291.92218,291.32217,291.82217,291.02216,291.02216,291.42218,291.52216,291.02216,289.62216,289.32217,290.92218,292.22217,293.82217,294.32217,294.02216,293.92218,293.82217,293.42218,292.32217,291.22217,290.82217,291.42218,291.22217,290.42218,288.32217,287.92218,288.02216,287.92218,289.32217,289.52216,289.92218,290.62216,291.62216,290.22217,290.82217,290.52216,290.62216,290.42218,289.12216,287.12216,287.22217,286.32217,289.72217
291.22217,290.22217,290.22217,290.42218,291.52216,289.92218,289.72217,290.02216,290.12216,287.72217,288.52216,290.22217,292.22217,292.32217,291.62216,293.72217,293.22217,291.92218,292.62216,292.52216,292.22217,292.52216,292.42218,292.02216,290.52216,289.62216,290.12216,292.22217,292.12216,293.82217,294.32217,294.92218,295.02216,294.02216,293.62216,292.72217,290.92218,291.02216,291.12216,290.82217,288.92218,287.62216,288.22217,288.02216,287.82217,288.72217,291.02216,292.22217,294.52216,293.82217,292.42218,291.62216,291.72217,291.42218,291.12216,290.32217,289.92218,288.02216,289.12216,290.42218
291.52216,290.72217,290.92218,291.42218,291.92218,291.52216,292.62216,294.62216,289.32217,290.42218,288.42218,289.62216,291.22217,291.12216,290.82217,290.32217,290.02216,292.62216,291.82217,292.62216,292.42218,291.72217,291.62216,289.42218,290.72217,290.22217,291.42218,294.02216,293.72217,294.12216,295.62216,295.02216,295.12216,294.22217,293.92218,293.02216,290.92218,291.02216,291.22217,290.72217,288.52216,287.02216,289.32217,289.52216,288.82217,289.12216,291.62216,292.42218,295.72217,295.92218,295.32217,294.62216,295.32217,295.22217,293.72217,292.62216,290.52216,289.12216,287.92218,291.12216
291.02216,292.02216,292.22217,293.32217,292.32217,290.92218,289.92218,289.32217,290.12216,293.12216,291.32217,291.22217,289.32217,289.62216,291.22217,291.42218,291.02216,288.92218,291.82217,293.02216,293.02216,291.02216,290.32217,290.82217,290.02216,291.02216,292.82217,293.82217,294.02216,294.62216,294.42218,295.02216,294.52216,294.62216,294.22217,293.82217,294.62216,292.32217,292.82217,291.52216,289.42218,287.72217,289.12216,290.52216,289.82217,291.22217,293.92218,294.32217,295.72217,299.12216,297.32217,298.62216,299.62216,298.02216,295.92218,294.92218,292.52216,289.62216,289.82217,291.92218
292.22217,293.22217,295.52216,293.12216,292.92218,291.12216,290.92218,292.92218,293.02216,292.72217,290.22217,290.42218,291.92218,289.42218,289.22217,290.22217,290.92218,292.52216,290.22217,287.32217,287.32217,290.22217,291.12216,290.02216,290.12216,292.82217,292.52216,295.02216,293.22217,293.72217,293.52216,293.32217,294.02216,293.92218,294.12216,294.22217,293.22217,293.72217,295.72217,294.02216,292.02216,290.12216,290.92218,293.02216,292.12216,294.02216,297.72217,296.22217,297.32217,299.92218,300.62216,303.32217,302.02216,300.22217,298.22217,296.62216,295.02216,293.52216,293.22217,291.72217
294.12216,293.92218,295.62216,295.42218,294.22217,291.72217,291.92218,288.22217,289.02216,289.02216,289.42218,289.12216,289.72217,288.92218,290.02216,287.12216,290.32217,291.82217,291.82217,288.62216,289.42218,293.02216,293.52216,293.52216,293.32217,290.12216,294.42218,296.02216,295.02216,294.42218,294.02216,294.52216,296.42218,296.52216,295.82217,295.12216,295.32217,297.42218,299.22217,293.92218,293.22217,293.82217,296.02216,296.12216,295.12216,298.62216,297.62216,300.02216,298.42218,301.22217,303.02216,303.32217,305.32217,302.72217,300.92218,297.42218,297.32217,296.32217,295.52216,292.92218
295.32217,295.12216,295.22217,294.32217,290.82217,294.02216,290.32217,290.42218,287.22217,283.82217,283.22217,279.22217,280.52216,282.02216,285.32217,287.22217,289.02216,290.12216,291.22217,290.42218,292.42218,295.02216,295.42218,293.22217,295.92218,290.82217,290.42218,293.82217,293.52216,294.72217,296.02216,297.02216,299.52216,297.02216,297.22217,296.12216,296.22217,295.22217,297.72217,297.32217,295.92218,294.52216,295.62216,296.62216,299.02216,299.82217,301.42218,299.72217,298.82217,302.92218,302.02216,300.22217,301.22217,304.42218,300.22217,301.02216,301.12216,297.32217,295.42218,295.92218
293.52216,293.92218,292.62216,291.42218,291.82217,292.82217,291.82217,281.52216,282.82217,290.82217,287.92218,289.22217,290.92218,292.82217,287.22217,289.82217,291.12216,289.12216,290.62216,292.52216,295.02216,297.62216,297.42218,292.52216,297.02216,293.52216,290.72217,293.62216,294.02216,295.52216,293.92218,297.22217,297.12216,297.22217,296.62216,298.62216,298.42218,298.52216,297.82217,297.02216,297.12216,296.52216,296.72217,299.12216,299.12216,299.42218,300.92218,299.22217,297.42218,299.62216,299.22217,299.12216,299.42218,302.02216,303.42218,298.72217,298.32217,298.02216,296.92218,295.02216
296.12216,295.72217,293.82217,289.92218,290.72217,295.12216,285.32217,286.92218,298.32217,296.92218,295.82217,294.22217,294.52216,300.62216,294.32217,289.62216,289.92218,290.42218,292.22217,296.02216,296.22217,297.52216,292.82217,295.22217,292.92218,292.62216,294.92218,294.12216,295.32217,295.02216,298.22217,298.02216,297.62216,297.52216,293.02216,291.32217,297.92218,298.72217,293.42218,299.92218,297.52216,296.42218,292.82217,295.72217,299.22217,298.52216,301.02216,299.52216,299.62216,298.62216,298.52216,300.62216,303.62216,304.12216,301.82217,298.42218,297.02216,294.92218,294.02216,297.72217
296.32217,296.42218,296.12216,293.42218,300.22217,298.82217,296.72217,292.32217,294.42218,299.82217,299.52216,294.82217,295.12216,300.62216,300.02216,299.12216,297.22217,288.92218,291.12216,290.42218,293.12216,296.92218,294.62216,299.92218,297.02216,296.32217,295.92218,294.02216,292.82217,298.52216,298.02216,297.92218,298.22217,298.32217,298.12216,298.22217,298.12216,298.32217,298.92218,299.52216,286.82217,290.52216,289.62216,292.02216,297.12216,300.72217,301.82217,295.72217,298.72217,297.42218,296.92218,298.22217,301.62216,301.82217,298.42218,297.52216,295.62216,294.32217,294.72217,297.02216
286.62216,291.92218,294.32217,297.62216,297.22217,298.52216,299.52216,300.02216,299.92218,300.12216,299.92218,296.62216,296.92218,292.02216,300.92218,299.42218,298.62216,298.62216,294.22217,287.72217,289.12216,291.52216,295.82217,292.22217,292.92218,292.42218,292.72217,290.72217,298.82217,298.82217,298.42218,298.52216,298.52216,298.12216,298.12216,298.22217,298.12216,298.22217,298.82217,299.62216,299.12216,295.72217,286.12216,274.72217,290.52216,290.82217,292.82217,295.92218,297.82217,297.02216,296.92218,296.12216,304.72217,301.62216,299.52216,297.32217,295.82217,295.52216,294.42218,292.12216
303.92218,301.02216,298.52216,299.32217,297.62216,298.22217,298.82217,299.52216,299.92218,289.52216,300.62216,299.02216,298.62216,294.52216,291.32217,299.82217,300.42218,299.52216,299.82217,300.12216,291.22217,291.92218,298.92218,294.32217,288.92218,296.92218,296.92218,291.52216,293.22217,299.12216,299.12216,299.22217,298.82217,298.22217,297.02216,293.62216,298.22217,298.52216,298.92218,299.22217,298.92218,299.22217,295.52216,291.42218,291.62216,290.92218,289.32217,280.62216,293.12216,296.82217,296.82217,296.92218,296.32217,303.72217,302.02216,299.32217,298.62216,297.82217,296.02216,294.82217
303.32217,298.82217,298.62216,299.02216,298.92218,299.02216,299.42218,299.72217,299.62216,295.22217,299.42218,299.82217,300.32217,300.52216,300.82217,299.52216,303.22217,304.52216,299.52216,299.22217,297.62216,293.12216,291.82217,296.12216,297.82217,297.32217,291.82217,296.52216,297.12216,298.32217,291.52216,290.32217,288.82217,289.22217,290.02216,287.92218,286.12216,289.12216,295.12216,292.82217,296.82217,288.02216,288.42218,286.72217,285.52216,290.32217,300.92218,299.72217,292.72217,293.82217,296.72217,297.12216,296.52216,301.12216,303.22217,301.32217,302.82217,299.52216,301.92218,300.82217
303.92218,299.22217,299.02216,299.32217,299.72217,299.52216,299.52216,299.72217,299.62216,297.32217,301.02216,301.32217,301.12216,301.22217,301.12216,301.22217,294.12216,300.72217,300.32217,298.92218,293.32217,290.12216,297.12216,300.12216,297.52216,298.02216,296.82217,292.22217,293.42218,291.52216,291.72217,294.52216,298.52216,296.22217,294.82217,289.62216,286.42218,285.42218,283.92218,286.82217,287.72217,289.82217,290.82217,289.62216,300.42218,289.42218,284.42218,298.32217,300.12216,302.22217,297.52216,297.22217,297.32217,305.22217,303.62216,305.22217,302.02216,303.32217,299.92218,298.72217
298.62216,299.02216,298.52216,298.42218,298.72217,298.92218,299.02216,299.22217,299.12216,299.62216,300.62216,302.22217,301.52216,301.92218,302.02216,302.02216,301.92218,300.72217,300.22217,299.92218,299.52216,297.32217,293.32217,298.62216,299.32217,296.22217,295.62216,299.02216,295.42218,294.42218,293.22217,296.22217,299.32217,299.52216,296.02216,291.82217,290.42218,287.82217,290.52216,296.22217,294.22217,291.12216,293.32217,289.92218,289.52216,302.02216,295.22217,297.82217,298.02216,300.02216,298.82217,298.02216,298.62216,300.72217,307.32217,304.52216,302.42218,305.72217,303.02216,299.82217
