earth/public/data/weather/current/current-wind-surface-level-gfs-1.0.json
{"header": { "discipline":0, "disciplineName":"Meteorological products", "gribEdition":2, "gribLength":81153, "center":7, "centerName":"US National Weather Service - NCEP(WMC)", "subcenter":0, "refTime":"2019-07-12T12:00:00.000Z", "significanceOfRT":1, "significanceOfRTName":"Start of forecast", "productStatus":0, "productStatusName":"Operational products", "productType":1, "productTypeName":"Forecast products", "productDefinitionTemplate":0, "productDefinitionTemplateName":"Analysis/forecast at horizontal level/layer at a point in time", "parameterCategory":2, "parameterCategoryName":"Momentum", "parameterNumber":3, "parameterNumberName":"V-component_of_wind", "parameterUnit":"m.s-1", "genProcessType":2, "genProcessTypeName":"Forecast", "forecastTime":0, "surface1Type":100, "surface1TypeName":"Isobaric surface", "surface1Value":80000.0, "surface2Type":255, "surface2TypeName":"Missing", "surface2Value":0.0, "gridDefinitionTemplate":0, "gridDefinitionTemplateName":"Latitude_Longitude", "numberPoints":65160, "shape":6, "shapeName":"Earth spherical with radius of 6,371,229.0 m", "gridUnits":"degrees", "resolution":48, "winds":"true", "scanMode":0, "nx":360, "ny":181, "basicAngle":0, "lo1":0.0, "la1":90.0, "lo2":359.0, "la2":-90.0, "dx":1.0, "dy":1.0 }, "data":
[rows 26 to 51 of 181, columns 290 to 347 of 360]
1.4750317,3.5950317,3.6650317,4.4050317,5.645032,7.5450315,17.435032,17.175032,15.095032,10.195032,10.055032,8.765032,6.3450317,5.995032,6.3650317,6.555032,6.5050316,5.975032,4.2150316,1.2650317,-0.5649683,1.0350318,3.1850317,2.8650317,2.4450316,1.5850317,-0.08496826,-0.31496826,-0.8149683,0.89503175,1.8950317,1.4550318,0.63503176,0.21503174,-0.05496826,-0.74496824,-0.60496825,2.1550317,0.31503174,-0.67496824,1.8550317,3.2050316,3.8850317,5.4650316,4.245032,3.3950317,2.6250317,2.6150317,1.7750317,1.9750317,0.8750317,3.6050317,3.2050316,-0.23496826,-0.77496827,-1.4949683,1.4850317,6.5750318
0.42503175,-0.30496827,1.6750318,3.0950317,3.8850317,6.3450317,9.905032,15.245031,14.325031,11.445032,8.575031,7.4050317,7.0750318,4.6150317,3.9450316,4.1750317,4.725032,4.7150316,4.785032,4.0750318,4.2150316,4.2950315,2.2250319,2.4550316,1.7050318,1.2450317,0.025031738,-0.044968262,-0.6349683,0.9950317,4.6550317,4.605032,4.0050316,2.9350317,0.70503175,-0.6349683,0.84503174,-1.3649683,-1.9349682,-2.6749682,-3.7649682,-0.6249683,2.8550317,2.9450316,3.4550316,3.5150318,1.6550317,2.7450318,1.3150318,0.63503176,-0.104968265,-0.99496824,0.88503176,0.7950317,0.5450317,1.9950317,4.185032,7.395032
-0.24496827,-0.74496824,-0.16496827,0.88503176,1.3450317,3.0450318,7.355032,7.145032,13.175032,12.895032,11.285031,7.475032,5.495032,4.3450317,1.9950317,1.0550318,1.0350318,2.4650316,3.6750317,5.125032,6.475032,7.015032,4.7150316,1.5950317,1.5850317,0.90503174,-0.40496826,0.18503174,3.4550316,3.5550318,2.9850318,3.6950316,3.5050318,3.1850317,2.0450318,-1.2349683,-1.7549683,-1.5549682,-2.3249683,-1.6849682,-1.7649683,-2.7149682,-1.2149682,0.35503173,2.4450316,4.145032,1.8850317,2.9050317,1.3250318,0.89503175,0.6850317,0.5450317,1.1950318,0.50503176,1.6350317,3.0550318,2.9750319,5.6550317
-0.33496827,-0.77496827,-1.2249683,-2.0949683,0.50503176,3.5050318,4.535032,4.375032,9.695032,13.065032,10.355032,8.055032,5.1350317,4.4450316,2.3050318,-0.38496825,-2.0149682,-2.3649683,0.17503174,2.9050317,5.2350316,7.4250317,7.3450317,4.395032,1.4450318,1.8450317,0.42503175,3.4250317,3.2750318,3.8350317,5.7350316,4.1950316,4.1150317,3.8350317,2.5150318,1.3650317,0.06503174,-0.86496824,-1.6849682,-1.7349683,-1.9149683,-2.0049682,-0.7549683,-0.60496825,-1.1649683,0.015031738,-0.7049683,-0.83496827,0.31503174,0.8650317,0.95503175,-0.03496826,1.0050317,2.2850318,2.5750318,1.6550317,2.6750317,3.6050317
-2.6149683,-2.7949684,-3.2949684,-2.4249682,-0.90496826,1.9850317,1.5750318,1.9950317,7.4050317,11.675032,12.125031,9.045032,5.6750317,5.0050316,3.3450317,0.81503177,-1.4749683,-3.2149682,-2.8949683,-1.0349683,1.6350317,4.5750318,6.8850317,4.785032,2.0150318,2.6950316,2.7050316,2.2650318,1.5650318,4.105032,3.6250317,4.8350315,3.3550317,3.4950318,3.9550316,4.0050316,2.4350317,1.8150318,1.8650317,0.70503175,-0.31496826,-0.7049683,-0.55496824,-0.014968262,0.64503175,0.41503173,0.15503174,0.12503174,0.17503174,0.5450317,1.2850318,0.8550317,-0.004968262,-0.06496826,2.3250318,1.6850318,1.9050317,3.3550317
-4.7049685,-4.1749682,-3.0849683,-2.6649683,-1.5249683,1.3850317,0.37503174,2.1950316,6.0850315,7.185032,8.435032,9.955031,5.1550317,5.185032,3.3950317,1.6150317,0.09503174,-1.2349683,-2.4849682,-2.4949682,-0.71496826,1.3150318,4.225032,1.5250317,-0.17496826,2.9750319,3.2250319,7.185032,5.6950316,4.665032,5.435032,4.415032,6.805032,4.5050316,3.4250317,3.3650317,2.9650316,1.6650318,2.4750319,2.7650318,2.6450317,2.4650316,2.3250318,2.1050317,1.9350318,2.2950318,2.5450318,2.0250318,1.5750318,0.9350317,0.77503175,-0.09496826,-0.8849683,-0.93496823,-0.02496826,0.39503175,-1.6149683,-2.2549682
-4.2449684,-4.254968,-2.6149683,-1.2049682,-1.7149682,3.2350318,2.3050318,5.285032,6.625032,8.765032,7.0650315,6.6350317,3.4050317,4.415032,2.7150316,1.2150317,0.03503174,-1.0349683,-2.1249683,-2.4749682,-1.7749683,0.21503174,0.63503176,-1.2149682,0.77503175,3.1750317,5.1350317,3.6950316,4.055032,3.2150316,3.2950318,4.625032,4.3250318,4.555032,3.5150318,3.4750319,3.4250317,3.4350317,3.8550317,4.475032,5.895032,6.415032,6.0850315,5.975032,5.455032,4.2950315,3.6050317,2.9050317,2.3150318,1.5850317,1.0350318,-0.11496826,-1.5049683,-1.4749683,-1.7849683,-1.5549682,-1.2049682,-0.84496826
-3.5849683,-1.0049683,0.11503174,-1.4449682,1.2250317,3.5050318,3.3550317,12.245031,10.065032,6.6550317,2.2750318,3.5450318,3.2950318,3.0550318,1.5850317,0.09503174,-0.68496823,-1.4949683,-2.5849683,-2.7049682,-1.4349682,-1.5349683,-1.9449682,1.6650318,1.2450317,2.7050316,1.9650317,1.8350317,2.8550317,3.0150318,3.8950317,3.4850318,2.8350317,2.9750319,2.8650317,2.1450317,2.1950316,2.9350317,2.3350317,4.0250316,5.955032,6.4250317,8.345032,10.405032,9.875031,7.665032,5.375032,3.1150317,2.6950316,2.1950316,2.4850318,-0.58496827,-2.2949684,-2.1749682,-2.7849684,-3.1349683,-2.6449683,-2.3049684
-1.0649682,0.78503174,1.5550318,3.0050318,3.5750318,4.0450315,6.2350316,9.035031,5.6350317,2.6350317,3.4750319,3.8650317,2.0950317,1.0850317,-0.37496826,-1.8349682,-1.9949683,-2.3149683,-2.2449682,-2.0149682,-2.8149683,-2.2149682,0.29503173,0.82503176,0.36503175,0.63503176,2.6950316,1.4350318,1.1350317,1.8050318,0.09503174,0.71503174,0.89503175,0.43503174,1.0150317,2.8650317,4.015032,3.4250317,6.875032,6.705032,8.715032,8.895032,10.925032,12.575031,11.445032,9.885032,8.295032,6.9450316,4.995032,3.6650317,2.3850317,1.1550317,-0.05496826,-1.6349683,-2.8149683,-3.7149682,-3.7249682,-3.3149683
3.2650318,3.1850317,3.7650318,4.3450317,4.355032,7.375032,7.305032,6.9650316,2.6050317,3.7050316,1.9050317,1.6650318,1.2850318,-0.43496826,-2.2249682,-3.2749681,-2.1849682,-1.7749683,-2.1649683,-2.4349682,-1.9249682,-3.6749682,-1.0049683,-0.91496825,-0.72496825,-0.20496826,0.30503175,1.3950317,0.72503173,-2.1649683,-4.444968,0.18503174,-0.18496826,0.97503173,2.0850317,6.1550317,8.655032,7.8450317,7.015032,8.505032,10.8350315,12.185032,13.435032,12.645032,11.0850315,9.495031,9.965032,9.175032,7.495032,5.3350315,3.8950317,2.0050318,0.40503174,-0.84496826,-2.1449683,-2.8149683,-3.3049684,-4.024968
4.9250317,5.9650316,6.3250318,6.7750316,8.155032,9.615032,6.745032,6.1550317,3.8250318,2.5550318,1.2550317,0.7950317,0.03503174,-1.6949682,-3.4749682,-3.4049683,-2.2049682,-2.6449683,-1.8649683,-1.2049682,-2.7349682,-3.3749683,-4.3049684,-3.4149683,-2.2549682,-2.7249682,-0.47496825,0.50503176,-2.3349683,-2.1549683,-1.8049682,-4.4349685,-5.024968,-0.6249683,2.2850318,8.5850315,5.625032,7.5250316,9.345032,11.655032,11.285031,12.415031,13.565032,13.715032,13.095032,12.305032,11.595032,10.025032,6.915032,5.705032,4.705032,2.7650318,1.0250317,-0.61496824,-2.0049682,-2.8649683,-2.8649683,-3.7349682
6.625032,8.545032,9.025032,10.915031,9.255032,7.415032,5.8150315,6.6550317,6.205032,3.2450318,1.1750318,0.075031735,-0.8249683,-2.6549683,-4.0549684,-4.104968,-3.4249682,-3.4849682,-3.6149683,-3.6849682,-1.8849683,-2.5149682,-3.6449683,-4.104968,-4.4049683,-3.4949682,-0.39496827,-2.9449682,-4.5149684,-1.6149683,-3.1449683,-5.814968,-3.0449684,0.0050317384,5.125032,8.295032,9.285031,10.495031,11.995031,14.185032,14.975032,14.635032,14.765032,14.465032,13.025032,12.0850315,11.965032,9.305032,6.4650316,4.9650316,3.2050316,1.6350317,0.9250317,-0.08496826,-0.7549683,-1.6749682,-2.3449683,-4.024968
12.025032,14.395032,9.545032,12.985032,8.575031,7.9450316,4.725032,3.9050317,5.7350316,5.205032,1.8250318,-1.1849682,-2.2849684,-3.7949684,-4.4949684,-4.694968,-5.2049685,-4.274968,-6.8449683,-3.6049683,-2.2649682,-2.8949683,-3.9949682,-4.3849683,-4.0549684,-3.4749682,-2.2949684,-6.234968,-5.814968,-3.2349682,-4.8049684,-2.9049683,1.0350318,4.165032,7.375032,10.995031,12.725032,13.435032,14.865032,15.495031,14.765032,15.235032,13.205031,12.665031,11.735032,9.635032,8.825031,5.8450317,3.8150318,3.5250318,-0.22496825,-0.33496827,-1.2749683,-2.0949683,-1.6549683,-1.3549683,-1.4149683,-2.4849682
10.955031,16.205032,15.455031,10.955031,11.165031,8.945032,6.6350317,4.0050316,4.2550316,3.9550316,2.1250317,-1.7749683,-2.8649683,-4.194968,-5.314968,-6.6849685,-6.524968,-6.8049684,-8.634968,-5.394968,-3.2849684,-3.0149682,-2.6149683,-3.5649683,-4.104968,-3.6849682,-3.1949682,-4.8049684,-3.9449682,-2.6649683,-2.4349682,1.7450317,4.415032,7.0850315,12.605032,14.935032,13.895032,13.675032,16.025032,16.625032,16.445032,13.865032,12.705031,13.065032,11.615032,9.255032,6.9250317,5.4250317,3.9150317,0.40503174,-1.1949682,-1.5149683,-2.5749683,-3.3349683,-3.9849682,-3.6349683,-2.4549682,-1.4149683
10.315032,16.525032,16.345032,13.675032,9.465032,10.065032,7.1550317,7.3450317,5.8250318,1.3150318,0.21503174,-1.5149683,-2.0849683,-3.5949683,-5.6749682,-7.064968,-7.834968,-7.984968,-9.944968,-7.4049683,-6.254968,-3.5749683,-0.65496826,-1.8149682,-3.2449682,-4.2649684,-5.0349684,-5.0549684,-3.0949683,-1.4149683,0.35503173,2.4750319,5.555032,8.015032,11.365032,13.5850315,18.445032,20.695032,20.825031,16.235031,14.805032,14.655032,13.475032,12.465032,10.355032,8.455031,4.6350317,2.9850318,1.3350317,-1.0049683,-2.1949682,-2.5849683,-3.6049683,-4.4949684,-4.1349683,-3.7249682,-3.7049682,-3.3749683
8.975032,15.315032,14.955031,11.445032,12.375031,8.815032,6.6150317,6.6150317,5.645032,1.2950318,-2.7349682,-3.1649683,-2.5349684,-2.7649682,-4.564968,-6.3449683,-7.8049684,-9.064968,-10.1649685,-8.784968,-8.084969,-4.7649684,-2.5749683,-1.2849683,-2.3949683,-4.964968,-5.2249684,-5.194968,-2.2849684,-0.5749683,0.81503177,4.0050316,9.215032,9.115032,17.165031,25.585032,23.385033,21.165031,17.465033,16.695032,16.965033,15.925032,14.995031,12.755032,9.575031,7.0650315,4.2150316,1.0750318,-1.0749682,-1.7149682,-2.1849682,-3.0849683,-4.1649685,-4.084968,-4.004968,-3.6149683,-2.8549683,-3.6149683
5.6950316,11.905032,12.045032,13.795032,16.385033,10.705031,5.645032,0.31503174,4.8350315,0.83503175,-5.1649685,-3.7049682,-3.3049684,-4.294968,-5.1649685,-7.1349683,-8.174969,-8.644968,-10.394968,-9.764968,-8.1649685,-6.4249682,-3.4949682,-3.7149682,-2.6649683,-4.4349685,-4.544968,-4.7449684,-3.8749683,-1.7649683,-1.6149683,3.0450318,7.975032,22.985031,23.395031,21.205032,21.885033,20.185032,19.795033,19.525032,19.205032,17.205032,14.995031,11.8350315,7.9850316,5.5950317,2.2650318,-0.9449683,-0.39496827,-0.99496824,-2.5749683,-4.6149683,-4.2249684,-2.6349683,-2.8949683,-3.6549683,-3.5749683,-3.5349684
6.705032,8.725032,10.815032,19.275032,19.625032,11.675032,3.7950318,-1.9449682,2.2650318,-0.66496825,-4.6849685,-3.8549683,-4.2449684,-4.0949683,-5.714968,-8.514968,-8.774968,-7.374968,-9.584969,-10.964969,-10.804968,-6.6549683,-5.8649683,-5.7449684,-3.9249682,-3.3049684,-5.874968,-6.1349683,-3.1549683,-2.7749681,1.4150318,4.995032,19.665031,25.665031,20.635033,22.72503,21.455032,20.185032,20.115032,20.005032,18.365032,15.995031,14.215032,10.935032,6.7750316,3.9450316,0.27503175,-1.7849683,-0.48496827,-0.92496824,-3.2049682,-3.9949682,-1.3849683,-0.49496827,-3.8349683,-4.814968,-3.8249683,-4.484968
4.6150317,5.5850315,12.395032,16.445032,18.625032,12.685032,9.485032,8.165031,3.1150317,-1.4549682,-4.644968,-3.3749683,-3.6749682,-5.9149685,-6.564968,-8.634968,-7.894968,-7.8249683,-9.824968,-10.494968,-11.564968,-8.814968,-7.044968,-7.1149683,-5.334968,-2.7449682,-5.274968,-8.334969,-10.534968,-7.294968,11.325031,13.295032,15.325031,25.765032,28.335032,24.205032,21.945032,20.645031,19.365032,18.925032,16.255032,14.755032,12.995031,9.645032,5.265032,1.9250318,-0.96496826,-2.6649683,-3.3649683,-2.4149683,-3.0349684,-3.4449682,-1.9549682,-2.0449684,-2.1549683,-3.8849683,-4.3849683,-3.8949683
2.5850317,5.725032,9.155032,16.515032,16.405031,10.425032,7.7550316,5.495032,0.66503173,-0.84496826,-2.7649682,-2.9749682,-3.4249682,-6.2649684,-7.8249683,-9.594968,-8.294969,-7.584968,-9.314968,-11.374969,-12.434968,-9.124969,-8.254969,-7.4049683,-4.544968,-4.8049684,-5.604968,-10.564968,-8.154968,7.8850317,15.565032,15.515032,17.235031,19.535032,27.965033,22.465033,20.705032,19.645031,18.195032,17.275032,14.575031,12.755032,11.055032,8.5850315,3.7750318,0.23503174,-1.3349682,-3.1149683,-4.8649683,-5.214968,-4.374968,-4.3849683,-4.3449683,-4.0349684,-3.4349682,-2.2049682,-1.7349683,-2.2249682
2.7950318,4.245032,11.595032,11.285031,14.555032,13.0850315,6.9850316,2.7550318,0.13503174,1.1850318,-0.6249683,-1.0849682,-2.8449683,-5.5749683,-7.874968,-8.554968,-6.734968,-7.9349685,-10.104968,-10.784968,-11.124969,-9.454968,-7.8449683,-7.2249684,-5.2649684,-3.1649683,-6.3649683,-6.484968,-1.5949683,7.455032,13.875031,12.575031,16.265032,20.885033,24.455032,19.905031,18.615032,18.335032,16.485031,15.505032,13.615032,11.445032,9.765032,7.3450317,2.9750319,-0.59496826,-2.5249681,-3.7149682,-4.984968,-7.194968,-5.8649683,-4.354968,-4.9549685,-4.3249683,-2.2649682,-1.8149682,-0.5649683,-1.4049683
2.3450317,12.255032,11.925032,12.0850315,10.115032,11.185032,5.495032,1.3750317,1.1450317,1.3250318,0.7450317,-0.6249683,-2.7349682,-5.234968,-7.8049684,-8.604968,-6.834968,-7.6549683,-9.504969,-9.894968,-9.534968,-8.264968,-8.054968,-7.194968,-4.2849684,-0.28496826,-5.1149683,-5.644968,1.9750317,8.275032,13.795032,13.875031,16.47503,22.615032,22.955032,19.145031,17.085032,17.175032,14.885032,14.0850315,12.695032,10.805032,9.015032,6.475032,3.3250318,-0.7549683,-2.4349682,-4.024968,-5.5749683,-6.854968,-6.8849683,-6.354968,-5.1149683,-2.8749683,-2.8149683,-1.8549683,-0.8949683,-0.58496827
14.815032,13.705031,11.885032,11.325031,7.725032,9.945032,5.6950316,0.6150317,1.2250317,1.0550318,0.91503173,-0.8849683,-3.0549684,-5.5949683,-6.604968,-7.2849684,-7.6349683,-7.3849683,-8.694968,-10.014968,-9.074968,-10.094968,-7.1349683,-6.1349683,-4.8649683,0.25503173,-3.0949683,-3.2049682,-2.0949683,7.285032,12.025032,14.5850315,16.345032,23.355032,20.235031,16.485031,15.815032,15.155032,12.975032,12.665031,11.315032,9.675032,7.5850315,5.4650316,3.2050316,0.56503177,-2.7649682,-4.2649684,-5.3649683,-6.9949684,-6.8049684,-7.044968,-5.604968,-4.5149684,-4.394968,-2.9749682,-3.2549682,-0.18496826
17.285032,16.285032,13.355032,11.605032,7.3650317,8.125031,5.4450316,1.1350317,1.0650318,0.30503175,-0.83496827,-1.2349683,-3.1049683,-5.5149684,-6.214968,-6.3049684,-7.0149684,-7.694968,-7.964968,-5.9549685,-8.454968,-9.494968,-6.0949683,-4.734968,-0.65496826,-0.7549683,-3.0649683,-2.5449684,-0.78496826,7.645032,14.185032,13.025032,17.30503,16.645031,16.135033,13.985032,13.745031,12.015032,11.635032,11.775032,10.595032,7.855032,5.9450316,3.9150317,1.9250318,0.13503174,-2.2149682,-4.1549683,-5.484968,-7.0749683,-7.5349684,-7.6849685,-7.0149684,-7.2449684,-6.4249682,-5.1549683,-1.3649683,1.7950318
13.925032,14.075031,14.175032,10.385032,7.9650316,6.355032,6.2550316,2.5250318,0.65503174,-0.13496827,-2.1249683,-2.4249682,-4.1749682,-5.794968,-6.5349684,-5.774968,-5.834968,-6.1149683,-7.0149684,-7.7249684,-7.8049684,-8.584969,-5.944968,-5.484968,-4.274968,-2.6149683,-3.5749683,-0.90496826,5.5050316,12.355032,12.765032,14.935032,19.985031,15.165031,12.935032,11.725032,9.885032,9.605032,10.245031,11.075031,8.865032,6.8450317,5.0650315,2.1050317,0.18503174,-1.1849682,-2.0049682,-3.2449682,-4.6649685,-6.5149684,-8.544969,-9.4149685,-9.354968,-8.304968,-7.3849683,-4.084968,-1.2549683,0.025031738
11.135032,13.705031,12.0850315,10.155032,8.845032,5.8850317,4.3150315,4.875032,0.6250317,-1.1449683,-2.7649682,-3.7649682,-4.3249683,-5.394968,-6.2049685,-6.4349685,-5.3449683,-5.604968,-6.2049685,-5.5549684,-4.9949684,-4.604968,-6.2849684,-5.524968,-3.2749681,-1.5249683,1.3850317,6.625032,9.535031,11.105032,14.195032,15.555032,15.485032,12.795032,11.115032,9.685032,6.8150315,7.535032,8.745031,9.755032,7.535032,6.515032,3.5450318,1.4350318,-0.8849683,-2.1449683,-2.7649682,-3.6749682,-4.334968,-5.8049684,-9.024968,-11.194968,-10.844968,-9.974968,-7.004968,-4.834968,-3.5549684,-2.8749683
